vehicle;ride;pos;ws;marker;time_delay
Vehicle_11;8568201;0;20;b2;1.7400000095367432
Vehicle_11;8568201;1;20;b2;1.7400000095367432
Vehicle_11;8568201;2;20;b2;1.7400000095367432
Vehicle_11;8568201;3;20;b24;1.7400000095367432
Vehicle_11;8568201;4;20;b24;1.7400000095367432
Vehicle_11;8568201;5;20;b24;1.498999834060669
Vehicle_11;8568201;6;20;e84;1.498999834060669
Vehicle_11;8568201;7;20;e84;1.4639999866485596
Vehicle_11;8568201;8;20;e84;1.4639999866485596
Vehicle_11;8568201;9;20;e84;1.4639999866485596
Vehicle_11;8568201;10;20;e84;1.4639999866485596
Vehicle_11;8568201;11;20;e84;1.4639999866485596
Vehicle_11;8568201;12;20;e84;1.4219999313354492
Vehicle_11;8568201;13;20;ed;1.4219999313354492
Vehicle_11;8568201;14;20;ed;1.4219999313354492
Vehicle_11;8568201;15;20;ed;1.4219999313354492
Vehicle_11;8568201;16;20;ed;1.4219999313354492
Vehicle_11;8568201;17;20;ed;1.4219999313354492
Vehicle_11;8568201;18;20;ed;1.4219999313354492
Vehicle_11;8568201;19;20;ed;1.4219999313354492
Vehicle_11;8568201;20;20;b7e;1.559000015258789
Vehicle_11;8568201;21;20;b7e;1.559000015258789
Vehicle_11;8568201;22;20;b2;1.7780001163482666
Vehicle_11;8568201;23;20;e;1.7780001163482666
Vehicle_11;8568201;24;20;e8;1.7780001163482666
Vehicle_11;8568201;25;20;e8;1.7780001163482666
Vehicle_11;8568201;26;20;e8;1.7780001163482666
Vehicle_11;8568201;27;20;e8;1.7780001163482666
Vehicle_11;8568201;28;20;e8;1.7780001163482666
Vehicle_11;8568201;29;20;e;1.7780001163482666
Vehicle_11;8568201;30;20;e;1.7780001163482666
Vehicle_11;8568201;31;20;e;1.7780001163482666
Vehicle_11;8568201;32;20;e;1.7780001163482666
Vehicle_11;8568201;33;20;e;1.7780001163482666
Vehicle_11;8568201;34;20;e;1.7780001163482666
Vehicle_11;8568201;35;20;e;1.7780001163482666
Vehicle_11;8568201;36;20;e;1.7780001163482666
Vehicle_11;8568201;37;20;b2;1.7780001163482666
Vehicle_11;8568201;38;20;b2124;1.7780001163482666
Vehicle_11;8568201;39;20;b2124;1.7780001163482666
Vehicle_11;8568201;40;20;b2;1.7780001163482666
Vehicle_11;8568201;41;20;e;1.440000057220459
Vehicle_11;8568201;42;20;e;1.440000057220459
Vehicle_11;8568201;43;20;e;1.440000057220459
Vehicle_11;8568201;44;20;e;1.440000057220459
Vehicle_11;8568201;45;20;e;1.440000057220459
Vehicle_11;8568201;46;20;e;1.440000057220459
Vehicle_11;8568201;47;20;e;1.440000057220459
Vehicle_11;8568201;48;20;e;1.440000057220459
Vehicle_11;8568201;49;20;e;1.440000057220459
Vehicle_11;8568201;50;20;ede;1.440000057220459
Vehicle_11;8568201;51;20;ede;1.440000057220459
Vehicle_11;8568201;52;20;ede;1.4219999313354492
Vehicle_11;8568201;53;20;ede;1.4219999313354492
Vehicle_11;8568201;54;20;e8;1.4219999313354492
Vehicle_11;8568201;55;20;ede8;1.4219999313354492
Vehicle_11;8568201;56;20;e8;1.4219999313354492
Vehicle_11;8568201;57;20;e84;1.4219999313354492
Vehicle_11;8568201;58;20;e848;1.4219999313354492
Vehicle_11;8568201;59;20;e848;1.4219999313354492
Vehicle_11;8568201;60;20;e848;1.4219999313354492
Vehicle_11;8568201;61;20;e848;1.4219999313354492
Vehicle_11;8568201;62;20;e848;1.4219999313354492
Vehicle_11;8568201;63;20;e84;1.4219999313354492
Vehicle_11;8568201;64;20;e84;1.4219999313354492
Vehicle_11;8568201;65;20;e;1.4219999313354492
Vehicle_11;8568201;66;20;e;1.4219999313354492
Vehicle_11;8568201;67;20;b2;1.4219999313354492
Vehicle_11;8568201;68;20;b212;1.4219999313354492
Vehicle_11;8568201;69;20;b21212;1.4219999313354492
Vehicle_11;8568201;70;20;b212;1.4219999313354492
Vehicle_11;8568201;71;20;ede;1.4219999313354492
Vehicle_11;8568201;72;20;ede;1.4219999313354492
Vehicle_11;8568201;73;20;ede;1.4219999313354492
Vehicle_11;8568201;74;20;ede;1.4219999313354492
Vehicle_11;8568201;75;20;e;1.4219999313354492
Vehicle_11;8568201;76;20;ed;1.4219999313354492
Vehicle_11;8568201;77;20;ed;1.4219999313354492
Vehicle_11;8568201;78;20;ed;1.439000129699707
Vehicle_11;8568201;79;20;edb;1.439000129699707
Vehicle_11;8568201;80;20;edb;1.439000129699707
Vehicle_11;8568201;81;20;edb2;1.439000129699707
Vehicle_11;8568201;82;20;edb2;1.439000129699707
Vehicle_11;8568201;83;20;edb2;1.440999984741211
Vehicle_11;8568201;84;20;b24;1.440999984741211
Vehicle_11;8568201;85;20;b24;1.440999984741211
Vehicle_11;8568201;86;20;b24;1.440999984741211
Vehicle_11;8568201;87;20;b24;1.440999984741211
Vehicle_11;8568201;88;20;b24;1.440999984741211
Vehicle_11;8568201;89;20;b24;1.440999984741211
Vehicle_11;8568201;90;20;b24;1.440999984741211
Vehicle_11;8568201;91;20;b24ded;1.440999984741211
Vehicle_11;8568201;92;20;b24ded;3.0510001182556152
Vehicle_11;8568201;93;20;b24dedede;3.0510001182556152
Vehicle_11;8568201;94;20;e812;3.0510001182556152
Vehicle_11;8568201;95;20;e812;3.0510001182556152
Vehicle_11;8568201;96;20;e812;3.0510001182556152
Vehicle_11;8568201;97;20;b217;3.0510001182556152
Vehicle_11;8568201;98;20;edb;3.0510001182556152
Vehicle_11;8568201;99;20;edb;3.0510001182556152
Vehicle_11;8568201;100;20;e84;3.0510001182556152
Vehicle_11;8568201;101;20;e84;3.0510001182556152
Vehicle_11;8568201;102;20;e8;3.0510001182556152
Vehicle_11;8568201;103;20;e8;3.0510001182556152
Vehicle_11;8568201;104;20;e;3.0510001182556152
Vehicle_11;8568201;105;20;e;3.0510001182556152
Vehicle_11;8568201;106;20;e;3.0510001182556152
Vehicle_11;8568201;107;20;b7e;3.0510001182556152
Vehicle_11;8568201;108;20;b2;3.0510001182556152
Vehicle_11;8568201;109;20;b2;3.0510001182556152
Vehicle_11;8568201;110;20;b212;3.0510001182556152
Vehicle_11;8568201;111;20;b2;2.19599986076355
Vehicle_11;8568201;112;20;b212;2.19599986076355
Vehicle_11;8568201;113;20;e;2.19599986076355
Vehicle_11;8568201;114;20;e;2.19599986076355
Vehicle_11;8568201;115;20;e;2.19599986076355
Vehicle_11;8568201;116;20;e;1.49399995803833
Vehicle_11;8568201;117;20;e8;1.49399995803833
Vehicle_11;8568201;118;20;e8;1.49399995803833
Vehicle_11;8568201;119;20;e;1.438999891281128
Vehicle_11;8568201;120;20;e;1.438999891281128
Vehicle_11;8568201;121;20;e;1.438999891281128
Vehicle_11;8568201;122;20;e;1.5229997634887695
Vehicle_11;8568201;123;20;e;1.5229997634887695
Vehicle_11;8568201;124;20;e;1.5229997634887695
Vehicle_11;8568201;125;20;b7e;1.5229997634887695
Vehicle_11;8568201;126;20;b2;1.741999864578247
Vehicle_11;8568201;127;20;b2;1.741999864578247
Vehicle_11;8568201;128;20;e;1.741999864578247
Vehicle_11;8568201;129;20;ed;1.741999864578247
Vehicle_11;8568201;130;20;edb;1.741999864578247
Vehicle_11;8568201;131;20;edb;1.741999864578247
Vehicle_11;8568201;132;20;edb;1.741999864578247
Vehicle_11;8568201;133;20;edb;2.0890002250671387
Vehicle_11;8568201;134;20;edb;2.0890002250671387
Vehicle_11;8568201;135;20;edb;2.0890002250671387
Vehicle_11;8568201;136;20;edb;2.0890002250671387
Vehicle_11;8568201;137;20;edb;2.0890002250671387
Vehicle_11;8568201;138;20;e8;2.0890002250671387
Vehicle_11;8568201;139;20;e8;2.0890002250671387
Vehicle_11;8568201;140;20;b2;2.0890002250671387
Vehicle_11;8568201;141;20;edb2;2.0890002250671387
Vehicle_11;8568201;142;20;e81;2.0890002250671387
Vehicle_11;8568201;143;20;e81;2.0890002250671387
Vehicle_11;8568201;144;20;e81;2.0890002250671387
Vehicle_11;8568201;145;20;b2;2.0890002250671387
Vehicle_11;8568201;146;20;b2;2.0890002250671387
Vehicle_11;8568201;147;20;b2;2.0890002250671387
Vehicle_11;8568201;148;20;ede;2.0890002250671387
Vehicle_11;8568201;149;20;e;2.0890002250671387
Vehicle_11;8568201;150;20;e;2.0890002250671387
Vehicle_11;8568201;151;20;e;2.0890002250671387
Vehicle_11;8568201;152;20;e;2.0769999027252197
Vehicle_11;8568201;153;20;e;2.0769999027252197
Vehicle_11;8568201;154;20;e;2.0769999027252197
Vehicle_11;8568201;155;20;e;2.0769999027252197
Vehicle_11;8568201;156;20;e;2.0769999027252197
Vehicle_11;8568201;157;20;e;2.0769999027252197
Vehicle_11;8568201;158;20;e;2.0769999027252197
Vehicle_11;8568201;159;20;e;2.0769999027252197
Vehicle_11;8568201;160;20;e;2.0769999027252197
Vehicle_11;8568201;161;20;e;2.0769999027252197
Vehicle_11;8568201;162;20;ede;2.0769999027252197
Vehicle_11;8568201;163;20;b212;2.0769999027252197
Vehicle_11;8568201;164;20;b2;2.0769999027252197
Vehicle_11;8568201;165;20;e;2.0769999027252197
Vehicle_11;8568201;166;20;e8;2.0769999027252197
Vehicle_11;8568201;167;20;e8;2.0769999027252197
Vehicle_11;8568201;168;20;e8;2.0769999027252197
Vehicle_11;8568201;169;20;e8;1.6549999713897705
Vehicle_11;8568201;170;20;e8;1.6549999713897705
Vehicle_11;8568201;171;20;e848;1.6549999713897705
Vehicle_11;8568201;172;20;e;1.6549999713897705
Vehicle_11;8568201;173;20;e;1.6549999713897705
Vehicle_11;8568201;174;20;e;1.6549999713897705
Vehicle_11;8568201;175;20;e;1.5
Vehicle_11;8568201;176;20;e;1.5
Vehicle_11;8568201;177;20;b2;1.5
Vehicle_11;8568201;178;20;b2;1.5
Vehicle_11;8568201;179;20;b2;1.5
Vehicle_11;8568201;180;20;e;1.5
Vehicle_11;8568201;181;20;b2;1.5
Vehicle_11;8568201;182;20;eded;1.5
Vehicle_11;8568201;183;20;eded;1.5
Vehicle_11;8568201;184;20;ededede;1.5
Vehicle_11;8568201;185;20;ede8;1.440999984741211
Vehicle_11;8568201;186;20;ede;2.017000198364258
Vehicle_11;8568201;187;20;ede8;2.017000198364258
Vehicle_11;8568201;188;20;ede8;2.017000198364258
Vehicle_11;8568201;189;20;e8;2.017000198364258
Vehicle_11;8568201;190;20;e8;2.017000198364258
Vehicle_11;8568201;191;20;e8;2.017000198364258
Vehicle_11;8568201;192;20;e8;2.017000198364258
Vehicle_11;8568201;193;20;e8;2.017000198364258
Vehicle_11;8568201;194;20;e8;2.017000198364258
Vehicle_11;8568201;195;20;e84;2.017000198364258
Vehicle_11;8568201;196;20;e84;2.017000198364258
Vehicle_11;8568201;197;20;e84;2.017000198364258
Vehicle_11;8568201;198;20;e;2.017000198364258
Vehicle_11;8568201;199;20;b212;2.017000198364258
Vehicle_11;8568201;200;20;b212;2.017000198364258
Vehicle_11;8568201;201;20;b21212;2.017000198364258
Vehicle_11;8568201;202;20;edede;2.017000198364258
Vehicle_11;8568201;203;20;ede;2.017000198364258
Vehicle_11;8568201;204;20;ede;2.017000198364258
Vehicle_11;8568201;205;20;edede;1.440999984741211
Vehicle_11;8568201;206;20;eded;1.440999984741211
Vehicle_11;8568201;207;20;eded;1.440999984741211
Vehicle_11;8568201;208;20;eded;1.440999984741211
Vehicle_11;8568201;209;20;eded;1.440999984741211
Vehicle_11;8568201;210;20;ed;1.9399998188018799
Vehicle_11;8568201;211;20;ed;1.9399998188018799
Vehicle_11;8568201;212;20;e;1.9399998188018799
Vehicle_11;8568201;213;20;e;1.9399998188018799
Vehicle_11;8568201;214;20;e;1.9399998188018799
Vehicle_11;8568201;215;20;e;1.9399998188018799
Vehicle_11;8568201;216;20;e;1.9399998188018799
Vehicle_11;8568201;217;20;e;1.9399998188018799
Vehicle_11;8568201;218;20;e;1.9399998188018799
Vehicle_11;8568201;219;20;e;1.9399998188018799
Vehicle_11;8568201;220;20;e;1.9399998188018799
Vehicle_11;8568201;221;20;e;1.9399998188018799
Vehicle_11;8568201;222;20;e;1.9399998188018799
Vehicle_11;8568201;223;20;e;1.9399998188018799
Vehicle_11;8568201;224;20;e;1.9399998188018799
Vehicle_11;8568201;225;20;e;1.9399998188018799
Vehicle_11;8568201;226;20;e;1.9399998188018799
Vehicle_11;8568201;227;20;e;1.9399998188018799
Vehicle_11;8568201;228;20;ede;1.9399998188018799
Vehicle_11;8568201;229;20;eded;1.4399998188018799
Vehicle_11;8568201;230;20;edede;1.4399998188018799
Vehicle_11;8568201;231;20;edede;1.4399998188018799
Vehicle_11;8568201;232;20;edede;1.4399998188018799
Vehicle_11;8568201;233;20;ede8;1.4399998188018799
Vehicle_11;8568201;234;20;e8;1.4399998188018799
Vehicle_11;8568201;235;20;e8;1.4399998188018799
Vehicle_11;8568201;236;20;e8;1.4399998188018799
Vehicle_11;8568201;237;20;e8;1.440000057220459
Vehicle_11;8568201;238;20;e8;1.440000057220459
Vehicle_11;8568201;239;20;e;1.440000057220459
Vehicle_11;8568201;240;20;e;1.440000057220459
Vehicle_11;8568201;241;20;e;1.440999984741211
Vehicle_11;8568201;242;20;e;1.440999984741211
Vehicle_11;8568201;243;20;b7e;1.440999984741211
Vehicle_11;8568201;244;20;b2;1.440999984741211
Vehicle_11;8568201;245;20;b2;1.440999984741211
Vehicle_11;8568201;246;20;b2;1.440999984741211
Vehicle_11;8568201;247;20;b2;1.440999984741211
Vehicle_11;8568201;248;20;b2;1.440999984741211
Vehicle_11;8568201;249;20;ede;1.440999984741211
Vehicle_11;8568201;250;20;e;1.440999984741211
Vehicle_11;8568201;251;20;e;1.440999984741211
Vehicle_11;8568201;252;20;e;2.506999969482422
Vehicle_11;8568201;253;20;e;2.506999969482422
Vehicle_11;8568201;254;20;e;2.506999969482422
Vehicle_11;8568201;255;20;e8;2.506999969482422
Vehicle_11;8568201;256;20;e84;2.506999969482422
Vehicle_11;8568201;257;20;e84;2.506999969482422
Vehicle_11;8568201;258;20;e8;2.506999969482422
Vehicle_11;8568201;259;20;e8;2.506999969482422
Vehicle_11;8568201;260;20;e8;2.506999969482422
Vehicle_11;8568201;261;20;e848;2.506999969482422
Vehicle_11;8568201;262;20;e84;2.506999969482422
Vehicle_11;8568201;263;20;e;2.506999969482422
Vehicle_11;8568201;264;20;e;2.506999969482422
Vehicle_11;8568201;265;20;e;2.506999969482422
Vehicle_11;8568201;266;20;e;2.506999969482422
Vehicle_11;8568201;267;20;ede;2.506999969482422
Vehicle_11;8568201;268;20;ede;2.506999969482422
Vehicle_11;8568201;269;20;ede;2.506999969482422
Vehicle_11;8568201;270;20;e;2.506999969482422
Vehicle_11;8568201;271;20;e;1.440000057220459
Vehicle_11;8568201;272;20;ededed;1.440000057220459
Vehicle_11;8568201;273;20;ededede;1.440000057220459
Vehicle_11;8568201;274;20;edededede;1.440000057220459
Vehicle_11;8568201;275;20;e;1.440000057220459
Vehicle_11;8568201;276;20;e;1.440000057220459
Vehicle_11;8568201;277;20;e;1.440000057220459
Vehicle_11;8568201;278;20;e;1.440000057220459
Vehicle_11;8568201;279;20;e;1.440000057220459
Vehicle_11;8568201;280;20;ed;1.440000057220459
Vehicle_11;8568201;281;20;ed;1.440000057220459
Vehicle_11;8568201;282;20;ed;1.440000057220459
Vehicle_11;8568201;283;20;edb;1.440000057220459
Vehicle_11;8568201;284;20;edb;1.440000057220459
Vehicle_11;8568201;285;20;edb;1.440000057220459
Vehicle_11;8568201;286;20;edb;1.440000057220459
Vehicle_11;8568201;287;20;ededb;1.440000057220459
Vehicle_11;8568201;288;20;ede8;1.440000057220459
Vehicle_11;8568201;289;20;ede8;1.440000057220459
Vehicle_11;8568201;290;20;b7e8;1.440000057220459
Vehicle_11;8568201;291;20;e81;1.440000057220459
Vehicle_11;8568201;292;20;b7e81;1.440000057220459
Vehicle_11;8568201;293;20;b7e81;1.440000057220459
Vehicle_11;8568201;294;20;b24db;1.440000057220459
Vehicle_11;8568201;295;20;e817;1.440000057220459
Vehicle_11;8568201;296;20;e817;1.440000057220459
Vehicle_11;8568201;297;20;b24d;1.440000057220459
Vehicle_11;8568201;298;20;b24d;1.440000057220459
Vehicle_11;8568201;299;20;e81;1.440000057220459
Vehicle_11;8568201;300;20;e81;1.440000057220459
Vehicle_11;8568201;301;20;e81;1.440000057220459
Vehicle_11;8568201;302;20;e81;1.440000057220459
Vehicle_11;8568201;303;20;e81;1.440000057220459
Vehicle_11;8568201;304;20;e81;1.440000057220459
Vehicle_11;8568201;305;20;e81;1.439000129699707
Vehicle_11;8568201;306;20;b21;1.439000129699707
Vehicle_11;8568201;307;20;b21;1.439000129699707
Vehicle_11;8568201;308;20;b21;1.439000129699707
Vehicle_11;8568201;309;20;b217;1.440000057220459
Vehicle_11;8568201;310;20;edb;1.440000057220459
Vehicle_11;8568201;311;20;edb;1.440000057220459
Vehicle_11;8568201;312;20;edb;1.440000057220459
Vehicle_11;8568201;313;20;e8;1.440000057220459
Vehicle_11;8568201;314;20;e8;1.440000057220459
Vehicle_11;8568201;315;20;e8;1.440000057220459
Vehicle_11;8568201;316;20;e8;1.440999984741211
Vehicle_11;8568201;317;20;b7e8;1.440999984741211
Vehicle_11;8568201;318;20;b2;1.440999984741211
Vehicle_11;8568201;319;20;e81;1.440999984741211
Vehicle_11;8568201;320;20;e81;1.440999984741211
Vehicle_11;8568201;321;20;e81;1.440999984741211
Vehicle_11;8568201;322;20;e81;1.440999984741211
Vehicle_11;8568201;323;20;e81;1.440999984741211
Vehicle_11;8568201;324;20;b2;1.440999984741211
Vehicle_11;8568201;325;20;b2;1.440999984741211
Vehicle_11;8568201;326;20;b2;1.440999984741211
Vehicle_11;8568201;327;20;ed;1.440999984741211
Vehicle_11;8568201;328;20;ed;1.440999984741211
Vehicle_11;8568201;329;20;ed;1.4479999542236328
Vehicle_11;8568201;330;20;ed;1.4479999542236328
Vehicle_11;8568201;331;20;ed;1.4479999542236328
Vehicle_11;8568201;332;20;ed;1.4479999542236328
Vehicle_11;8568201;333;20;ed;1.4479999542236328
Vehicle_11;8568201;334;20;e;1.4479999542236328
Vehicle_11;8568201;335;20;e;1.4479999542236328
Vehicle_11;8568201;336;20;ed;1.4479999542236328
Vehicle_11;8568201;337;20;ed;1.4479999542236328
Vehicle_11;8568201;338;20;ede;1.4479999542236328
Vehicle_11;8568201;339;20;ede;1.4479999542236328
Vehicle_11;8568201;340;20;ede;1.4479999542236328
Vehicle_11;8568201;341;20;edede;1.4479999542236328
Vehicle_11;8568201;342;20;ede;1.4479999542236328
Vehicle_11;8568201;343;20;e8;1.4479999542236328
Vehicle_11;8568201;344;20;e8;1.4479999542236328
Vehicle_11;8568201;345;20;e;1.4479999542236328
Vehicle_11;8568201;346;20;e;1.4479999542236328
Vehicle_11;8568201;347;20;e;1.4479999542236328
Vehicle_11;8568201;348;20;b7e;1.440999984741211
Vehicle_11;8568201;349;20;b7e;1.440999984741211
Vehicle_11;8568201;350;20;b7e;1.440999984741211
Vehicle_11;8568201;351;20;b7e;1.440999984741211
Vehicle_11;8568201;352;20;b7e;1.440999984741211
Vehicle_11;8568201;353;20;b2;1.440999984741211
Vehicle_11;8568201;354;20;b2;1.440999984741211
Vehicle_11;8568201;355;20;b2;1.440999984741211
Vehicle_11;8568201;356;20;b212;1.440999984741211
Vehicle_11;8568201;357;20;ede;1.440000057220459
Vehicle_11;8568201;358;20;ede;1.440000057220459
Vehicle_11;8568201;359;20;ede;1.440000057220459
Vehicle_11;8568201;360;20;edede;1.440000057220459
Vehicle_11;8568201;361;20;edede;1.440000057220459
Vehicle_11;8568201;362;20;e;1.440000057220459
Vehicle_11;8568201;363;20;e8;1.440000057220459
Vehicle_11;8568201;364;20;e8;1.440000057220459
Vehicle_11;8568201;365;20;e84;1.440000057220459
Vehicle_11;8568201;366;20;e;1.440000057220459
Vehicle_11;8568201;367;20;e;1.440000057220459
Vehicle_11;8568201;368;20;e;1.440000057220459
Vehicle_11;8568201;369;20;e;1.440000057220459
Vehicle_11;8568201;370;20;e;1.440000057220459
Vehicle_11;8568201;371;20;e;1.440000057220459
Vehicle_11;8568201;372;20;e;1.440000057220459
Vehicle_11;8568201;373;20;e;1.440000057220459
Vehicle_11;8568201;374;20;b2;1.440000057220459
Vehicle_11;8568201;375;20;e;1.440000057220459
Vehicle_11;8568201;376;20;ede;1.440000057220459
Vehicle_11;8568201;377;20;ede;1.440000057220459
Vehicle_11;8568201;378;20;e;1.440000057220459
Vehicle_11;8568201;379;20;e;1.440999984741211
Vehicle_11;8568201;380;20;e;1.440999984741211
Vehicle_11;8568201;381;20;ede;1.440999984741211
Vehicle_11;8568201;382;20;ede;1.440999984741211
Vehicle_11;8568201;383;20;ede;1.440999984741211
Vehicle_11;8568201;384;20;ede;1.440999984741211
Vehicle_11;8568201;385;20;edede;1.440999984741211
Vehicle_11;8568201;386;20;edede;1.440999984741211
Vehicle_11;8568201;387;20;edede;1.440999984741211
Vehicle_11;8568201;388;20;edede;1.440999984741211
Vehicle_11;8568201;389;20;ede8;1.440999984741211
Vehicle_11;8568201;390;20;e8;1.440999984741211
Vehicle_11;8568201;391;20;e8;1.440999984741211
Vehicle_11;8568201;392;20;e8;1.440999984741211
Vehicle_11;8568201;393;20;e8;1.440999984741211
Vehicle_11;8568201;394;20;e8;1.440999984741211
Vehicle_11;8568201;395;20;e8;1.440999984741211
Vehicle_11;8568201;396;20;e8;1.440999984741211
Vehicle_11;8568201;397;20;e8;1.4579999446868896
Vehicle_11;8568201;398;20;e8;1.4579999446868896
Vehicle_11;8568201;399;20;e;1.4579999446868896
Vehicle_11;8568201;400;20;b2;1.4579999446868896
Vehicle_11;8568201;401;20;b21;1.4579999446868896
Vehicle_11;8568201;402;20;b21;1.4579999446868896
Vehicle_11;8568201;403;20;b21;1.4579999446868896
Vehicle_11;8568201;404;20;b21;1.4579999446868896
Vehicle_11;8568201;405;20;ed;1.4579999446868896
Vehicle_11;8568201;406;20;ed;1.4579999446868896
Vehicle_11;8568201;407;20;ed;1.4579999446868896
Vehicle_11;8568201;408;20;ed;1.4579999446868896
Vehicle_11;8568201;409;20;e;1.4579999446868896
Vehicle_11;8568201;410;20;e;1.4579999446868896
Vehicle_11;8568201;411;20;e;1.4579999446868896
Vehicle_11;8568201;412;20;e;2.4659998416900635
Vehicle_11;8568201;413;20;e;2.4659998416900635
Vehicle_11;8568201;414;20;e;2.4659998416900635
Vehicle_11;8568201;415;20;ede;2.4659998416900635
Vehicle_11;8568201;416;20;ededed;2.4659998416900635
Vehicle_11;8568201;417;20;ed;2.4659998416900635
Vehicle_11;8568201;418;20;e;2.4659998416900635
Vehicle_11;8568201;419;20;e;2.4659998416900635
Vehicle_11;8568201;420;20;e;2.4659998416900635
Vehicle_11;8568201;421;20;e;2.4659998416900635
Vehicle_11;8568201;422;20;ededede;2.4659998416900635
Vehicle_11;8568201;423;20;ede;2.4659998416900635
Vehicle_11;8568201;424;20;e8;2.4659998416900635
Vehicle_11;8568201;425;20;e8;2.4659998416900635
Vehicle_11;8568201;426;20;e8;2.4659998416900635
Vehicle_11;8568201;427;20;e8;2.4659998416900635
Vehicle_11;8568201;428;20;e8;2.4659998416900635
Vehicle_11;8568201;429;20;e8;2.4659998416900635
Vehicle_11;8568201;430;20;e;2.4659998416900635
Vehicle_11;8568201;431;20;e;1.444000005722046
Vehicle_11;8568201;432;20;e;1.444000005722046
Vehicle_11;8568201;433;20;e;1.444000005722046
Vehicle_11;8568201;434;20;b2;1.998000144958496
Vehicle_11;8568201;435;20;b2;1.998000144958496
Vehicle_11;8568201;436;20;b2;1.998000144958496
Vehicle_11;8568201;437;20;b2;1.998000144958496
Vehicle_11;8568201;438;20;b2;1.998000144958496
Vehicle_11;8568201;439;20;b2;1.998000144958496
Vehicle_11;8568201;440;20;b21;1.998000144958496
Vehicle_11;8568201;441;20;edede;1.998000144958496
Vehicle_11;8568201;442;20;edede;1.998000144958496
Vehicle_11;8568201;443;20;edede;1.998000144958496
Vehicle_11;8568201;444;20;ede;1.998000144958496
Vehicle_11;8568201;445;20;ede;1.998000144958496
Vehicle_11;8568201;446;20;e;1.998000144958496
Vehicle_11;8568201;447;20;e;1.998000144958496
Vehicle_11;8568201;448;20;e8;1.998000144958496
Vehicle_11;8568201;449;20;e8;1.998000144958496
Vehicle_11;8568201;450;20;e8;1.998000144958496
Vehicle_11;8568201;451;20;e8;1.998000144958496
Vehicle_11;8568201;452;20;e8;1.998000144958496
Vehicle_11;8568201;453;20;e8;1.4619998931884766
Vehicle_11;8568201;454;20;e848;1.559999942779541
Vehicle_11;8568201;455;20;e8484;1.559999942779541
Vehicle_11;8568201;456;20;e;1.559999942779541
Vehicle_11;8568201;457;20;e;1.559999942779541
Vehicle_11;8568201;458;20;e;1.559999942779541
Vehicle_11;8568201;459;20;e;1.559999942779541
Vehicle_11;8568201;460;20;e;1.559999942779541
Vehicle_11;8568201;461;20;e;1.559999942779541
Vehicle_11;8568201;462;20;edede;1.559999942779541
Vehicle_11;8568201;463;20;edede;1.559999942779541
Vehicle_11;8568201;464;20;ededede;1.559999942779541
Vehicle_11;8568201;465;20;ededed;1.559999942779541
Vehicle_11;8568201;466;20;ededed;1.559999942779541
Vehicle_11;8568201;467;20;ededed;1.559999942779541
Vehicle_11;8568201;468;20;ededede;1.621999979019165
Vehicle_11;8568201;469;20;ededed;1.621999979019165
Vehicle_11;8568201;470;20;edede;1.621999979019165
Vehicle_11;8568201;471;20;eded;1.621999979019165
Vehicle_11;8568201;472;20;ede;1.621999979019165
Vehicle_11;8568201;473;20;edede;1.621999979019165
Vehicle_11;8568201;474;20;ede;1.621999979019165
Vehicle_11;8568201;475;20;ede;1.621999979019165
Vehicle_11;8568201;476;20;ede;1.621999979019165
Vehicle_11;8568201;477;20;ede;1.621999979019165
Vehicle_11;8568201;478;20;ed;1.621999979019165
Vehicle_11;8568201;479;20;e;1.621999979019165
Vehicle_11;8568201;480;20;e;1.621999979019165
Vehicle_11;8568201;481;20;e;1.621999979019165
Vehicle_11;8568201;482;20;e;1.621999979019165
Vehicle_11;8568201;483;20;e8;1.621999979019165
Vehicle_11;8568201;484;20;e8;1.621999979019165
Vehicle_11;8568201;485;20;e8;1.621999979019165
Vehicle_11;8568201;486;20;e8;1.621999979019165
Vehicle_11;8568201;487;20;e;1.5779998302459717
Vehicle_11;8568201;488;20;e;1.5779998302459717
Vehicle_11;8568201;489;20;e;1.5779998302459717
Vehicle_11;8568201;490;20;e;1.5779998302459717
Vehicle_11;8568201;491;20;e;1.5779998302459717
Vehicle_11;8568201;492;20;b2;1.5779998302459717
Vehicle_11;8568201;493;20;b2;1.440999984741211
Vehicle_11;8568201;494;20;b2;1.440999984741211
Vehicle_11;8568201;495;20;b2;1.440999984741211
Vehicle_11;8568201;496;20;b2;1.440999984741211
Vehicle_11;8568201;497;20;b2;1.440999984741211
Vehicle_11;8568201;498;20;e;1.440000057220459
Vehicle_11;8568201;499;20;e;1.440000057220459
Vehicle_11;8568201;500;20;ed;1.440000057220459
Vehicle_11;8568201;501;20;ed;1.440000057220459
Vehicle_11;8568201;502;20;edb;1.440000057220459
Vehicle_11;8568201;503;20;edb2;1.440000057220459
Vehicle_11;8568201;504;20;edb2;1.4810001850128174
Vehicle_11;8568201;505;20;edb2;1.4810001850128174
Vehicle_11;8568201;506;20;edb2;1.4810001850128174
Vehicle_11;8568201;507;20;edb2;1.4810001850128174
Vehicle_11;8568201;508;20;b2;1.4810001850128174
Vehicle_11;8568201;509;20;b2;1.4810001850128174
Vehicle_11;8568201;510;20;b2;1.4810001850128174
Vehicle_11;8568201;511;20;b2;1.4810001850128174
Vehicle_11;8568201;512;20;b2;1.4810001850128174
Vehicle_11;8568201;513;20;b2484;1.4810001850128174
Vehicle_11;8568201;514;20;b24;1.4810001850128174
Vehicle_11;8568201;515;20;e8;1.4810001850128174
Vehicle_11;8568201;516;20;e8;1.4810001850128174
Vehicle_11;8568201;517;20;e81;1.4810001850128174
Vehicle_11;8568201;518;20;e8121;1.4810001850128174
Vehicle_11;8568201;519;20;b21212;1.4810001850128174
Vehicle_11;8568201;520;20;ede;1.4810001850128174
Vehicle_11;8568201;521;20;ede;1.681999921798706
Vehicle_11;8568201;522;20;e;1.681999921798706
Vehicle_11;8568201;523;20;e;1.681999921798706
Vehicle_11;8568201;524;20;e;1.681999921798706
Vehicle_11;8568201;525;20;e;1.681999921798706
Vehicle_11;8568201;526;20;e;1.681999921798706
Vehicle_11;8568201;527;20;e;1.681999921798706
Vehicle_11;8568201;528;20;e;1.681999921798706
Vehicle_11;8568201;529;20;e;1.681999921798706
Vehicle_11;8568201;530;20;e;1.681999921798706
Vehicle_11;8568201;531;20;e;1.681999921798706
Vehicle_11;8568201;532;20;e;1.681999921798706
Vehicle_11;8568201;533;20;ede;1.681999921798706
Vehicle_11;8568201;534;20;ede;1.681999921798706
Vehicle_11;8568201;535;20;e8;1.681999921798706
Vehicle_11;8568201;536;20;ede8;1.681999921798706
Vehicle_11;8568201;537;20;ede8;1.681999921798706
Vehicle_11;8568201;538;20;ede8;1.681999921798706
Vehicle_11;8568201;539;20;e8;1.681999921798706
Vehicle_11;8568201;540;20;e84;1.440999984741211
Vehicle_11;8568201;541;20;e;1.440999984741211
Vehicle_11;8568201;542;20;e;1.440999984741211
Vehicle_11;8568201;543;20;e;2.244000196456909
Vehicle_11;8568201;544;20;e;2.244000196456909
Vehicle_11;8568201;545;20;e;2.244000196456909
Vehicle_11;8568201;546;20;e;2.244000196456909
Vehicle_11;8568201;547;20;b7b2;2.244000196456909
Vehicle_11;8568201;548;20;b2;2.244000196456909
Vehicle_11;8568201;549;20;b2;2.244000196456909
Vehicle_11;8568201;550;20;b2;2.244000196456909
Vehicle_11;8568201;551;20;b212;2.244000196456909
Vehicle_11;8568201;552;20;ede;2.244000196456909
Vehicle_11;8568201;553;20;ede;2.244000196456909
Vehicle_11;8568201;554;20;ede;2.244000196456909
Vehicle_11;8568201;555;20;ede;2.244000196456909
Vehicle_11;8568201;556;20;e;2.244000196456909
Vehicle_11;8568201;557;20;e;2.244000196456909
Vehicle_11;8568201;558;20;ede;2.244000196456909
Vehicle_11;8568201;559;20;ede;2.244000196456909
Vehicle_11;8568201;560;20;ede8;2.244000196456909
Vehicle_11;8568201;561;20;ede84;2.244000196456909
Vehicle_11;8568201;562;20;e84;1.4809999465942383
Vehicle_11;8568201;563;20;e84;1.4809999465942383
Vehicle_11;8568201;564;20;e84;1.4809999465942383
Vehicle_11;8568201;565;20;e84;1.4809999465942383
Vehicle_11;8568201;566;20;e84;1.4809999465942383
Vehicle_11;8568201;567;20;e84;1.440000057220459
Vehicle_11;8568201;568;20;e84;1.440000057220459
Vehicle_11;8568201;569;20;e8;1.440000057220459
Vehicle_11;8568201;570;20;e8;1.440000057220459
Vehicle_11;8568201;571;20;e8;1.440000057220459
Vehicle_11;8568201;572;20;ede8;1.440000057220459
Vehicle_11;8568201;573;20;ede8;1.4579999446868896
Vehicle_11;8568201;574;20;ede8;1.4579999446868896
Vehicle_11;8568201;575;20;ede84;1.4579999446868896
Vehicle_11;8568201;576;20;ede;1.4579999446868896
Vehicle_11;8568201;577;20;e;1.4579999446868896
Vehicle_11;8568201;578;20;b7e;1.4579999446868896
Vehicle_11;8568201;579;20;b7e;1.4579999446868896
Vehicle_11;8568201;580;20;b7e;1.4579999446868896
Vehicle_11;8568201;581;20;b7e;1.4579999446868896
Vehicle_11;8568201;582;20;b21;1.4579999446868896
Vehicle_11;8568201;583;20;b21;1.4579999446868896
Vehicle_11;8568201;584;20;ed;1.4579999446868896
Vehicle_11;8568201;585;20;ed;1.4579999446868896
Vehicle_11;8568201;586;20;ed;1.4579999446868896
Vehicle_11;8568201;587;20;ed;1.4579999446868896
Vehicle_11;8568201;588;20;e;1.4579999446868896
Vehicle_11;8568201;589;20;e;1.4579999446868896
Vehicle_11;8568201;590;20;e;1.4579999446868896
Vehicle_11;8568201;591;20;e;1.4579999446868896
Vehicle_11;8568201;592;20;e;1.440000057220459
Vehicle_11;8568201;593;20;e;1.440000057220459
Vehicle_11;8568201;594;20;e;1.440000057220459
Vehicle_11;8568201;595;20;e;1.440000057220459
Vehicle_11;8568201;596;20;ed;1.440999984741211
Vehicle_11;8568201;597;20;ed;1.440999984741211
Vehicle_11;8568201;598;20;ed;1.440999984741211
Vehicle_11;8568201;599;20;ed;1.440999984741211
Vehicle_11;8568201;600;20;e;1.440999984741211
Vehicle_11;8568201;601;20;e;1.440999984741211
Vehicle_11;8568201;602;20;e;1.440999984741211
Vehicle_11;8568201;603;20;e;1.440999984741211
Vehicle_11;8568201;604;20;e8;1.440999984741211
Vehicle_11;8568201;605;20;e8;1.440999984741211
Vehicle_11;8568201;606;20;e8;1.440999984741211
Vehicle_11;8568201;607;20;e;1.440999984741211
Vehicle_11;8568201;608;20;e;1.440999984741211
Vehicle_11;8568201;609;20;e;1.440999984741211
Vehicle_11;8568201;610;20;e;1.440999984741211
Vehicle_11;8568201;611;20;e;1.440999984741211
Vehicle_11;8568201;612;20;e;1.440999984741211
Vehicle_11;8568201;613;20;e;1.440999984741211
Vehicle_11;8568201;614;20;e;1.440999984741211
Vehicle_11;8568201;615;20;b2;1.4399998188018799
Vehicle_11;8568201;616;20;b2;1.440000057220459
Vehicle_11;8568201;617;20;e;1.440000057220459
Vehicle_11;8568201;618;20;e;1.440000057220459
Vehicle_11;8568201;619;20;ede;1.440000057220459
Vehicle_11;8568201;620;20;ede;1.440000057220459
Vehicle_11;8568201;621;20;ede;1.440000057220459
Vehicle_11;8568201;622;20;ede;1.440000057220459
Vehicle_11;8568201;623;20;edb;1.440000057220459
Vehicle_11;8568201;624;20;edb7;1.440000057220459
Vehicle_11;8568201;625;20;e848;1.440000057220459
Vehicle_11;8568201;626;20;e848;1.440000057220459
Vehicle_11;8568201;627;20;e848;1.440000057220459
Vehicle_11;8568201;628;20;e848;1.440000057220459
Vehicle_11;8568201;629;20;e848;1.440000057220459
Vehicle_11;8568201;630;20;e848;1.440000057220459
Vehicle_11;8568201;631;20;e848;1.440000057220459
Vehicle_11;8568201;632;20;e8481;1.440000057220459
Vehicle_11;8568201;633;20;e8481;1.440000057220459
Vehicle_11;8568201;634;20;e8481;1.440000057220459
Vehicle_11;8568201;635;20;e8481;1.440000057220459
Vehicle_11;8568201;636;20;e8121;1.4619998931884766
Vehicle_11;8568201;637;20;e81216;1.4619998931884766
Vehicle_11;8568201;638;20;e8168;1.4619998931884766
Vehicle_11;8568201;639;20;e8168;1.4619998931884766
Vehicle_11;8568201;640;20;e8485e;1.4619998931884766
Vehicle_11;8568201;641;20;e8485ed;1.4619998931884766
Vehicle_11;8568201;642;20;e8485ed;1.4619998931884766
Vehicle_11;8568201;643;20;e8485ed;1.4619998931884766
Vehicle_11;8568201;644;20;e8485ed;1.4619998931884766
Vehicle_11;8568201;645;20;b7b6de;1.4619998931884766
Vehicle_11;8568201;646;20;b7b6de;1.4619998931884766
Vehicle_11;8568201;647;20;b7b6dede;1.4619998931884766
Vehicle_11;8568201;648;20;b7b6dede;1.4619998931884766
Vehicle_11;8568201;649;20;b7b6dede;1.4619998931884766
Vehicle_11;8568201;650;20;b7b6dedede;1.4619998931884766
Vehicle_11;8568201;651;20;b7a1212121;1.4619998931884766
Vehicle_11;8568201;652;20;b7a12121212;1.4619998931884766
Vehicle_11;8568201;653;20;b6dededede;1.4619998931884766
Vehicle_11;8568201;654;20;a12121212;1.4619998931884766
Vehicle_11;8568201;655;20;ededed;1.4399998188018799
Vehicle_11;8568201;656;20;edede;1.4399998188018799
Vehicle_11;8568201;657;20;edede;1.4399998188018799
Vehicle_11;8568201;658;20;ede;1.4399998188018799
Vehicle_11;8568201;659;20;ede;1.440000057220459
Vehicle_11;8568201;660;20;e;1.440000057220459
Vehicle_11;8568201;661;20;e;1.440000057220459
Vehicle_11;8568201;662;20;e;1.440000057220459
Vehicle_11;8568201;663;20;e;1.440999984741211
Vehicle_11;8568201;664;20;e;1.440999984741211
Vehicle_11;8568201;665;20;e;1.440999984741211
Vehicle_11;8568201;666;20;e;1.440999984741211
Vehicle_11;8568201;667;20;ed;1.440999984741211
Vehicle_11;8568201;668;20;ed;1.440999984741211
Vehicle_11;8568201;669;20;edb;1.440999984741211
Vehicle_11;8568201;670;20;edb;1.440999984741211
Vehicle_11;8568201;671;20;e8;1.440999984741211
Vehicle_11;8568201;672;20;e8;1.440999984741211
Vehicle_11;8568201;673;20;e8;1.440999984741211
Vehicle_11;8568201;674;20;e8;1.440999984741211
Vehicle_11;8568201;675;20;e8;1.440999984741211
Vehicle_11;8568201;676;20;e8;1.440999984741211
Vehicle_11;8568201;677;20;e8;1.440999984741211
Vehicle_11;8568201;678;20;e8;1.440999984741211
Vehicle_11;8568201;679;20;e8;1.440999984741211
Vehicle_11;8568201;680;20;e8484;1.440999984741211
Vehicle_11;8568201;681;20;e84;1.440999984741211
Vehicle_11;8568201;682;20;e;1.440000057220459
Vehicle_11;8568201;683;20;b2;1.440000057220459
Vehicle_11;8568201;684;20;b212;1.440000057220459
Vehicle_11;8568201;685;20;b2121;1.440000057220459
Vehicle_11;8568201;686;20;b21;1.440000057220459
Vehicle_11;8568201;687;20;eded;1.440000057220459
Vehicle_11;8568201;688;20;eded;1.440000057220459
Vehicle_11;8568201;689;20;ede;1.440000057220459
Vehicle_11;8568201;690;20;ede;1.440000057220459
Vehicle_11;8568201;691;20;e;1.440000057220459
Vehicle_11;8568201;692;20;e;1.440000057220459
Vehicle_11;8568201;693;20;ede;1.440000057220459
Vehicle_11;8568201;694;20;ede;1.440000057220459
Vehicle_11;8568201;695;20;ede;1.440000057220459
Vehicle_11;8568201;696;20;ed;1.440000057220459
Vehicle_11;8568201;697;20;ed;1.440000057220459
Vehicle_11;8568201;698;20;eded;1.440000057220459
Vehicle_11;8568201;699;20;eded;1.440000057220459
Vehicle_11;8568201;700;20;eded;1.440000057220459
Vehicle_11;8568201;701;20;ed;1.440000057220459
Vehicle_11;8568201;702;20;ed;1.440000057220459
Vehicle_11;8568201;703;20;e;1.440000057220459
Vehicle_11;8568201;704;20;e;1.440000057220459
Vehicle_11;8568201;705;20;e;1.440000057220459
Vehicle_11;8568201;706;20;ede;1.440000057220459
Vehicle_11;8568201;707;20;eded;1.440000057220459
Vehicle_11;8568201;708;20;eded;1.440000057220459
Vehicle_11;8568201;709;20;eded;1.440000057220459
Vehicle_11;8568201;710;20;eded;1.440000057220459
Vehicle_11;8568201;711;20;ed;1.440000057220459
Vehicle_11;8568201;712;20;eded;1.440000057220459
Vehicle_11;8568201;713;20;eded;1.440000057220459
Vehicle_11;8568201;714;20;ed;1.438999891281128
Vehicle_11;8568201;715;20;ede;1.438999891281128
Vehicle_11;8568201;716;20;ede;1.438999891281128
Vehicle_11;8568201;717;20;ede;1.438999891281128
Vehicle_11;8568201;718;20;ede;1.438999891281128
Vehicle_11;8568201;719;20;eded;1.438999891281128
Vehicle_11;8568201;720;20;eded;1.438999891281128
Vehicle_11;8568201;721;20;eded;1.438999891281128
Vehicle_11;8568201;722;20;eded;1.438999891281128
Vehicle_11;8568201;723;20;eded;1.438999891281128
Vehicle_11;8568201;724;20;eded;1.438999891281128
Vehicle_11;8568201;725;20;e;1.438999891281128
Vehicle_11;8568201;726;20;e;1.438999891281128
Vehicle_11;8568201;727;20;e;1.438999891281128
Vehicle_11;8568201;728;20;e;2.3910000324249268
Vehicle_11;8568201;729;20;e;2.3910000324249268
Vehicle_11;8568201;730;20;e;2.3910000324249268
Vehicle_11;8568201;731;20;e8;2.3910000324249268
Vehicle_11;8568201;732;20;e8;2.3910000324249268
Vehicle_11;8568201;733;20;e8;2.3910000324249268
Vehicle_11;8568201;734;20;e8;2.3910000324249268
Vehicle_11;8568201;735;20;e;2.3910000324249268
Vehicle_11;8568201;736;20;e;2.3910000324249268
Vehicle_11;8568201;737;20;e;2.3910000324249268
Vehicle_11;8568201;738;20;e;2.3910000324249268
Vehicle_11;8568201;739;20;e;2.3910000324249268
Vehicle_11;8568201;740;20;b2;2.3910000324249268
Vehicle_11;8568201;741;20;b2;6.465000152587891
Vehicle_11;8568201;742;20;b2;6.465000152587891
Vehicle_11;8568201;743;20;e;6.465000152587891
Vehicle_11;8568201;744;20;e;6.465000152587891
Vehicle_11;8568201;745;20;e;6.465000152587891
Vehicle_11;8568201;746;20;ede;6.465000152587891
Vehicle_11;8568201;747;20;ede;6.465000152587891
Vehicle_11;8568201;748;20;ede;6.465000152587891
Vehicle_11;8568201;749;20;eded;6.465000152587891
Vehicle_11;8568201;750;20;eded;6.465000152587891
Vehicle_11;8568201;751;20;ede;6.465000152587891
Vehicle_11;8568201;752;20;ede;6.465000152587891
Vehicle_11;8568201;753;20;eded;6.465000152587891
Vehicle_11;8568201;754;20;eded;6.465000152587891
Vehicle_11;8568201;755;20;ed;6.465000152587891
Vehicle_11;8568201;756;20;e;6.465000152587891
Vehicle_11;8568201;757;20;e8;6.465000152587891
Vehicle_11;8568201;758;20;e8;6.465000152587891
Vehicle_11;8568201;759;20;e8;6.465000152587891
Vehicle_11;8568201;760;20;e8;1.445000171661377
Vehicle_11;8568201;761;20;e8;1.445000171661377
Vehicle_11;8568201;762;20;e8;1.445000171661377
Vehicle_11;8568201;763;20;e8;1.445000171661377
Vehicle_11;8568201;764;20;e8;1.445000171661377
Vehicle_11;8568201;765;20;e8;1.4559998512268066
Vehicle_11;8568201;766;20;e8;1.4559998512268066
Vehicle_11;8568201;767;20;e8;1.4559998512268066
Vehicle_11;8568201;768;20;e84;1.4559998512268066
Vehicle_11;8568201;769;20;e;1.4559998512268066
Vehicle_11;8568201;770;20;b2;1.4559998512268066
Vehicle_11;8568201;771;20;b2;1.4559998512268066
Vehicle_11;8568201;772;20;e;1.4559998512268066
Vehicle_11;8568201;773;20;ede;1.4559998512268066
Vehicle_11;8568201;774;20;ede;1.4559998512268066
Vehicle_11;8568201;775;20;eded;1.4559998512268066
Vehicle_11;8568201;776;20;e;1.4559998512268066
Vehicle_11;8568201;777;20;ede;1.4559998512268066
Vehicle_11;8568201;778;20;e;1.4559998512268066
Vehicle_11;8568201;779;20;e;1.4559998512268066
Vehicle_11;8568201;780;20;ed;1.4559998512268066
Vehicle_11;8568201;781;20;ed;1.4559998512268066
Vehicle_11;8568201;782;20;ed;1.4559998512268066
Vehicle_11;8568201;783;20;ed;1.4559998512268066
Vehicle_11;8568201;784;20;ed;1.440999984741211
Vehicle_11;8568201;785;20;eded;1.440999984741211
Vehicle_11;8568201;786;20;ededed;1.440999984741211
Vehicle_11;8568201;787;20;e;1.440999984741211
Vehicle_11;8568201;788;20;e;1.440999984741211
Vehicle_11;8568201;789;20;e;1.440999984741211
Vehicle_11;8568201;790;20;ed;1.440999984741211
Vehicle_11;8568201;791;20;ed;1.440999984741211
Vehicle_11;8568201;792;20;eded;1.440999984741211
Vehicle_11;8568201;793;20;ed;1.440999984741211
Vehicle_11;8568201;794;20;ed;1.440999984741211
Vehicle_11;8568201;795;20;ed;1.440999984741211
Vehicle_11;8568201;796;20;e;1.440999984741211
Vehicle_11;8568201;797;20;e;1.440999984741211
Vehicle_11;8568201;798;20;e;1.440999984741211
Vehicle_11;8568201;799;20;e8;1.440000057220459
Vehicle_11;8568201;800;20;e8;1.440000057220459
Vehicle_11;8568201;801;20;e8;1.440000057220459
Vehicle_11;8568201;802;20;e81;1.440000057220459
Vehicle_11;8568201;803;20;e81;1.440000057220459
Vehicle_11;8568201;804;20;e817;1.440000057220459
Vehicle_11;8568201;805;20;e817;1.440000057220459
Vehicle_11;8568201;806;20;e817e;1.440000057220459
Vehicle_11;8568201;807;20;e817e8;1.440000057220459
Vehicle_11;8568201;808;20;e817e8;1.440000057220459
Vehicle_11;8568201;809;20;ede817e8;1.440000057220459
Vehicle_11;8568201;810;20;b24db2;1.440000057220459
Vehicle_11;8568201;811;20;b24db2;1.440000057220459
Vehicle_11;8568201;812;20;b24db2;1.440000057220459
Vehicle_11;8568201;813;20;b24db2;1.440000057220459
Vehicle_11;8568201;814;20;b24db2;1.440000057220459
Vehicle_11;8568201;815;20;b24db2;1.440999984741211
Vehicle_11;8568201;816;20;b24db2;1.440999984741211
Vehicle_11;8568201;817;20;b24db2;1.440999984741211
Vehicle_11;8568201;818;20;e817e;1.440999984741211
Vehicle_11;8568201;819;20;e817e;1.440999984741211
Vehicle_11;8568201;820;20;e817e;1.440999984741211
Vehicle_11;8568201;821;20;b24d;1.440999984741211
Vehicle_11;8568201;822;20;b24d;1.440999984741211
Vehicle_11;8568201;823;20;e81;1.440999984741211
Vehicle_11;8568201;824;20;b2;1.440999984741211
Vehicle_11;8568201;825;20;b2;1.440999984741211
Vehicle_11;8568201;826;20;e;1.440999984741211
Vehicle_11;8568201;827;20;e;1.440999984741211
Vehicle_11;8568201;828;20;e;1.440999984741211
Vehicle_11;8568201;829;20;ed;1.440999984741211
Vehicle_11;8568201;830;20;ed;1.440999984741211
Vehicle_11;8568201;831;20;ed;1.440999984741211
Vehicle_11;8568201;832;20;ed;1.440999984741211
Vehicle_11;8568201;833;20;ed;1.440999984741211
Vehicle_11;8568201;834;20;ede;1.439000129699707
Vehicle_11;8568201;835;20;e;1.439000129699707
Vehicle_11;8568201;836;20;ede;1.439000129699707
Vehicle_11;8568201;837;20;e;3.318000078201294
Vehicle_11;8568201;838;20;e;3.318000078201294
Vehicle_11;8568201;839;20;e;3.318000078201294
Vehicle_11;8568201;840;20;e;3.318000078201294
Vehicle_11;8568201;841;20;e8;3.318000078201294
Vehicle_11;8568201;842;20;e8;3.318000078201294
Vehicle_11;8568201;843;20;e8;3.318000078201294
Vehicle_11;8568201;844;20;e8;3.318000078201294
Vehicle_11;8568201;845;20;e81;3.318000078201294
Vehicle_11;8568201;846;20;e81;3.318000078201294
Vehicle_11;8568201;847;20;e812;3.318000078201294
Vehicle_11;8568201;848;20;e812;3.318000078201294
Vehicle_11;8568201;849;20;e8;3.318000078201294
Vehicle_11;8568201;850;20;e8;3.318000078201294
Vehicle_11;8568201;851;20;b24;3.318000078201294
Vehicle_11;8568201;852;20;b2;3.318000078201294
Vehicle_11;8568201;853;20;b2;3.318000078201294
Vehicle_11;8568201;854;20;b2;3.318000078201294
Vehicle_11;8568201;855;20;b2;3.318000078201294
Vehicle_11;8568201;856;20;b2;1.5
Vehicle_11;8568201;857;20;b2;1.5
Vehicle_11;8568201;858;20;b2;1.5
Vehicle_11;8568201;859;20;eded;1.5
Vehicle_11;8568201;860;20;eded;1.5
Vehicle_11;8568201;861;20;eded;1.4550001621246338
Vehicle_11;8568201;862;20;eded;1.4550001621246338
Vehicle_11;8568201;863;20;eded;1.4550001621246338
Vehicle_11;8568201;864;20;ede;1.4550001621246338
Vehicle_11;8568201;865;20;ed;1.4550001621246338
Vehicle_11;8568201;866;20;ed;1.4550001621246338
Vehicle_11;8568201;867;20;ed;1.4550001621246338
Vehicle_11;8568201;868;20;e;1.4550001621246338
Vehicle_11;8568201;869;20;e;1.4550001621246338
Vehicle_11;8568201;870;20;e;1.440000057220459
Vehicle_11;8568201;871;20;e;1.440000057220459
Vehicle_11;8568201;872;20;e;1.440000057220459
Vehicle_11;8568201;873;20;ed;1.440000057220459
Vehicle_11;8568201;874;20;ed;1.440000057220459
Vehicle_11;8568201;875;20;ed;1.440000057220459
Vehicle_11;8568201;876;20;eded;1.440000057220459
Vehicle_11;8568201;877;20;edede;1.440000057220459
Vehicle_11;8568201;878;20;edede;1.440000057220459
Vehicle_11;8568201;879;20;ede;1.440000057220459
Vehicle_11;8568201;880;20;eded;1.440000057220459
Vehicle_11;8568201;881;20;ed;1.440000057220459
Vehicle_11;8568201;882;20;ed;1.440000057220459
Vehicle_11;8568201;883;20;e;1.440000057220459
Vehicle_11;8568201;884;20;e;1.440000057220459
Vehicle_11;8568201;885;20;e;1.440000057220459
Vehicle_11;8568201;886;20;e;1.440000057220459
Vehicle_11;8568201;887;20;e;1.440000057220459
Vehicle_11;8568201;888;20;e;1.440000057220459
Vehicle_11;8568201;889;20;e;1.440000057220459
Vehicle_11;8568201;890;20;e;1.440000057220459
Vehicle_11;8568201;891;20;e;1.440000057220459
Vehicle_11;8568201;892;20;e;1.440000057220459
Vehicle_11;8568201;893;20;e;1.440000057220459
Vehicle_11;8568201;894;20;b21;1.440000057220459
Vehicle_11;8568201;895;20;ed;1.440000057220459
Vehicle_11;8568201;896;20;ede;1.440000057220459
Vehicle_11;8568201;897;20;eded;1.440000057220459
Vehicle_11;8568201;898;20;eded;1.440000057220459
Vehicle_11;8568201;899;20;eded;1.440000057220459
Vehicle_11;8568201;900;20;ede;1.440000057220459
Vehicle_11;8568201;901;20;ede;1.440000057220459
Vehicle_11;8568201;902;20;ede;1.440000057220459
Vehicle_11;8568201;903;20;eded;1.440000057220459
Vehicle_11;8568201;904;20;eded;1.440000057220459
Vehicle_11;8568201;905;20;eded;1.440000057220459
Vehicle_11;8568201;906;20;eded;1.440000057220459
Vehicle_11;8568201;907;20;eded;1.440000057220459
Vehicle_11;8568201;908;20;eded;1.440000057220459
Vehicle_11;8568201;909;20;eded;1.440000057220459
Vehicle_11;8568201;910;20;ede;1.440000057220459
Vehicle_11;8568201;911;20;edede;1.4820001125335693
Vehicle_11;8568201;912;20;b7ede;1.4820001125335693
Vehicle_11;8568201;913;20;b7ede;1.4820001125335693
Vehicle_11;8568201;914;20;b7ede;1.4820001125335693
Vehicle_11;8568201;915;20;b7e;1.4820001125335693
Vehicle_11;8568201;916;20;b7e;1.4820001125335693
Vehicle_11;8568201;917;20;b7e;1.4820001125335693
Vehicle_11;8568201;918;20;b2;1.4820001125335693
Vehicle_11;8568201;919;20;e;1.4820001125335693
Vehicle_11;8568201;920;20;e;1.4820001125335693
Vehicle_11;8568201;921;20;e;1.4820001125335693
Vehicle_11;8568201;922;20;ede;1.4820001125335693
Vehicle_11;8568201;923;20;edede;1.4820001125335693
Vehicle_11;8568201;924;20;ede8;1.4820001125335693
Vehicle_11;8568201;925;20;e8;1.4820001125335693
Vehicle_11;8568201;926;20;e8;1.4820001125335693
Vehicle_11;8568201;927;20;e8;1.4820001125335693
Vehicle_11;8568201;928;20;e848;1.4820001125335693
Vehicle_11;8568201;929;20;e8;1.4820001125335693
Vehicle_11;8568201;930;20;e;1.440999984741211
Vehicle_11;8568201;931;20;e;1.440999984741211
Vehicle_11;8568201;932;20;e;1.440999984741211
Vehicle_11;8568201;933;20;e;1.440999984741211
Vehicle_11;8568201;934;20;e;1.440999984741211
Vehicle_11;8568201;935;20;e;1.440999984741211
Vehicle_11;8568201;936;20;e;1.440999984741211
Vehicle_11;8568201;937;20;b2;1.440999984741211
Vehicle_11;8568201;938;20;b2;1.440999984741211
Vehicle_11;8568201;939;20;b212;1.440999984741211
Vehicle_11;8568201;940;20;edede;1.440999984741211
Vehicle_11;8568201;941;20;ede;1.440999984741211
Vehicle_11;8568201;942;20;e;1.440999984741211
Vehicle_11;8568201;943;20;e;1.440999984741211
Vehicle_11;8568201;944;20;e;1.440999984741211
Vehicle_11;8568201;945;20;e;1.440999984741211
Vehicle_11;8568201;946;20;e;1.440999984741211
Vehicle_11;8568201;947;20;e;1.440999984741211
Vehicle_11;8568201;948;20;e;1.440999984741211
Vehicle_11;8568201;949;20;e;1.440999984741211
Vehicle_11;8568201;950;20;e;1.440999984741211
Vehicle_11;8568201;951;20;e;1.4830000400543213
Vehicle_11;8568201;952;20;e8;1.4830000400543213
Vehicle_11;8568201;953;20;e8;1.4830000400543213
Vehicle_11;8568201;954;20;e8;1.4830000400543213
Vehicle_11;8568201;955;20;e8;1.4830000400543213
Vehicle_11;8568201;956;20;e8;1.4830000400543213
Vehicle_11;8568201;957;20;e84;1.4830000400543213
Vehicle_11;8568201;958;20;e;1.4830000400543213
Vehicle_11;8568201;959;20;e;1.4830000400543213
Vehicle_11;8568201;960;20;e;1.4830000400543213
Vehicle_11;8568201;961;20;e8;1.4830000400543213
Vehicle_11;8568201;962;20;e8;1.4830000400543213
Vehicle_11;8568201;963;20;e8;1.4830000400543213
Vehicle_11;8568201;964;20;e8;1.4830000400543213
Vehicle_11;8568201;965;20;e8;1.4830000400543213
Vehicle_11;8568201;966;20;b24;1.4830000400543213
Vehicle_11;8568201;967;20;b2124;1.4830000400543213
Vehicle_11;8568201;968;20;e8;1.4830000400543213
Vehicle_11;8568201;969;20;e8;1.4830000400543213
Vehicle_11;8568201;970;20;e848;1.441999912261963
Vehicle_11;8568201;971;20;e848;1.441999912261963
Vehicle_11;8568201;972;20;e84848;1.441999912261963
Vehicle_11;8568201;973;20;e;1.441999912261963
Vehicle_11;8568201;974;20;e;1.441999912261963
Vehicle_11;8568201;975;20;e;1.441999912261963
Vehicle_11;8568201;976;20;b2;1.441999912261963
Vehicle_11;8568201;977;20;b2;1.441999912261963
Vehicle_11;8568201;978;20;b2;1.441999912261963
Vehicle_11;8568201;979;20;ede;1.440999984741211
Vehicle_11;8568201;980;20;ede;1.440999984741211
Vehicle_11;8568201;981;20;eded;1.440999984741211
Vehicle_11;8568201;982;20;ede;1.440999984741211
Vehicle_11;8568201;983;20;ede;1.440999984741211
Vehicle_11;8568201;984;20;ede;1.440999984741211
Vehicle_11;8568201;985;20;ed;1.440999984741211
Vehicle_11;8568201;986;20;eded;1.440999984741211
Vehicle_11;8568201;987;20;ededed;1.440999984741211
Vehicle_11;8568201;988;20;e;1.440999984741211
Vehicle_11;8568201;989;20;e;1.440999984741211
Vehicle_11;8568201;990;20;e;1.440999984741211
Vehicle_11;8568201;991;20;e;1.440999984741211
Vehicle_11;8568201;992;20;b7e;1.440999984741211
Vehicle_11;8568201;993;20;b7e;1.440999984741211
Vehicle_11;8568201;994;20;b7ede;1.440999984741211
Vehicle_11;8568201;995;20;b7ede;1.440999984741211
Vehicle_11;8568201;996;20;b7b2;1.440999984741211
Vehicle_11;8568201;997;20;b7e;1.443000078201294
Vehicle_11;8568201;998;20;b2;1.443000078201294
Vehicle_11;8568201;999;20;b2;1.443000078201294
Vehicle_11;8568201;1000;20;b2;1.443000078201294
Vehicle_11;8568201;1001;20;b2;1.443000078201294
Vehicle_11;8568201;1002;20;b2;1.443000078201294
Vehicle_11;8568201;1003;20;ed;1.443000078201294
Vehicle_11;8568201;1004;20;ed;1.443000078201294
Vehicle_11;8568201;1005;20;ede;1.443000078201294
Vehicle_11;8568201;1006;20;ede;1.443000078201294
Vehicle_11;8568201;1007;20;ede;1.443000078201294
Vehicle_11;8568201;1008;20;ede;1.443000078201294
Vehicle_11;8568201;1009;20;ede;1.443000078201294
Vehicle_11;8568201;1010;20;ede;1.443000078201294
Vehicle_11;8568201;1011;20;edede;1.443000078201294
Vehicle_11;8568201;1012;20;ed;1.443000078201294
Vehicle_11;8568201;1013;20;e;1.443000078201294
Vehicle_11;8568201;1014;20;e8;1.443000078201294
Vehicle_11;8568201;1015;20;e81;1.443000078201294
Vehicle_11;8568201;1016;20;e817;1.440999984741211
Vehicle_11;8568201;1017;20;e817e;1.440999984741211
Vehicle_11;8568201;1018;20;ede817e;1.440999984741211
Vehicle_11;8568201;1019;20;ede817e;1.440999984741211
Vehicle_11;8568201;1020;20;ede817e;1.440999984741211
Vehicle_11;8568201;1021;20;e817e;1.440999984741211
Vehicle_11;8568201;1022;20;e96;1.440999984741211
Vehicle_11;8568201;1023;20;e817e;1.440999984741211
Vehicle_11;8568201;1024;20;e817e;1.440999984741211
Vehicle_11;8568201;1025;20;e817e;1.440999984741211
Vehicle_11;8568201;1026;20;e817e;1.440999984741211
Vehicle_11;8568201;1027;20;b7e817e;1.440999984741211
Vehicle_11;8568201;1028;20;b24db2;1.440999984741211
Vehicle_11;8568201;1029;20;b24db2;1.440999984741211
Vehicle_11;8568201;1030;20;e817e;1.440000057220459
Vehicle_11;8568201;1031;20;e817e;1.440000057220459
Vehicle_11;8568201;1032;20;b24d;1.440000057220459
Vehicle_11;8568201;1033;20;e81;1.440000057220459
Vehicle_11;8568201;1034;20;b2;1.440000057220459
Vehicle_11;8568201;1035;20;e;1.4579999446868896
Vehicle_11;8568201;1036;20;ed;1.4579999446868896
Vehicle_11;8568201;1037;20;ed;1.4579999446868896
Vehicle_11;8568201;1038;20;ed;1.4579999446868896
Vehicle_11;8568201;1039;20;ed;1.4579999446868896
Vehicle_11;8568201;1040;20;ed;1.4579999446868896
Vehicle_11;8568201;1041;20;ed;1.4579999446868896
Vehicle_11;8568201;1042;20;e;1.4579999446868896
Vehicle_11;8568201;1043;20;e;1.4579999446868896
Vehicle_11;8568201;1044;20;e;1.4579999446868896
Vehicle_11;8568201;1045;20;e;1.4579999446868896
Vehicle_11;8568201;1046;20;e;1.4579999446868896
Vehicle_11;8568201;1047;20;ed;1.4579999446868896
Vehicle_11;8568201;1048;20;ed;1.4579999446868896
Vehicle_11;8568201;1049;20;ed;1.4579999446868896
Vehicle_11;8568201;1050;20;edb;1.4579999446868896
Vehicle_11;8568201;1051;20;edb;1.4579999446868896
Vehicle_11;8568201;1052;20;edb;1.4579999446868896
Vehicle_11;8568201;1053;20;edb;1.4579999446868896
Vehicle_11;8568201;1054;20;edb;1.440999984741211
Vehicle_11;8568201;1055;20;e8;1.440999984741211
Vehicle_11;8568201;1056;20;e8;1.440999984741211
Vehicle_11;8568201;1057;20;e8;1.440999984741211
Vehicle_11;8568201;1058;20;e8;1.440999984741211
Vehicle_11;8568201;1059;20;e8;1.440999984741211
Vehicle_11;8568201;1060;20;e848;1.440999984741211
Vehicle_11;8568201;1061;20;e8484;1.440999984741211
Vehicle_11;8568201;1062;20;e84;1.440999984741211
Vehicle_11;8568201;1063;20;e;1.440000057220459
Vehicle_11;8568201;1064;20;b2;1.440000057220459
Vehicle_11;8568201;1065;20;b21212;1.440000057220459
Vehicle_11;8568201;1066;20;edede;1.440000057220459
Vehicle_11;8568201;1067;20;ededededed;1.440000057220459
Vehicle_11;8568201;1068;20;ededededede;1.440000057220459
Vehicle_11;8568201;1069;20;ededededede;1.440000057220459
Vehicle_11;8568201;1070;20;ededededed;1.440000057220459
Vehicle_11;8568201;1071;20;ededede;1.440000057220459
Vehicle_11;8568201;1072;20;eded;1.440000057220459
Vehicle_11;8568201;1073;20;eded;1.440000057220459
Vehicle_11;8568201;1074;20;eded;1.440000057220459
Vehicle_11;8568201;1075;20;eded;1.440000057220459
Vehicle_11;8568201;1076;20;ede;1.440000057220459
Vehicle_11;8568201;1077;20;ede;1.440000057220459
Vehicle_11;8568201;1078;20;ed;1.440000057220459
Vehicle_11;8568201;1079;20;ede;1.440000057220459
Vehicle_11;8568201;1080;20;ed;1.440000057220459
Vehicle_11;8568201;1081;20;ed;1.440000057220459
Vehicle_11;8568201;1082;20;eded;1.4910001754760742
Vehicle_11;8568201;1083;20;ede;1.4910001754760742
Vehicle_11;8568201;1084;20;ed;1.4910001754760742
Vehicle_11;8568201;1085;20;ed;1.4910001754760742
Vehicle_11;8568201;1086;20;e;1.4910001754760742
Vehicle_11;8568201;1087;20;e8;1.4910001754760742
Vehicle_11;8568201;1088;20;e84;1.4910001754760742
Vehicle_11;8568201;1089;20;e8;1.4910001754760742
Vehicle_11;8568201;1090;20;e84;1.4910001754760742
Vehicle_11;8568201;1091;20;e848;1.4910001754760742
Vehicle_11;8568201;1092;20;e8;1.4910001754760742
Vehicle_11;8568201;1093;20;e8;1.4910001754760742
Vehicle_11;8568201;1094;20;e8;1.4910001754760742
Vehicle_11;8568201;1095;20;e8;1.4910001754760742
Vehicle_11;8568201;1096;20;e8;1.4910001754760742
Vehicle_11;8568201;1097;20;e8;1.4910001754760742
Vehicle_11;8568201;1098;20;e;1.4910001754760742
Vehicle_11;8568201;1099;20;e;1.4910001754760742
Vehicle_11;8568201;1100;20;ede;1.4910001754760742
Vehicle_11;8568201;1101;20;ed;1.4210000038146973
Vehicle_11;8568201;1102;20;ed;1.4210000038146973
Vehicle_11;8568201;1103;20;ede;1.4619998931884766
Vehicle_11;8568201;1104;20;ede8;1.4619998931884766
Vehicle_11;8568201;1105;20;ede8;1.4619998931884766
Vehicle_11;8568201;1106;20;ede8;1.4619998931884766
Vehicle_11;8568201;1107;20;ede81;1.4619998931884766
Vehicle_11;8568201;1108;20;ededb7a;1.4619998931884766
Vehicle_11;8568201;1109;20;ededb7a1;1.4619998931884766
Vehicle_11;8568201;1110;20;ededb7a12;1.4619998931884766
Vehicle_11;8568201;1111;20;edb7a12;1.4619998931884766
Vehicle_11;8568201;1112;20;edb7a121;1.4629998207092285
Vehicle_11;8568201;1113;20;e8481212121;1.4629998207092285
Vehicle_11;8568201;1114;20;e8481212121;1.4629998207092285
Vehicle_11;8568201;1115;20;e8481212121;1.4629998207092285
Vehicle_11;8568201;1116;20;e85a12121212;1.4629998207092285
Vehicle_11;8568201;1117;20;b7a1212;1.4629998207092285
Vehicle_11;8568201;1118;20;b7a12121;1.4629998207092285
Vehicle_11;8568201;1119;20;b7a121212;1.4629998207092285
Vehicle_11;8568201;1120;20;b2484dededed;1.4629998207092285
Vehicle_11;8568201;1121;20;a1212121;1.4629998207092285
Vehicle_11;8568201;1122;20;12121212121;1.4629998207092285
Vehicle_11;8568201;1123;20;a5ededed;1.4629998207092285
Vehicle_11;8568201;1124;20;1;1.880000114440918
Vehicle_11;8568201;1125;20;e;1.880000114440918
Vehicle_11;8568201;1126;20;e;1.880000114440918
Vehicle_11;8568201;1127;20;e;1.880000114440918
Vehicle_11;8568201;1128;20;b7e;1.880000114440918
Vehicle_11;8568201;1129;20;b7e;1.880000114440918
Vehicle_11;8568201;1130;20;b2;1.880000114440918
Vehicle_11;8568201;1131;20;e;5.824000120162964
Vehicle_11;8568201;1132;20;e;5.824000120162964
Vehicle_11;8568201;1133;20;e;5.824000120162964
Vehicle_11;8568201;1134;20;e;5.824000120162964
Vehicle_11;8568201;1135;20;b7e;5.824000120162964
Vehicle_11;8568201;1136;20;b7b2;5.824000120162964
Vehicle_11;8568201;1137;20;b7ede;5.824000120162964
Vehicle_11;8568201;1138;20;b7ede;5.824000120162964
Vehicle_11;8568201;1139;20;b212;5.824000120162964
Vehicle_11;8568201;1140;20;ede;5.824000120162964
Vehicle_11;8568201;1141;20;edede;5.824000120162964
Vehicle_11;8568201;1142;20;ededede;5.824000120162964
Vehicle_11;8568201;1143;20;ede;5.824000120162964
Vehicle_11;8568201;1144;20;ede;5.824000120162964
Vehicle_11;8568201;1145;20;ed;5.824000120162964
Vehicle_11;8568201;1146;20;ed;5.824000120162964
Vehicle_11;8568201;1147;20;e;5.824000120162964
Vehicle_11;8568201;1148;20;e;5.824000120162964
Vehicle_11;8568201;1149;20;e;5.824000120162964
Vehicle_11;8568201;1150;20;e8;2.2079999446868896
Vehicle_11;8568201;1151;20;e8;2.2079999446868896
Vehicle_11;8568201;1152;20;e84;2.2079999446868896
Vehicle_11;8568201;1153;20;e848;2.2079999446868896
Vehicle_11;8568201;1154;20;e848;2.2079999446868896
Vehicle_11;8568201;1155;20;e8484;2.2079999446868896
Vehicle_11;8568201;1156;20;e84848;2.2079999446868896
Vehicle_11;8568201;1157;20;e84848;2.2079999446868896
Vehicle_11;8568201;1158;20;e848485;2.2079999446868896
Vehicle_11;8568201;1159;20;e85e;2.2079999446868896
Vehicle_11;8568201;1160;20;e85e9;2.2079999446868896
Vehicle_11;8568201;1161;20;ede9;2.2079999446868896
Vehicle_11;8568201;1162;20;ede96;2.2079999446868896
Vehicle_11;8568201;1163;20;ede97b;2.2079999446868896
Vehicle_11;8568201;1164;20;e9697b;2.2079999446868896
Vehicle_11;8568201;1165;20;e9685b;1.6200001239776611
Vehicle_11;8568201;1166;20;e9685b;1.6200001239776611
Vehicle_11;8568201;1167;20;a5b68;1.6200001239776611
Vehicle_11;8568201;1168;20;a5b68;1.6200001239776611
Vehicle_11;8568201;1169;20;b7a5e968;1.6200001239776611
Vehicle_11;8568201;1170;20;a5e92;1.6200001239776611
Vehicle_11;8568201;1171;20;a5a121;1.7590000629425049
Vehicle_11;8568201;1172;20;a5a121;1.7590000629425049
Vehicle_11;8568201;1173;20;a5a121;1.7590000629425049
Vehicle_11;8568201;1174;20;a5a121;1.7590000629425049
Vehicle_11;8568201;1175;20;a5a121;1.7590000629425049
Vehicle_11;8568201;1176;20;a5ede;1.7590000629425049
Vehicle_11;8568201;1177;20;a121;1.7590000629425049
Vehicle_11;8568201;1178;20;ede;1.7590000629425049
Vehicle_11;8568201;1179;20;eded;28.157999992370605
Vehicle_11;8568201;1180;20;ede;28.157999992370605
Vehicle_11;8568201;1181;20;ede;28.157999992370605
Vehicle_11;8568201;1182;20;ede8;28.157999992370605
Vehicle_11;8568201;1183;20;ede;28.157999992370605
Vehicle_11;8568201;1184;20;ede8;28.157999992370605
Vehicle_11;8568201;1185;20;edede8;28.157999992370605
Vehicle_11;8568201;1186;20;edede8;28.157999992370605
Vehicle_11;8568201;1187;20;edede8;28.157999992370605
Vehicle_11;8568201;1188;20;ede8;28.157999992370605
Vehicle_11;8568201;1189;20;b7b7b2;28.157999992370605
Vehicle_11;8568201;1190;20;b2;28.157999992370605
Vehicle_11;8568201;1191;20;edb2;28.157999992370605
Vehicle_11;8568201;1192;20;edb2;28.157999992370605
Vehicle_11;8568201;1193;20;edb2;28.157999992370605
Vehicle_11;8568201;1194;20;edb2;28.157999992370605
Vehicle_11;8568201;1195;20;edb2;28.157999992370605
Vehicle_11;8568201;1196;20;edb212;28.157999992370605
Vehicle_11;8568201;1197;20;edb21212;28.157999992370605
Vehicle_11;8568201;1198;20;e812121;1.4730000495910645
Vehicle_11;8568201;1199;20;b21212;1.4730000495910645
Vehicle_11;8568201;1200;20;ede;1.4730000495910645
Vehicle_11;8568201;1201;20;edede;1.4730000495910645
Vehicle_11;8568201;1202;20;ededede;1.4570000171661377
Vehicle_11;8568201;1203;20;edede;1.4570000171661377
Vehicle_11;8568201;1204;20;edede;1.4570000171661377
Vehicle_11;8568201;1205;20;ede;1.4570000171661377
Vehicle_11;8568201;1206;20;ede;1.4570000171661377
Vehicle_11;8568201;1207;20;ede;1.4570000171661377
Vehicle_11;8568201;1208;20;eded;1.4570000171661377
Vehicle_11;8568201;1209;20;ede;1.4570000171661377
Vehicle_11;8568201;1210;20;ede;1.9210000038146973
Vehicle_11;8568201;1211;20;ede;1.9210000038146973
Vehicle_11;8568201;1212;20;e;1.9210000038146973
Vehicle_11;8568201;1213;20;e;1.9210000038146973
Vehicle_11;8568201;1214;20;e;1.9210000038146973
Vehicle_11;8568201;1215;20;e8;1.9210000038146973
Vehicle_11;8568201;1216;20;e;1.9210000038146973
Vehicle_11;8568201;1217;20;e;1.9210000038146973
Vehicle_11;8568201;1218;20;e;1.9210000038146973
Vehicle_11;8568201;1219;20;e;1.9210000038146973
Vehicle_11;8568201;1220;20;e;1.9210000038146973
Vehicle_11;8568201;1221;20;e;1.9210000038146973
Vehicle_11;8568201;1222;20;e;1.9210000038146973
Vehicle_11;8568201;1223;20;e;1.9210000038146973
Vehicle_11;8568201;1224;20;e;1.9210000038146973
Vehicle_11;8568201;1225;20;e;1.9210000038146973
Vehicle_11;8568201;1226;20;e;1.9210000038146973
Vehicle_11;8568201;1227;20;e;1.9210000038146973
Vehicle_11;8568201;1228;20;ede;1.9210000038146973
Vehicle_11;8568201;1229;20;ede;1.4629998207092285
Vehicle_11;8568201;1230;20;ede;1.4629998207092285
Vehicle_11;8568201;1231;20;ede;1.4629998207092285
Vehicle_11;8568201;1232;20;edede;1.4629998207092285
Vehicle_11;8568201;1233;20;eded;1.4629998207092285
Vehicle_11;8568201;1234;20;ede;1.4629998207092285
Vehicle_11;8568201;1235;20;ed;1.4629998207092285
Vehicle_11;8568201;1236;20;ed;1.4629998207092285
Vehicle_11;8568201;1237;20;e;1.440000057220459
Vehicle_11;8568201;1238;20;e8;1.440000057220459
Vehicle_11;8568201;1239;20;e8;1.440000057220459
Vehicle_11;8568201;1240;20;e8;1.440000057220459
Vehicle_11;8568201;1241;20;e8;1.440000057220459
Vehicle_11;8568201;1242;20;e8;1.440000057220459
Vehicle_11;8568201;1243;20;e8;1.440000057220459
Vehicle_11;8568201;1244;20;e84;1.440000057220459
Vehicle_11;8568201;1245;20;e;1.440000057220459
Vehicle_11;8568201;1246;20;e;1.440000057220459
Vehicle_11;8568201;1247;20;e;1.440000057220459
Vehicle_11;8568201;1248;20;b2;1.440000057220459
Vehicle_11;8568201;1249;20;b2;1.440000057220459
Vehicle_11;8568201;1250;20;b2;1.440000057220459
Vehicle_11;8568201;1251;20;b2;1.440000057220459
Vehicle_11;8568201;1252;20;b2;1.440000057220459
Vehicle_11;8568201;1253;20;e;1.440000057220459
Vehicle_11;8568201;1254;20;e;1.440999984741211
Vehicle_11;8568201;1255;20;ededede;1.440999984741211
Vehicle_11;8568201;1256;20;ede;1.440999984741211
Vehicle_11;8568201;1257;20;ede;1.440999984741211
Vehicle_11;8568201;1258;20;ed;1.440999984741211
Vehicle_11;8568201;1259;20;ed;1.440999984741211
Vehicle_11;8568201;1260;20;e;1.440999984741211
Vehicle_11;8568201;1261;20;e;1.440999984741211
Vehicle_11;8568201;1262;20;e;1.440999984741211
Vehicle_11;8568201;1263;20;e;1.440999984741211
Vehicle_11;8568201;1264;20;e;1.440999984741211
Vehicle_11;8568201;1265;20;e8;1.440999984741211
Vehicle_11;8568201;1266;20;e8;1.440999984741211
Vehicle_11;8568201;1267;20;e8;1.440999984741211
Vehicle_11;8568201;1268;20;e8;1.440999984741211
Vehicle_11;8568201;1269;20;e8;1.440999984741211
Vehicle_11;8568201;1270;20;e8;1.440999984741211
Vehicle_11;8568201;1271;20;e8;1.440999984741211
Vehicle_11;8568201;1272;20;e848;1.440999984741211
Vehicle_11;8568201;1273;20;ede8;1.440000057220459
Vehicle_11;8568201;1274;20;e8484;1.440000057220459
Vehicle_11;8568201;1275;20;e84;1.440000057220459
Vehicle_11;8568201;1276;20;ed;1.440000057220459
Vehicle_11;8568201;1277;20;ed;1.440000057220459
Vehicle_11;8568201;1278;20;ed;1.440000057220459
Vehicle_11;8568201;1279;20;ed;1.440000057220459
Vehicle_11;8568201;1280;20;ed;1.440999984741211
Vehicle_11;8568201;1281;20;ed;1.440999984741211
Vehicle_11;8568201;1282;20;ed;1.440999984741211
Vehicle_11;8568201;1283;20;ed;1.440999984741211
Vehicle_11;8568201;1284;20;ed;1.440999984741211
Vehicle_11;8568201;1285;20;e;1.440999984741211
Vehicle_11;8568201;1286;20;e;1.440999984741211
Vehicle_11;8568201;1287;20;e;1.440999984741211
Vehicle_11;8568201;1288;20;e;1.440999984741211
Vehicle_11;8568201;1289;20;ede;1.440999984741211
Vehicle_11;8568201;1290;20;b7ede;1.440999984741211
Vehicle_11;8568201;1291;20;b212;1.440999984741211
Vehicle_11;8568201;1292;20;eded;1.440999984741211
Vehicle_11;8568201;1293;20;eded;1.440999984741211
Vehicle_11;8568201;1294;20;eded;1.440999984741211
Vehicle_11;8568201;1295;20;e;1.440999984741211
Vehicle_11;8568201;1296;20;e8;1.440999984741211
Vehicle_11;8568201;1297;20;e8;1.440999984741211
Vehicle_11;8568201;1298;20;e8;1.440999984741211
Vehicle_11;8568201;1299;20;e8;1.439000129699707
Vehicle_11;8568201;1300;20;e8;1.439000129699707
Vehicle_11;8568201;1301;20;e8;1.439000129699707
Vehicle_11;8568201;1302;20;e8;1.439000129699707
Vehicle_11;8568201;1303;20;e8;1.439000129699707
Vehicle_11;8568201;1304;20;e8;1.439000129699707
Vehicle_11;8568201;1305;20;e8;1.439000129699707
Vehicle_11;8568201;1306;20;e84;1.439000129699707
Vehicle_11;8568201;1307;20;e;1.439000129699707
Vehicle_11;8568201;1308;20;b2;1.440000057220459
Vehicle_11;8568201;1309;20;b2;1.440000057220459
Vehicle_11;8568201;1310;20;b2;1.440000057220459
Vehicle_11;8568201;1311;20;b2;1.440000057220459
Vehicle_11;8568201;1312;20;b2121;1.440000057220459
Vehicle_11;8568201;1313;20;ed;1.440000057220459
Vehicle_11;8568201;1314;20;ed;1.440000057220459
Vehicle_11;8568201;1315;20;ed;1.440000057220459
Vehicle_11;8568201;1316;20;e;1.440000057220459
Vehicle_11;8568201;1317;20;ed;1.440000057220459
Vehicle_11;8568201;1318;20;ed;1.440000057220459
Vehicle_11;8568201;1319;20;ed;1.440000057220459
Vehicle_11;8568201;1320;20;ed;1.440000057220459
Vehicle_11;8568201;1321;20;ed;1.440000057220459
Vehicle_11;8568201;1322;20;ed;1.440000057220459
Vehicle_11;8568201;1323;20;ed;1.440000057220459
Vehicle_11;8568201;1324;20;ed;1.440000057220459
Vehicle_11;8568201;1325;20;ed;1.440000057220459
Vehicle_11;8568201;1326;20;e;1.440000057220459
Vehicle_11;8568201;1327;20;e;1.440000057220459
Vehicle_11;8568201;1328;20;e;1.440000057220459
Vehicle_11;8568201;1329;20;e;1.440000057220459
Vehicle_11;8568201;1330;20;e;1.440000057220459
