vehicle;ride;pos;ws;marker;time_delay
Vehicle_2;9020006;0;10;e848;1.0429999828338623
Vehicle_2;9020006;1;10;e8484;1.0429999828338623
Vehicle_2;9020006;2;10;e84848;1.0429999828338623
Vehicle_2;9020006;3;10;e8485a;1.1710000038146973
Vehicle_2;9020006;4;10;a5a485;1.1710000038146973
Vehicle_2;9020006;5;10;12;1.1710000038146973
Vehicle_2;9020006;6;10;a485a;1.1710000038146973
Vehicle_2;9020006;7;10;12;1.1710000038146973
Vehicle_2;9020006;8;10;12;1.1710000038146973
Vehicle_2;9020006;9;10;a4848;1.1710000038146973
Vehicle_2;9020006;10;10;;1.1710000038146973
Vehicle_2;9020006;11;10;1;1.1710000038146973
Vehicle_2;9020006;12;10;a5a48;1.0490000247955322
Vehicle_2;9020006;13;10;124;1.0490000247955322
Vehicle_2;9020006;14;10;1248;1.0469999313354492
Vehicle_2;9020006;15;10;a48124;1.1990001201629639
Vehicle_2;9020006;16;10;48;1.1990001201629639
Vehicle_2;9020006;17;10;48;1.311000108718872
Vehicle_2;9020006;18;10;48;1.311000108718872
Vehicle_2;9020006;19;10;8484;1.311000108718872
Vehicle_2;9020006;20;10;4812;1.311000108718872
Vehicle_2;9020006;21;10;a;1.311000108718872
Vehicle_2;9020006;22;10;;1.9760000705718994
Vehicle_2;9020006;23;10;a5a5e;1.9760000705718994
Vehicle_2;9020006;24;10;1212;1.9760000705718994
Vehicle_2;9020006;25;10;1212;1.9760000705718994
Vehicle_2;9020006;26;10;1212;1.9760000705718994
Vehicle_2;9020006;27;10;a5e;1.9760000705718994
Vehicle_2;9020006;28;10;12;1.9760000705718994
Vehicle_2;9020006;29;10;121;1.9760000705718994
Vehicle_2;9020006;30;10;ed;1.9760000705718994
Vehicle_2;9020006;31;10;e;1.0470001697540283
Vehicle_2;9020006;32;10;e;1.0470001697540283
Vehicle_2;9020006;33;10;e;1.2260000705718994
Vehicle_2;9020006;34;10;e;1.2260000705718994
Vehicle_2;9020006;35;10;b7e;1.2260000705718994
Vehicle_2;9020006;36;10;b2;1.2260000705718994
Vehicle_2;9020006;37;10;e;1.2260000705718994
Vehicle_2;9020006;38;10;ede;2.002000093460083
Vehicle_2;9020006;39;10;e;2.002000093460083
Vehicle_2;9020006;40;10;e;2.002000093460083
Vehicle_2;9020006;41;10;e;2.002000093460083
Vehicle_2;9020006;42;10;e;2.002000093460083
Vehicle_2;9020006;43;10;e;2.002000093460083
Vehicle_2;9020006;44;10;e;2.002000093460083
Vehicle_2;9020006;45;10;e;2.002000093460083
Vehicle_2;9020006;46;10;e;2.002000093460083
Vehicle_2;9020006;47;10;e;1.0409998893737793
Vehicle_2;9020006;48;10;e;1.0409998893737793
Vehicle_2;9020006;49;10;ede;1.0490000247955322
Vehicle_2;9020006;50;10;ede;1.0490000247955322
Vehicle_2;9020006;51;10;e;1.059000015258789
Vehicle_2;9020006;52;10;e;1.059000015258789
Vehicle_2;9020006;53;10;eded;1.059000015258789
Vehicle_2;9020006;54;10;edede;1.059000015258789
Vehicle_2;9020006;55;10;ede;1.059000015258789
Vehicle_2;9020006;56;10;ede;1.4429998397827148
Vehicle_2;9020006;57;10;ede;1.4429998397827148
Vehicle_2;9020006;58;10;e;1.4429998397827148
Vehicle_2;9020006;59;10;e;1.4429998397827148
Vehicle_2;9020006;60;10;ede;1.4429998397827148
Vehicle_2;9020006;61;10;ede;1.4429998397827148
Vehicle_2;9020006;62;10;e;1.4429998397827148
Vehicle_2;9020006;63;10;e;1.4429998397827148
Vehicle_2;9020006;64;10;e;1.4429998397827148
Vehicle_2;9020006;65;10;e;1.0709998607635498
Vehicle_2;9020006;66;10;e;1.0709998607635498
Vehicle_2;9020006;67;10;e;1.0499999523162842
Vehicle_2;9020006;68;10;e;1.0499999523162842
Vehicle_2;9020006;69;10;e;1.0499999523162842
Vehicle_2;9020006;70;10;e;1.0499999523162842
Vehicle_2;9020006;71;10;e;1.065000057220459
Vehicle_2;9020006;72;10;ede;1.065000057220459
Vehicle_2;9020006;73;10;e;1.065000057220459
Vehicle_2;9020006;74;10;ede;1.065000057220459
Vehicle_2;9020006;75;10;ede;1.065000057220459
Vehicle_2;9020006;76;10;ede;1.065000057220459
Vehicle_2;9020006;77;10;eded;1.065000057220459
Vehicle_2;9020006;78;10;edede;1.065000057220459
Vehicle_2;9020006;79;10;eded;1.065000057220459
Vehicle_2;9020006;80;10;ede;1.062999963760376
Vehicle_2;9020006;81;10;ede;1.2660000324249268
Vehicle_2;9020006;82;10;e;1.2660000324249268
Vehicle_2;9020006;83;10;ed;1.2660000324249268
Vehicle_2;9020006;84;10;edede;1.2660000324249268
Vehicle_2;9020006;85;10;edede;1.2660000324249268
Vehicle_2;9020006;86;10;edede;1.2660000324249268
Vehicle_2;9020006;87;10;edede;1.2660000324249268
Vehicle_2;9020006;88;10;edede;1.2660000324249268
Vehicle_2;9020006;89;10;edede;1.2660000324249268
Vehicle_2;9020006;90;10;edede;1.2599999904632568
Vehicle_2;9020006;91;10;edede;1.2599999904632568
Vehicle_2;9020006;92;10;edede;1.2599999904632568
Vehicle_2;9020006;93;10;ededed;1.2599999904632568
Vehicle_2;9020006;94;10;ededede;1.2599999904632568
Vehicle_2;9020006;95;10;ededede;1.2599999904632568
Vehicle_2;9020006;96;10;ededed;1.0420000553131104
Vehicle_2;9020006;97;10;ededed;1.0420000553131104
Vehicle_2;9020006;98;10;e;1.0420000553131104
Vehicle_2;9020006;99;10;e;1.0369999408721924
Vehicle_2;9020006;100;10;ede;1.0369999408721924
Vehicle_2;9020006;101;10;e;1.055999994277954
Vehicle_2;9020006;102;10;e;1.055999994277954
Vehicle_2;9020006;103;10;e;1.055999994277954
Vehicle_2;9020006;104;10;ede;1.055999994277954
Vehicle_2;9020006;105;10;eded;1.055999994277954
Vehicle_2;9020006;106;10;eded;1.055999994277954
Vehicle_2;9020006;107;10;ede;1.1600000858306885
Vehicle_2;9020006;108;10;eded;1.1600000858306885
Vehicle_2;9020006;109;10;ede;1.1600000858306885
Vehicle_2;9020006;110;10;eded;1.1600000858306885
Vehicle_2;9020006;111;10;edede;1.1600000858306885
Vehicle_2;9020006;112;10;edede;1.1600000858306885
Vehicle_2;9020006;113;10;ededed;4.884999990463257
Vehicle_2;9020006;114;10;edede;4.884999990463257
Vehicle_2;9020006;115;10;edede;4.884999990463257
Vehicle_2;9020006;116;10;edede;4.884999990463257
Vehicle_2;9020006;117;10;eded;4.884999990463257
Vehicle_2;9020006;118;10;ede;4.884999990463257
Vehicle_2;9020006;119;10;ed;4.884999990463257
Vehicle_2;9020006;120;10;ed;4.884999990463257
Vehicle_2;9020006;121;10;ed;4.884999990463257
Vehicle_2;9020006;122;10;ed;2.820000171661377
Vehicle_2;9020006;123;10;ed;2.820000171661377
Vehicle_2;9020006;124;10;ed;1.2759997844696045
Vehicle_2;9020006;125;10;ede;1.2759997844696045
Vehicle_2;9020006;126;10;ede;1.2759997844696045
Vehicle_2;9020006;127;10;eded;1.2759997844696045
Vehicle_2;9020006;128;10;ededede;1.2759997844696045
Vehicle_2;9020006;129;10;ededed;1.2759997844696045
Vehicle_2;9020006;130;10;ede;1.2759997844696045
Vehicle_2;9020006;131;10;ede;1.2759997844696045
Vehicle_2;9020006;132;10;ede;1.0840001106262207
Vehicle_2;9020006;133;10;ede;1.0840001106262207
Vehicle_2;9020006;134;10;ed;1.0840001106262207
Vehicle_2;9020006;135;10;ed;1.0840001106262207
Vehicle_2;9020006;136;10;ed;1.0840001106262207
Vehicle_2;9020006;137;10;ed;1.0840001106262207
Vehicle_2;9020006;138;10;e;1.1480000019073486
Vehicle_2;9020006;139;10;e;1.1480000019073486
Vehicle_2;9020006;140;10;e;1.2750000953674316
Vehicle_2;9020006;141;10;e;1.2750000953674316
Vehicle_2;9020006;142;10;e;1.2750000953674316
Vehicle_2;9020006;143;10;ede;1.2750000953674316
Vehicle_2;9020006;144;10;eded;1.2750000953674316
Vehicle_2;9020006;145;10;e;1.2750000953674316
Vehicle_2;9020006;146;10;e;1.2750000953674316
Vehicle_2;9020006;147;10;e;1.2750000953674316
Vehicle_2;9020006;148;10;e8;1.2750000953674316
Vehicle_2;9020006;149;10;e8;1.9779999256134033
Vehicle_2;9020006;150;10;e8;1.9779999256134033
Vehicle_2;9020006;151;10;e8;1.9779999256134033
Vehicle_2;9020006;152;10;b2;1.9779999256134033
Vehicle_2;9020006;153;10;b2;1.9779999256134033
Vehicle_2;9020006;154;10;b2;1.9779999256134033
Vehicle_2;9020006;155;10;e;1.9779999256134033
Vehicle_2;9020006;156;10;e;1.9779999256134033
Vehicle_2;9020006;157;10;e;1.9779999256134033
Vehicle_2;9020006;158;10;ede;1.2899999618530273
Vehicle_2;9020006;159;10;ededed;1.2899999618530273
Vehicle_2;9020006;160;10;ededed;1.2899999618530273
Vehicle_2;9020006;161;10;ededed;1.0779998302459717
Vehicle_2;9020006;162;10;ededed;1.0779998302459717
Vehicle_2;9020006;163;10;edede;1.0779998302459717
Vehicle_2;9020006;164;10;eded;1.0779998302459717
Vehicle_2;9020006;165;10;eded;1.069000005722046
Vehicle_2;9020006;166;10;eded;1.069000005722046
Vehicle_2;9020006;167;10;eded;1.069000005722046
Vehicle_2;9020006;168;10;eded;1.069000005722046
Vehicle_2;9020006;169;10;eded;1.055999994277954
Vehicle_2;9020006;170;10;ede;1.055999994277954
Vehicle_2;9020006;171;10;ede;1.055999994277954
Vehicle_2;9020006;172;10;ede;1.055999994277954
Vehicle_2;9020006;173;10;eded;1.055999994277954
Vehicle_2;9020006;174;10;ede;1.055999994277954
Vehicle_2;9020006;175;10;ed;1.0550000667572021
Vehicle_2;9020006;176;10;ed;1.0550000667572021
Vehicle_2;9020006;177;10;ede;1.0550000667572021
Vehicle_2;9020006;178;10;ede;1.0550000667572021
Vehicle_2;9020006;179;10;ede;1.0550000667572021
Vehicle_2;9020006;180;10;ede;1.0550000667572021
Vehicle_2;9020006;181;10;ed;1.0550000667572021
Vehicle_2;9020006;182;10;ede;1.1389999389648438
Vehicle_2;9020006;183;10;ede;1.1389999389648438
Vehicle_2;9020006;184;10;ed;1.1389999389648438
Vehicle_2;9020006;185;10;ede;1.1389999389648438
Vehicle_2;9020006;186;10;ede;1.1389999389648438
Vehicle_2;9020006;187;10;ede;1.1389999389648438
Vehicle_2;9020006;188;10;ede;1.1389999389648438
Vehicle_2;9020006;189;10;eded;1.1389999389648438
Vehicle_2;9020006;190;10;eded;1.1389999389648438
Vehicle_2;9020006;191;10;edede;1.0490000247955322
Vehicle_2;9020006;192;10;ededed;1.2879998683929443
Vehicle_2;9020006;193;10;edede;1.2879998683929443
Vehicle_2;9020006;194;10;ede;1.2879998683929443
Vehicle_2;9020006;195;10;ede;1.2879998683929443
Vehicle_2;9020006;196;10;ede;1.2879998683929443
Vehicle_2;9020006;197;10;ede;1.2879998683929443
Vehicle_2;9020006;198;10;ed;1.311000108718872
Vehicle_2;9020006;199;10;ed;1.311000108718872
Vehicle_2;9020006;200;10;edede;1.311000108718872
Vehicle_2;9020006;201;10;ede;1.311000108718872
Vehicle_2;9020006;202;10;ed;2.250999927520752
Vehicle_2;9020006;203;10;e;2.250999927520752
Vehicle_2;9020006;204;10;e;2.250999927520752
Vehicle_2;9020006;205;10;e;2.250999927520752
Vehicle_2;9020006;206;10;e;2.250999927520752
Vehicle_2;9020006;207;10;ede;2.250999927520752
Vehicle_2;9020006;208;10;e;2.250999927520752
Vehicle_2;9020006;209;10;ede;2.250999927520752
Vehicle_2;9020006;210;10;ede;2.250999927520752
Vehicle_2;9020006;211;10;e;1.2769999504089355
Vehicle_2;9020006;212;10;e;1.2769999504089355
Vehicle_2;9020006;213;10;e;1.2769999504089355
Vehicle_2;9020006;214;10;e;1.2179999351501465
Vehicle_2;9020006;215;10;ede;1.2179999351501465
Vehicle_2;9020006;216;10;ede;1.2179999351501465
Vehicle_2;9020006;217;10;ededede;1.2179999351501465
Vehicle_2;9020006;218;10;edede;1.2179999351501465
Vehicle_2;9020006;219;10;edede;1.058000087738037
Vehicle_2;9020006;220;10;e;1.0850000381469727
Vehicle_2;9020006;221;10;e;1.0850000381469727
Vehicle_2;9020006;222;10;e;1.0850000381469727
Vehicle_2;9020006;223;10;ede;1.0850000381469727
Vehicle_2;9020006;224;10;eded;1.0850000381469727
Vehicle_2;9020006;225;10;edede;1.0850000381469727
Vehicle_2;9020006;226;10;edede;1.0850000381469727
Vehicle_2;9020006;227;10;edede;1.0850000381469727
Vehicle_2;9020006;228;10;ed;1.0850000381469727
Vehicle_2;9020006;229;10;ede;1.055999994277954
Vehicle_2;9020006;230;10;ede;2.0859999656677246
Vehicle_2;9020006;231;10;ede;2.0859999656677246
Vehicle_2;9020006;232;10;ede;2.0859999656677246
Vehicle_2;9020006;233;10;ede;2.0859999656677246
Vehicle_2;9020006;234;10;eded;2.0859999656677246
Vehicle_2;9020006;235;10;ed;2.0859999656677246
Vehicle_2;9020006;236;10;ed;2.0859999656677246
Vehicle_2;9020006;237;10;ed;2.0859999656677246
Vehicle_2;9020006;238;10;ed;2.0859999656677246
Vehicle_2;9020006;239;10;ed;1.0509998798370361
Vehicle_2;9020006;240;10;edede;2.003000020980835
Vehicle_2;9020006;241;10;ede;2.003000020980835
Vehicle_2;9020006;242;10;ede;2.003000020980835
Vehicle_2;9020006;243;10;ede;2.003000020980835
Vehicle_2;9020006;244;10;eded;2.003000020980835
Vehicle_2;9020006;245;10;edede;2.003000020980835
Vehicle_2;9020006;246;10;ede;2.003000020980835
Vehicle_2;9020006;247;10;ede;2.003000020980835
Vehicle_2;9020006;248;10;e;2.003000020980835
Vehicle_2;9020006;249;10;e;1.25
Vehicle_2;9020006;250;10;e;1.25
Vehicle_2;9020006;251;10;e;1.25
Vehicle_2;9020006;252;10;ede;1.0269999504089355
Vehicle_2;9020006;253;10;ede;1.0349998474121094
Vehicle_2;9020006;254;10;e;1.0349998474121094
Vehicle_2;9020006;255;10;e;1.066999912261963
Vehicle_2;9020006;256;10;ede;1.066999912261963
Vehicle_2;9020006;257;10;e;1.066999912261963
Vehicle_2;9020006;258;10;e;2.0859999656677246
Vehicle_2;9020006;259;10;e;2.0859999656677246
Vehicle_2;9020006;260;10;e;2.0859999656677246
Vehicle_2;9020006;261;10;e;2.0859999656677246
Vehicle_2;9020006;262;10;e;2.0859999656677246
Vehicle_2;9020006;263;10;e;2.0859999656677246
Vehicle_2;9020006;264;10;ed;2.0859999656677246
Vehicle_2;9020006;265;10;edede;2.0859999656677246
Vehicle_2;9020006;266;10;ededed;2.0859999656677246
Vehicle_2;9020006;267;10;ededed;1.1970000267028809
Vehicle_2;9020006;268;10;edede;1.1970000267028809
Vehicle_2;9020006;269;10;ededed;1.1970000267028809
Vehicle_2;9020006;270;10;ededed;1.1970000267028809
Vehicle_2;9020006;271;10;ededede;1.1970000267028809
Vehicle_2;9020006;272;10;edede;1.1970000267028809
Vehicle_2;9020006;273;10;edede;1.1970000267028809
Vehicle_2;9020006;274;10;e;1.1970000267028809
Vehicle_2;9020006;275;10;e;1.1970000267028809
Vehicle_2;9020006;276;10;e;1.1979999542236328
Vehicle_2;9020006;277;10;e;1.305999994277954
Vehicle_2;9020006;278;10;e;1.305999994277954
Vehicle_2;9020006;279;10;b2;1.305999994277954
Vehicle_2;9020006;280;10;b2;1.305999994277954
Vehicle_2;9020006;281;10;e;1.305999994277954
Vehicle_2;9020006;282;10;e;1.305999994277954
Vehicle_2;9020006;283;10;e;1.305999994277954
Vehicle_2;9020006;284;10;e;1.305999994277954
Vehicle_2;9020006;285;10;e;1.305999994277954
Vehicle_2;9020006;286;10;e;2.0
Vehicle_2;9020006;287;10;e;2.0
Vehicle_2;9020006;288;10;e;2.0
Vehicle_2;9020006;289;10;e;2.0
Vehicle_2;9020006;290;10;e;2.0
Vehicle_2;9020006;291;10;e;2.0
Vehicle_2;9020006;292;10;e;2.0
Vehicle_2;9020006;293;10;e;2.0
Vehicle_2;9020006;294;10;e;2.0
Vehicle_2;9020006;295;10;ed;1.2070000171661377
Vehicle_2;9020006;296;10;ede;1.2070000171661377
Vehicle_2;9020006;297;10;eded;2.009999990463257
Vehicle_2;9020006;298;10;edede;2.009999990463257
Vehicle_2;9020006;299;10;eded;2.009999990463257
Vehicle_2;9020006;300;10;ede;2.009999990463257
Vehicle_2;9020006;301;10;e;2.009999990463257
Vehicle_2;9020006;302;10;e;2.009999990463257
Vehicle_2;9020006;303;10;e;2.009999990463257
Vehicle_2;9020006;304;10;e;2.009999990463257
Vehicle_2;9020006;305;10;ed;2.009999990463257
Vehicle_2;9020006;306;10;ededede;1.196000099182129
Vehicle_2;9020006;307;10;ededed;1.182999849319458
Vehicle_2;9020006;308;10;ede;1.182999849319458
Vehicle_2;9020006;309;10;ed;1.182999849319458
Vehicle_2;9020006;310;10;ed;1.182999849319458
Vehicle_2;9020006;311;10;e;1.182999849319458
Vehicle_2;9020006;312;10;e;1.1689999103546143
Vehicle_2;9020006;313;10;e;1.1689999103546143
Vehicle_2;9020006;314;10;ede;1.194000005722046
Vehicle_2;9020006;315;10;ede;1.194000005722046
Vehicle_2;9020006;316;10;ede;1.194000005722046
Vehicle_2;9020006;317;10;e;1.194000005722046
Vehicle_2;9020006;318;10;e;1.194000005722046
Vehicle_2;9020006;319;10;e;1.194000005722046
Vehicle_2;9020006;320;10;e;1.194000005722046
Vehicle_2;9020006;321;10;e;1.194000005722046
Vehicle_2;9020006;322;10;e;1.194000005722046
Vehicle_2;9020006;323;10;ed;1.1700000762939453
Vehicle_2;9020006;324;10;edede;1.1700000762939453
Vehicle_2;9020006;325;10;ede;2.0890002250671387
Vehicle_2;9020006;326;10;ede;2.0890002250671387
Vehicle_2;9020006;327;10;e;2.0890002250671387
Vehicle_2;9020006;328;10;e;2.0890002250671387
Vehicle_2;9020006;329;10;e;2.0890002250671387
Vehicle_2;9020006;330;10;ede;2.0890002250671387
Vehicle_2;9020006;331;10;eded;2.0890002250671387
Vehicle_2;9020006;332;10;edede;2.0890002250671387
Vehicle_2;9020006;333;10;edede;2.0890002250671387
Vehicle_2;9020006;334;10;eded;1.1729998588562012
Vehicle_2;9020006;335;10;edede;1.2869999408721924
Vehicle_2;9020006;336;10;eded;1.2869999408721924
Vehicle_2;9020006;337;10;edede;1.2869999408721924
Vehicle_2;9020006;338;10;edede;1.2869999408721924
Vehicle_2;9020006;339;10;edede;1.2869999408721924
Vehicle_2;9020006;340;10;edede;1.2869999408721924
Vehicle_2;9020006;341;10;edede;1.2869999408721924
Vehicle_2;9020006;342;10;edede;1.2869999408721924
Vehicle_2;9020006;343;10;edede;1.9789998531341553
Vehicle_2;9020006;344;10;ededed;1.9789998531341553
Vehicle_2;9020006;345;10;edede;1.9789998531341553
Vehicle_2;9020006;346;10;eded;1.9789998531341553
Vehicle_2;9020006;347;10;ede;1.9789998531341553
Vehicle_2;9020006;348;10;ede;1.9789998531341553
Vehicle_2;9020006;349;10;e;1.9789998531341553
Vehicle_2;9020006;350;10;e;1.9789998531341553
Vehicle_2;9020006;351;10;ed;1.9789998531341553
Vehicle_2;9020006;352;10;ed;1.2990000247955322
Vehicle_2;9020006;353;10;ede;1.2990000247955322
Vehicle_2;9020006;354;10;ede;1.253000020980835
Vehicle_2;9020006;355;10;ede;1.253000020980835
Vehicle_2;9020006;356;10;ede;1.1929998397827148
Vehicle_2;9020006;357;10;ede;1.1929998397827148
Vehicle_2;9020006;358;10;ede;1.1929998397827148
Vehicle_2;9020006;359;10;edede;1.1929998397827148
Vehicle_2;9020006;360;10;ede;1.1929998397827148
Vehicle_2;9020006;361;10;edede;1.0490000247955322
Vehicle_2;9020006;362;10;ede;1.057999849319458
Vehicle_2;9020006;363;10;eded;1.057999849319458
Vehicle_2;9020006;364;10;edede;1.057999849319458
Vehicle_2;9020006;365;10;ededed;1.057999849319458
Vehicle_2;9020006;366;10;ededede;1.2810001373291016
Vehicle_2;9020006;367;10;ededede;1.2810001373291016
Vehicle_2;9020006;368;10;ededed;1.2810001373291016
Vehicle_2;9020006;369;10;edede;1.2810001373291016
Vehicle_2;9020006;370;10;edede;1.2810001373291016
Vehicle_2;9020006;371;10;eded;1.2810001373291016
Vehicle_2;9020006;372;10;edede;1.2810001373291016
Vehicle_2;9020006;373;10;ededed;1.2810001373291016
Vehicle_2;9020006;374;10;ededed;1.2810001373291016
Vehicle_2;9020006;375;10;edede;1.6800000667572021
Vehicle_2;9020006;376;10;ed;1.6800000667572021
Vehicle_2;9020006;377;10;ed;1.6800000667572021
Vehicle_2;9020006;378;10;ede;1.6800000667572021
Vehicle_2;9020006;379;10;ede;1.6800000667572021
Vehicle_2;9020006;380;10;eded;1.6800000667572021
Vehicle_2;9020006;381;10;ede;1.6800000667572021
Vehicle_2;9020006;382;10;eded;1.6800000667572021
Vehicle_2;9020006;383;10;ede;1.6800000667572021
Vehicle_2;9020006;384;10;ede;1.432999849319458
Vehicle_2;9020006;385;10;ede;1.432999849319458
Vehicle_2;9020006;386;10;ede;1.9750001430511475
Vehicle_2;9020006;387;10;eded;1.9750001430511475
Vehicle_2;9020006;388;10;eded;1.9750001430511475
Vehicle_2;9020006;389;10;eded;1.9750001430511475
Vehicle_2;9020006;390;10;eded;1.9750001430511475
Vehicle_2;9020006;391;10;edede;1.9750001430511475
Vehicle_2;9020006;392;10;ededed;1.9750001430511475
Vehicle_2;9020006;393;10;ededed;1.9750001430511475
Vehicle_2;9020006;394;10;ededed;1.9750001430511475
Vehicle_2;9020006;395;10;edede;1.8980000019073486
Vehicle_2;9020006;396;10;eded;1.8980000019073486
Vehicle_2;9020006;397;10;edede;1.8980000019073486
Vehicle_2;9020006;398;10;edede;1.8980000019073486
Vehicle_2;9020006;399;10;eded;1.8980000019073486
Vehicle_2;9020006;400;10;ede;1.198000192642212
Vehicle_2;9020006;401;10;ede;1.198000192642212
Vehicle_2;9020006;402;10;eded;1.198000192642212
Vehicle_2;9020006;403;10;eded;1.190999984741211
Vehicle_2;9020006;404;10;eded;1.190999984741211
Vehicle_2;9020006;405;10;eded;1.190999984741211
Vehicle_2;9020006;406;10;eded;1.190999984741211
Vehicle_2;9020006;407;10;eded;2.003000020980835
Vehicle_2;9020006;408;10;eded;2.003000020980835
Vehicle_2;9020006;409;10;edede;2.003000020980835
Vehicle_2;9020006;410;10;eded;2.003000020980835
Vehicle_2;9020006;411;10;eded;2.003000020980835
Vehicle_2;9020006;412;10;edede;2.003000020980835
Vehicle_2;9020006;413;10;edede;2.003000020980835
Vehicle_2;9020006;414;10;edede;2.003000020980835
Vehicle_2;9020006;415;10;ededed;2.003000020980835
Vehicle_2;9020006;416;10;ededede;1.2120001316070557
Vehicle_2;9020006;417;10;eded;1.2120001316070557
Vehicle_2;9020006;418;10;ed;1.2190001010894775
Vehicle_2;9020006;419;10;e;1.2190001010894775
Vehicle_2;9020006;420;10;e;1.2190001010894775
Vehicle_2;9020006;421;10;e;1.2190001010894775
Vehicle_2;9020006;422;10;ede;1.2190001010894775
Vehicle_2;9020006;423;10;ed;1.2190001010894775
Vehicle_2;9020006;424;10;ede;1.2190001010894775
Vehicle_2;9020006;425;10;ede;1.2190001010894775
Vehicle_2;9020006;426;10;eded;1.2190001010894775
Vehicle_2;9020006;427;10;eded;1.1949999332427979
Vehicle_2;9020006;428;10;ede;1.1949999332427979
Vehicle_2;9020006;429;10;eded;1.1949999332427979
Vehicle_2;9020006;430;10;eded;1.6610000133514404
Vehicle_2;9020006;431;10;eded;1.6610000133514404
Vehicle_2;9020006;432;10;edede;1.6610000133514404
Vehicle_2;9020006;433;10;ededed;1.6610000133514404
Vehicle_2;9020006;434;10;edede;1.6610000133514404
Vehicle_2;9020006;435;10;eded;1.6610000133514404
Vehicle_2;9020006;436;10;ede;1.6610000133514404
Vehicle_2;9020006;437;10;eded;1.6610000133514404
Vehicle_2;9020006;438;10;edede;1.6610000133514404
Vehicle_2;9020006;439;10;edede;1.198000192642212
Vehicle_2;9020006;440;10;eded;1.198000192642212
Vehicle_2;9020006;441;10;eded;1.198000192642212
Vehicle_2;9020006;442;10;eded;1.188999891281128
Vehicle_2;9020006;443;10;ede;1.188999891281128
Vehicle_2;9020006;444;10;edede;1.188999891281128
Vehicle_2;9020006;445;10;ededed;1.188999891281128
Vehicle_2;9020006;446;10;ede;1.2860000133514404
Vehicle_2;9020006;447;10;eded;1.2860000133514404
Vehicle_2;9020006;448;10;edede;1.2860000133514404
Vehicle_2;9020006;449;10;ededed;1.2860000133514404
Vehicle_2;9020006;450;10;ededede;1.316999912261963
Vehicle_2;9020006;451;10;ededede;1.316999912261963
Vehicle_2;9020006;452;10;edededed;1.316999912261963
Vehicle_2;9020006;453;10;ededede;1.316999912261963
Vehicle_2;9020006;454;10;ededed;1.316999912261963
Vehicle_2;9020006;455;10;edede;1.316999912261963
Vehicle_2;9020006;456;10;eded;1.316999912261963
Vehicle_2;9020006;457;10;eded;1.316999912261963
Vehicle_2;9020006;458;10;ede;1.9399998188018799
Vehicle_2;9020006;459;10;ed;1.9399998188018799
Vehicle_2;9020006;460;10;e;1.9399998188018799
Vehicle_2;9020006;461;10;e;1.9399998188018799
Vehicle_2;9020006;462;10;ed;1.9399998188018799
Vehicle_2;9020006;463;10;ede;1.9399998188018799
Vehicle_2;9020006;464;10;ede;1.9399998188018799
Vehicle_2;9020006;465;10;eded;1.9399998188018799
Vehicle_2;9020006;466;10;ede;1.9399998188018799
Vehicle_2;9020006;467;10;eded;1.5299999713897705
Vehicle_2;9020006;468;10;eded;1.5299999713897705
Vehicle_2;9020006;469;10;eded;1.5299999713897705
Vehicle_2;9020006;470;10;ede;1.5299999713897705
Vehicle_2;9020006;471;10;ed;1.5299999713897705
Vehicle_2;9020006;472;10;ededed;1.5299999713897705
Vehicle_2;9020006;473;10;edede;1.5299999713897705
Vehicle_2;9020006;474;10;e;1.0720000267028809
Vehicle_2;9020006;475;10;e;1.0720000267028809
Vehicle_2;9020006;476;10;ed;1.0720000267028809
Vehicle_2;9020006;477;10;ed;1.5309998989105225
Vehicle_2;9020006;478;10;ed;1.5309998989105225
Vehicle_2;9020006;479;10;ed;1.5309998989105225
Vehicle_2;9020006;480;10;e;1.5309998989105225
Vehicle_2;9020006;481;10;ede;1.5309998989105225
Vehicle_2;9020006;482;10;eded;1.5309998989105225
Vehicle_2;9020006;483;10;eded;1.5309998989105225
Vehicle_2;9020006;484;10;eded;5.858000040054321
Vehicle_2;9020006;485;10;eded;5.858000040054321
Vehicle_2;9020006;486;10;eded;5.858000040054321
Vehicle_2;9020006;487;10;eded;5.858000040054321
Vehicle_2;9020006;488;10;eded;5.858000040054321
Vehicle_2;9020006;489;10;eded;5.858000040054321
Vehicle_2;9020006;490;10;eded;5.858000040054321
Vehicle_2;9020006;491;10;eded;5.858000040054321
Vehicle_2;9020006;492;10;eded;5.858000040054321
Vehicle_2;9020006;493;10;edede;5.724999904632568
Vehicle_2;9020006;494;10;ede;5.724999904632568
Vehicle_2;9020006;495;10;edede;5.724999904632568
Vehicle_2;9020006;496;10;eded;5.724999904632568
Vehicle_2;9020006;497;10;ede;5.724999904632568
Vehicle_2;9020006;498;10;ede;5.724999904632568
Vehicle_2;9020006;499;10;ed;5.724999904632568
Vehicle_2;9020006;500;10;edede;5.724999904632568
Vehicle_2;9020006;501;10;edede;5.724999904632568
Vehicle_2;9020006;502;10;eded;2.0820000171661377
Vehicle_2;9020006;503;10;edede;2.0820000171661377
Vehicle_2;9020006;504;10;ededed;2.0820000171661377
Vehicle_2;9020006;505;10;ededed;2.0820000171661377
Vehicle_2;9020006;506;10;ededed;2.0820000171661377
Vehicle_2;9020006;507;10;ededed;2.0820000171661377
Vehicle_2;9020006;508;10;ededed;2.0820000171661377
Vehicle_2;9020006;509;10;ede;2.069999933242798
Vehicle_2;9020006;510;10;ede;2.069999933242798
Vehicle_2;9020006;511;10;ed;2.069999933242798
Vehicle_2;9020006;512;10;e;2.069999933242798
Vehicle_2;9020006;513;10;e;2.069999933242798
Vehicle_2;9020006;514;10;e;2.069999933242798
Vehicle_2;9020006;515;10;ed;1.944000005722046
Vehicle_2;9020006;516;10;e;1.944000005722046
Vehicle_2;9020006;517;10;e;1.944000005722046
Vehicle_2;9020006;518;10;e;1.944000005722046
Vehicle_2;9020006;519;10;e;1.2059998512268066
Vehicle_2;9020006;520;10;e;1.2059998512268066
Vehicle_2;9020006;521;10;ede;1.125
Vehicle_2;9020006;522;10;ede;1.125
Vehicle_2;9020006;523;10;ede;1.125
Vehicle_2;9020006;524;10;ede;1.4039998054504395
Vehicle_2;9020006;525;10;e;1.4039998054504395
Vehicle_2;9020006;526;10;edede;1.4039998054504395
Vehicle_2;9020006;527;10;ed;1.4039998054504395
Vehicle_2;9020006;528;10;e;1.4039998054504395
Vehicle_2;9020006;529;10;e;1.4039998054504395
Vehicle_2;9020006;530;10;e;1.4039998054504395
Vehicle_2;9020006;531;10;e;1.4039998054504395
Vehicle_2;9020006;532;10;e;1.4039998054504395
Vehicle_2;9020006;533;10;ede;1.2070000171661377
Vehicle_2;9020006;534;10;eded;1.2070000171661377
Vehicle_2;9020006;535;10;edede;1.187999963760376
Vehicle_2;9020006;536;10;edede;1.187999963760376
Vehicle_2;9020006;537;10;edede;1.0399999618530273
Vehicle_2;9020006;538;10;edede;1.0399999618530273
Vehicle_2;9020006;539;10;edede;1.0399999618530273
Vehicle_2;9020006;540;10;edede;2.0160000324249268
Vehicle_2;9020006;541;10;ededed;2.0160000324249268
Vehicle_2;9020006;542;10;edede;2.0160000324249268
Vehicle_2;9020006;543;10;edede;2.0160000324249268
Vehicle_2;9020006;544;10;edede;2.0160000324249268
Vehicle_2;9020006;545;10;edede;2.0160000324249268
Vehicle_2;9020006;546;10;edede;2.0160000324249268
Vehicle_2;9020006;547;10;edede;2.0160000324249268
Vehicle_2;9020006;548;10;eded;2.0160000324249268
Vehicle_2;9020006;549;10;ede;1.2160000801086426
Vehicle_2;9020006;550;10;eded;1.7880001068115234
Vehicle_2;9020006;551;10;ede;1.7880001068115234
Vehicle_2;9020006;552;10;ede;1.7880001068115234
Vehicle_2;9020006;553;10;ede;1.7880001068115234
Vehicle_2;9020006;554;10;ede;1.7880001068115234
Vehicle_2;9020006;555;10;eded;1.7880001068115234
Vehicle_2;9020006;556;10;eded;1.7880001068115234
Vehicle_2;9020006;557;10;eded;1.7880001068115234
Vehicle_2;9020006;558;10;ede;1.7880001068115234
Vehicle_2;9020006;559;10;eded;1.2710001468658447
Vehicle_2;9020006;560;10;eded;1.2710001468658447
Vehicle_2;9020006;561;10;ede;1.2710001468658447
Vehicle_2;9020006;562;10;ed;1.2840001583099365
Vehicle_2;9020006;563;10;e;1.2840001583099365
Vehicle_2;9020006;564;10;e;1.2840001583099365
Vehicle_2;9020006;565;10;ede;1.2840001583099365
Vehicle_2;9020006;566;10;eded;1.2840001583099365
Vehicle_2;9020006;567;10;ede;1.2840001583099365
Vehicle_2;9020006;568;10;ede;1.2840001583099365
Vehicle_2;9020006;569;10;ede;1.2840001583099365
Vehicle_2;9020006;570;10;ede;1.2840001583099365
Vehicle_2;9020006;571;10;eded;1.1279997825622559
Vehicle_2;9020006;572;10;eded;1.1279997825622559
Vehicle_2;9020006;573;10;eded;1.1279997825622559
Vehicle_2;9020006;574;10;ede;1.1279997825622559
Vehicle_2;9020006;575;10;ed;1.1279997825622559
Vehicle_2;9020006;576;10;ed;1.1279997825622559
Vehicle_2;9020006;577;10;ed;1.0789999961853027
Vehicle_2;9020006;578;10;ed;1.0550000667572021
Vehicle_2;9020006;579;10;ed;1.0550000667572021
Vehicle_2;9020006;580;10;ede;1.0550000667572021
Vehicle_2;9020006;581;10;eded;1.0809998512268066
Vehicle_2;9020006;582;10;eded;1.0809998512268066
Vehicle_2;9020006;583;10;eded;1.0809998512268066
Vehicle_2;9020006;584;10;ede;1.0809998512268066
Vehicle_2;9020006;585;10;e;1.0809998512268066
Vehicle_2;9020006;586;10;ed;1.0809998512268066
Vehicle_2;9020006;587;10;ed;1.0809998512268066
Vehicle_2;9020006;588;10;ed;1.0809998512268066
Vehicle_2;9020006;589;10;ed;1.0809998512268066
Vehicle_2;9020006;590;10;ede;1.063999891281128
Vehicle_2;9020006;591;10;e;1.1359999179840088
Vehicle_2;9020006;592;10;e;1.1359999179840088
Vehicle_2;9020006;593;10;e;1.1359999179840088
Vehicle_2;9020006;594;10;e;1.1359999179840088
Vehicle_2;9020006;595;10;e;1.1359999179840088
Vehicle_2;9020006;596;10;ed;1.1359999179840088
Vehicle_2;9020006;597;10;ed;1.1359999179840088
Vehicle_2;9020006;598;10;ed;1.1359999179840088
Vehicle_2;9020006;599;10;ed;1.1359999179840088
Vehicle_2;9020006;600;10;e;1.0529999732971191
Vehicle_2;9020006;601;10;ede;1.0529999732971191
Vehicle_2;9020006;602;10;ede;1.2139999866485596
Vehicle_2;9020006;603;10;ededed;1.8340001106262207
Vehicle_2;9020006;604;10;ededede;1.8340001106262207
Vehicle_2;9020006;605;10;edededed;1.8340001106262207
Vehicle_2;9020006;606;10;ededede;1.8340001106262207
Vehicle_2;9020006;607;10;ededede;1.8340001106262207
Vehicle_2;9020006;608;10;ededed;1.8340001106262207
Vehicle_2;9020006;609;10;edede;1.8340001106262207
Vehicle_2;9020006;610;10;ede;1.8340001106262207
Vehicle_2;9020006;611;10;ede;1.8340001106262207
Vehicle_2;9020006;612;10;e;1.2100000381469727
Vehicle_2;9020006;613;10;ede;1.2100000381469727
Vehicle_2;9020006;614;10;ede;1.3650000095367432
Vehicle_2;9020006;615;10;e;1.3650000095367432
Vehicle_2;9020006;616;10;e;1.3650000095367432
Vehicle_2;9020006;617;10;e;1.3650000095367432
Vehicle_2;9020006;618;10;e;1.3650000095367432
Vehicle_2;9020006;619;10;e;1.3650000095367432
Vehicle_2;9020006;620;10;e;1.3650000095367432
Vehicle_2;9020006;621;10;e;1.3650000095367432
Vehicle_2;9020006;622;10;e;1.3650000095367432
Vehicle_2;9020006;623;10;ede;1.8439998626708984
Vehicle_2;9020006;624;10;e;1.8439998626708984
Vehicle_2;9020006;625;10;ede;1.8439998626708984
Vehicle_2;9020006;626;10;ede;1.8439998626708984
Vehicle_2;9020006;627;10;ede;1.8439998626708984
Vehicle_2;9020006;628;10;eded;1.8439998626708984
Vehicle_2;9020006;629;10;eded;1.8439998626708984
Vehicle_2;9020006;630;10;e;1.8439998626708984
Vehicle_2;9020006;631;10;e;1.8439998626708984
Vehicle_2;9020006;632;10;e;1.065000057220459
Vehicle_2;9020006;633;10;e;1.5859999656677246
Vehicle_2;9020006;634;10;e;1.5859999656677246
Vehicle_2;9020006;635;10;e;1.5859999656677246
Vehicle_2;9020006;636;10;e;1.5859999656677246
Vehicle_2;9020006;637;10;e;1.5859999656677246
Vehicle_2;9020006;638;10;ede;1.5859999656677246
Vehicle_2;9020006;639;10;ede;1.5859999656677246
Vehicle_2;9020006;640;10;edede;1.5859999656677246
Vehicle_2;9020006;641;10;ede;1.5859999656677246
Vehicle_2;9020006;642;10;ede;1.2190001010894775
Vehicle_2;9020006;643;10;e;1.2190001010894775
Vehicle_2;9020006;644;10;e;1.7200000286102295
Vehicle_2;9020006;645;10;e;1.7200000286102295
Vehicle_2;9020006;646;10;e;1.7200000286102295
Vehicle_2;9020006;647;10;e;1.7200000286102295
Vehicle_2;9020006;648;10;ed;1.7200000286102295
Vehicle_2;9020006;649;10;ede;1.7200000286102295
Vehicle_2;9020006;650;10;ede;1.7200000286102295
Vehicle_2;9020006;651;10;eded;1.7200000286102295
Vehicle_2;9020006;652;10;eded;1.7200000286102295
Vehicle_2;9020006;653;10;edede;1.2649998664855957
Vehicle_2;9020006;654;10;ededed;1.2649998664855957
Vehicle_2;9020006;655;10;ededede;1.2649998664855957
Vehicle_2;9020006;656;10;ededed;1.258000135421753
Vehicle_2;9020006;657;10;edede;1.258000135421753
Vehicle_2;9020006;658;10;edede;1.258000135421753
Vehicle_2;9020006;659;10;eded;1.258000135421753
Vehicle_2;9020006;660;10;eded;2.0260000228881836
Vehicle_2;9020006;661;10;ede;2.0260000228881836
Vehicle_2;9020006;662;10;e;2.0260000228881836
Vehicle_2;9020006;663;10;e;2.0260000228881836
Vehicle_2;9020006;664;10;ede;2.0260000228881836
Vehicle_2;9020006;665;10;ede;2.0260000228881836
Vehicle_2;9020006;666;10;ede;2.0260000228881836
Vehicle_2;9020006;667;10;e;2.0260000228881836
Vehicle_2;9020006;668;10;e;2.0260000228881836
Vehicle_2;9020006;669;10;ede;1.9890000820159912
Vehicle_2;9020006;670;10;e;1.9890000820159912
Vehicle_2;9020006;671;10;e;1.9890000820159912
Vehicle_2;9020006;672;10;ed;1.9890000820159912
Vehicle_2;9020006;673;10;ed;1.9890000820159912
Vehicle_2;9020006;674;10;e;1.9890000820159912
Vehicle_2;9020006;675;10;e;1.2079999446868896
Vehicle_2;9020006;676;10;e;1.2230000495910645
Vehicle_2;9020006;677;10;ed;1.2230000495910645
Vehicle_2;9020006;678;10;ede;1.2230000495910645
Vehicle_2;9020006;679;10;eded;1.2230000495910645
Vehicle_2;9020006;680;10;ede;2.0360000133514404
Vehicle_2;9020006;681;10;ede;2.0360000133514404
Vehicle_2;9020006;682;10;edede;2.0360000133514404
Vehicle_2;9020006;683;10;edede;2.0360000133514404
Vehicle_2;9020006;684;10;edede;2.0360000133514404
Vehicle_2;9020006;685;10;edede;2.0360000133514404
Vehicle_2;9020006;686;10;eded;2.0360000133514404
Vehicle_2;9020006;687;10;ede;2.0360000133514404
Vehicle_2;9020006;688;10;e;2.0360000133514404
Vehicle_2;9020006;689;10;e;1.4089999198913574
Vehicle_2;9020006;690;10;ede;1.4089999198913574
Vehicle_2;9020006;691;10;ede;1.4089999198913574
Vehicle_2;9020006;692;10;eded;1.2960000038146973
Vehicle_2;9020006;693;10;edede;1.2960000038146973
Vehicle_2;9020006;694;10;ededed;1.2960000038146973
Vehicle_2;9020006;695;10;ededed;1.2960000038146973
Vehicle_2;9020006;696;10;edede;1.2960000038146973
Vehicle_2;9020006;697;10;edede;1.2960000038146973
Vehicle_2;9020006;698;10;edede;1.2960000038146973
Vehicle_2;9020006;699;10;eded;1.2960000038146973
Vehicle_2;9020006;700;10;ede;1.2960000038146973
Vehicle_2;9020006;701;10;ede;1.2609999179840088
Vehicle_2;9020006;702;10;ede;1.2609999179840088
Vehicle_2;9020006;703;10;eded;1.2609999179840088
Vehicle_2;9020006;704;10;edede;1.2609999179840088
Vehicle_2;9020006;705;10;edede;1.2609999179840088
Vehicle_2;9020006;706;10;ededed;1.2609999179840088
Vehicle_2;9020006;707;10;e;1.0490000247955322
Vehicle_2;9020006;708;10;e;1.0490000247955322
Vehicle_2;9020006;709;10;e;1.0490000247955322
Vehicle_2;9020006;710;10;e;1.0490000247955322
Vehicle_2;9020006;711;10;e;1.0379998683929443
Vehicle_2;9020006;712;10;e;1.2019999027252197
Vehicle_2;9020006;713;10;ededed;1.2019999027252197
Vehicle_2;9020006;714;10;edede;1.251999855041504
Vehicle_2;9020006;715;10;e;1.251999855041504
Vehicle_2;9020006;716;10;e;1.251999855041504
Vehicle_2;9020006;717;10;e;1.251999855041504
Vehicle_2;9020006;718;10;e;1.2810001373291016
Vehicle_2;9020006;719;10;e;1.2810001373291016
Vehicle_2;9020006;720;10;e;1.2810001373291016
Vehicle_2;9020006;721;10;ede;1.2810001373291016
Vehicle_2;9020006;722;10;ededed;1.2810001373291016
Vehicle_2;9020006;723;10;edede;1.2810001373291016
Vehicle_2;9020006;724;10;edede;1.2960000038146973
Vehicle_2;9020006;725;10;eded;1.2960000038146973
Vehicle_2;9020006;726;10;eded;1.2960000038146973
Vehicle_2;9020006;727;10;edede;1.2960000038146973
Vehicle_2;9020006;728;10;edede;1.7009999752044678
Vehicle_2;9020006;729;10;eded;1.7009999752044678
Vehicle_2;9020006;730;10;ede;1.7009999752044678
Vehicle_2;9020006;731;10;ed;2.325000047683716
Vehicle_2;9020006;732;10;e;2.325000047683716
Vehicle_2;9020006;733;10;ede;2.325000047683716
Vehicle_2;9020006;734;10;ede;2.325000047683716
Vehicle_2;9020006;735;10;eded;2.325000047683716
Vehicle_2;9020006;736;10;eded;2.325000047683716
Vehicle_2;9020006;737;10;edede;2.325000047683716
Vehicle_2;9020006;738;10;eded;2.325000047683716
Vehicle_2;9020006;739;10;ede;2.325000047683716
Vehicle_2;9020006;740;10;e;2.107999801635742
Vehicle_2;9020006;741;10;e;2.107999801635742
Vehicle_2;9020006;742;10;e;2.242000102996826
Vehicle_2;9020006;743;10;e;2.242000102996826
Vehicle_2;9020006;744;10;e;2.242000102996826
Vehicle_2;9020006;745;10;ed;2.242000102996826
Vehicle_2;9020006;746;10;ede;2.242000102996826
Vehicle_2;9020006;747;10;eded;2.242000102996826
Vehicle_2;9020006;748;10;eded;2.242000102996826
Vehicle_2;9020006;749;10;eded;2.242000102996826
Vehicle_2;9020006;750;10;eded;2.242000102996826
Vehicle_2;9020006;751;10;ede;1.7699999809265137
Vehicle_2;9020006;752;10;ed;1.254000186920166
Vehicle_2;9020006;753;10;ed;1.254000186920166
Vehicle_2;9020006;754;10;e;1.254000186920166
Vehicle_2;9020006;755;10;e;1.254000186920166
Vehicle_2;9020006;756;10;ede;1.2770001888275146
Vehicle_2;9020006;757;10;ede;1.2770001888275146
Vehicle_2;9020006;758;10;ede;1.2770001888275146
Vehicle_2;9020006;759;10;ede;1.2770001888275146
Vehicle_2;9020006;760;10;e;1.2770001888275146
Vehicle_2;9020006;761;10;e;1.2770001888275146
Vehicle_2;9020006;762;10;ede;1.2770001888275146
Vehicle_2;9020006;763;10;ede;1.2770001888275146
Vehicle_2;9020006;764;10;ede;1.2770001888275146
Vehicle_2;9020006;765;10;ede;1.2059998512268066
Vehicle_2;9020006;766;10;ed;1.2059998512268066
Vehicle_2;9020006;767;10;ed;1.2059998512268066
Vehicle_2;9020006;768;10;ed;1.2739999294281006
Vehicle_2;9020006;769;10;ed;1.6700000762939453
Vehicle_2;9020006;770;10;ed;1.6700000762939453
Vehicle_2;9020006;771;10;ed;1.6700000762939453
Vehicle_2;9020006;772;10;ed;1.6700000762939453
Vehicle_2;9020006;773;10;ede;1.6700000762939453
Vehicle_2;9020006;774;10;eded;1.6700000762939453
Vehicle_2;9020006;775;10;ede;1.6700000762939453
Vehicle_2;9020006;776;10;ede;1.6700000762939453
Vehicle_2;9020006;777;10;ede;1.6700000762939453
Vehicle_2;9020006;778;10;eded;1.2620000839233398
Vehicle_2;9020006;779;10;ede;1.2620000839233398
Vehicle_2;9020006;780;10;ede;1.2620000839233398
Vehicle_2;9020006;781;10;ede;1.2620000839233398
Vehicle_2;9020006;782;10;eded;1.2620000839233398
Vehicle_2;9020006;783;10;ede;1.2620000839233398
Vehicle_2;9020006;784;10;eded;1.2139999866485596
Vehicle_2;9020006;785;10;ede;1.2139999866485596
Vehicle_2;9020006;786;10;ede;1.2139999866485596
Vehicle_2;9020006;787;10;ede;1.2139999866485596
Vehicle_2;9020006;788;10;ede;1.2139999866485596
Vehicle_2;9020006;789;10;ede;1.2139999866485596
Vehicle_2;9020006;790;10;eded;1.178999900817871
Vehicle_2;9020006;791;10;ede;1.2089998722076416
Vehicle_2;9020006;792;10;ede;1.2089998722076416
Vehicle_2;9020006;793;10;ed;1.3450000286102295
Vehicle_2;9020006;794;10;e;1.3450000286102295
Vehicle_2;9020006;795;10;e;1.3450000286102295
Vehicle_2;9020006;796;10;e;1.3450000286102295
Vehicle_2;9020006;797;10;e;1.3450000286102295
Vehicle_2;9020006;798;10;e;1.3450000286102295
Vehicle_2;9020006;799;10;ed;1.3450000286102295
Vehicle_2;9020006;800;10;ed;1.3450000286102295
Vehicle_2;9020006;801;10;e;1.3450000286102295
Vehicle_2;9020006;802;10;e;1.1510000228881836
Vehicle_2;9020006;803;10;e;1.1510000228881836
Vehicle_2;9020006;804;10;e;1.1510000228881836
Vehicle_2;9020006;805;10;e;1.1510000228881836
Vehicle_2;9020006;806;10;e;1.1510000228881836
Vehicle_2;9020006;807;10;edede;1.126999855041504
Vehicle_2;9020006;808;10;edede;1.8489999771118164
Vehicle_2;9020006;809;10;ededede;1.8489999771118164
Vehicle_2;9020006;810;10;e;1.8489999771118164
Vehicle_2;9020006;811;10;ededed;1.8489999771118164
Vehicle_2;9020006;812;10;edede;6.57099986076355
Vehicle_2;9020006;813;10;edede;6.57099986076355
Vehicle_2;9020006;814;10;ede;6.57099986076355
Vehicle_2;9020006;815;10;ede;6.57099986076355
Vehicle_2;9020006;816;10;ed;6.57099986076355
Vehicle_2;9020006;817;10;ed;6.57099986076355
Vehicle_2;9020006;818;10;ed;6.57099986076355
Vehicle_2;9020006;819;10;e;6.57099986076355
Vehicle_2;9020006;820;10;e;6.57099986076355
Vehicle_2;9020006;821;10;ede;3.555000066757202
Vehicle_2;9020006;822;10;ede;1.3580000400543213
Vehicle_2;9020006;823;10;eded;1.3580000400543213
Vehicle_2;9020006;824;10;ede;2.0329999923706055
Vehicle_2;9020006;825;10;ede;2.0329999923706055
Vehicle_2;9020006;826;10;ede;2.0329999923706055
Vehicle_2;9020006;827;10;ede;2.0329999923706055
Vehicle_2;9020006;828;10;ede;2.0329999923706055
Vehicle_2;9020006;829;10;eded;2.0329999923706055
Vehicle_2;9020006;830;10;ede;2.0329999923706055
Vehicle_2;9020006;831;10;ed;2.0329999923706055
Vehicle_2;9020006;832;10;ed;2.0329999923706055
Vehicle_2;9020006;833;10;e;1.3340001106262207
Vehicle_2;9020006;834;10;ed;1.3340001106262207
Vehicle_2;9020006;835;10;ede;1.3340001106262207
Vehicle_2;9020006;836;10;ede;1.3340001106262207
Vehicle_2;9020006;837;10;ede;1.3340001106262207
Vehicle_2;9020006;838;10;ede;1.8640000820159912
Vehicle_2;9020006;839;10;ed;1.8640000820159912
Vehicle_2;9020006;840;10;ed;1.8640000820159912
Vehicle_2;9020006;841;10;e;3.4040000438690186
Vehicle_2;9020006;842;10;e;3.4040000438690186
Vehicle_2;9020006;843;10;e;3.4040000438690186
Vehicle_2;9020006;844;10;e;3.4040000438690186
Vehicle_2;9020006;845;10;ed;3.4040000438690186
Vehicle_2;9020006;846;10;ed;3.4040000438690186
Vehicle_2;9020006;847;10;ed;3.4040000438690186
Vehicle_2;9020006;848;10;ed;3.4040000438690186
Vehicle_2;9020006;849;10;e;3.4040000438690186
Vehicle_2;9020006;850;10;e;2.2049999237060547
Vehicle_2;9020006;851;10;ed;2.2049999237060547
Vehicle_2;9020006;852;10;ed;2.2049999237060547
Vehicle_2;9020006;853;10;ed;1.186000108718872
Vehicle_2;9020006;854;10;e;1.3650000095367432
Vehicle_2;9020006;855;10;e;1.3650000095367432
Vehicle_2;9020006;856;10;e;1.3650000095367432
Vehicle_2;9020006;857;10;e;1.3650000095367432
Vehicle_2;9020006;858;10;e;1.3650000095367432
Vehicle_2;9020006;859;10;e;1.3650000095367432
Vehicle_2;9020006;860;10;e;1.3650000095367432
Vehicle_2;9020006;861;10;e;1.3650000095367432
Vehicle_2;9020006;862;10;e;1.3650000095367432
Vehicle_2;9020006;863;10;e;1.2049999237060547
Vehicle_2;9020006;864;10;e;1.2049999237060547
Vehicle_2;9020006;865;10;e;2.2179999351501465
Vehicle_2;9020006;866;10;e;2.2179999351501465
Vehicle_2;9020006;867;10;e;2.2179999351501465
Vehicle_2;9020006;868;10;e;2.2179999351501465
Vehicle_2;9020006;869;10;e;2.2179999351501465
Vehicle_2;9020006;870;10;e;2.2179999351501465
Vehicle_2;9020006;871;10;eded;2.2179999351501465
Vehicle_2;9020006;872;10;eded;2.2179999351501465
Vehicle_2;9020006;873;10;eded;2.2179999351501465
Vehicle_2;9020006;874;10;ede;1.3839998245239258
Vehicle_2;9020006;875;10;e;1.3839998245239258
Vehicle_2;9020006;876;10;e;1.3839998245239258
Vehicle_2;9020006;877;10;e;1.3839998245239258
Vehicle_2;9020006;878;10;ed;1.3839998245239258
Vehicle_2;9020006;879;10;edede;1.3839998245239258
Vehicle_2;9020006;880;10;edede;1.3839998245239258
Vehicle_2;9020006;881;10;ede;1.3839998245239258
Vehicle_2;9020006;882;10;e;1.3839998245239258
Vehicle_2;9020006;883;10;e;1.2159998416900635
Vehicle_2;9020006;884;10;e;1.2159998416900635
Vehicle_2;9020006;885;10;e;1.2159998416900635
Vehicle_2;9020006;886;10;e;1.2159998416900635
Vehicle_2;9020006;887;10;e;1.2159998416900635
Vehicle_2;9020006;888;10;ede;1.2159998416900635
Vehicle_2;9020006;889;10;ede;1.2159998416900635
Vehicle_2;9020006;890;10;eded;1.1649999618530273
Vehicle_2;9020006;891;10;ede;1.194000005722046
Vehicle_2;9020006;892;10;e;1.194000005722046
Vehicle_2;9020006;893;10;e;1.2009999752044678
Vehicle_2;9020006;894;10;e;1.2009999752044678
Vehicle_2;9020006;895;10;ed;1.2009999752044678
Vehicle_2;9020006;896;10;ed;1.2009999752044678
Vehicle_2;9020006;897;10;ed;1.2009999752044678
Vehicle_2;9020006;898;10;e;1.2009999752044678
Vehicle_2;9020006;899;10;e;1.2009999752044678
Vehicle_2;9020006;900;10;e;1.2009999752044678
Vehicle_2;9020006;901;10;e;1.2200000286102295
Vehicle_2;9020006;902;10;e;1.2200000286102295
Vehicle_2;9020006;903;10;e;1.2200000286102295
Vehicle_2;9020006;904;10;ede;2.2229998111724854
Vehicle_2;9020006;905;10;eded;2.2229998111724854
Vehicle_2;9020006;906;10;eded;2.2229998111724854
Vehicle_2;9020006;907;10;ede;2.2229998111724854
Vehicle_2;9020006;908;10;e;2.2229998111724854
Vehicle_2;9020006;909;10;e;2.2229998111724854
Vehicle_2;9020006;910;10;e;2.2229998111724854
Vehicle_2;9020006;911;10;e;2.2229998111724854
Vehicle_2;9020006;912;10;e;2.2229998111724854
Vehicle_2;9020006;913;10;e;1.3179998397827148
Vehicle_2;9020006;914;10;ed;1.3179998397827148
Vehicle_2;9020006;915;10;ed;1.2029998302459717
Vehicle_2;9020006;916;10;ed;1.2630000114440918
Vehicle_2;9020006;917;10;e;1.2630000114440918
Vehicle_2;9020006;918;10;e;1.2630000114440918
Vehicle_2;9020006;919;10;ed;1.2630000114440918
Vehicle_2;9020006;920;10;ed;1.2630000114440918
Vehicle_2;9020006;921;10;ed;1.2630000114440918
Vehicle_2;9020006;922;10;ed;1.2630000114440918
Vehicle_2;9020006;923;10;e;1.2630000114440918
Vehicle_2;9020006;924;10;e;1.9800000190734863
Vehicle_2;9020006;925;10;e;1.9800000190734863
Vehicle_2;9020006;926;10;e;1.9800000190734863
Vehicle_2;9020006;927;10;e;1.9800000190734863
Vehicle_2;9020006;928;10;e;1.9800000190734863
Vehicle_2;9020006;929;10;e;1.9800000190734863
Vehicle_2;9020006;930;10;e;1.9800000190734863
Vehicle_2;9020006;931;10;e;1.9800000190734863
Vehicle_2;9020006;932;10;ed;1.9800000190734863
Vehicle_2;9020006;933;10;ed;1.2049999237060547
Vehicle_2;9020006;934;10;ed;1.1979999542236328
Vehicle_2;9020006;935;10;e;1.1979999542236328
Vehicle_2;9020006;936;10;e;1.1970000267028809
Vehicle_2;9020006;937;10;ed;1.2190001010894775
Vehicle_2;9020006;938;10;ed;1.2190001010894775
Vehicle_2;9020006;939;10;ede;1.2190001010894775
Vehicle_2;9020006;940;10;ede;1.2190001010894775
Vehicle_2;9020006;941;10;ede;1.2190001010894775
Vehicle_2;9020006;942;10;ede;1.2190001010894775
Vehicle_2;9020006;943;10;eded;1.24399995803833
Vehicle_2;9020006;944;10;ede;1.24399995803833
Vehicle_2;9020006;945;10;ede;1.24399995803833
Vehicle_2;9020006;946;10;ede;1.24399995803833
Vehicle_2;9020006;947;10;ede;1.24399995803833
Vehicle_2;9020006;948;10;ed;1.24399995803833
Vehicle_2;9020006;949;10;e;1.24399995803833
Vehicle_2;9020006;950;10;e;1.24399995803833
Vehicle_2;9020006;951;10;ede;1.24399995803833
Vehicle_2;9020006;952;10;ede;1.2009999752044678
Vehicle_2;9020006;953;10;ed;1.2009999752044678
Vehicle_2;9020006;954;10;e;1.2009999752044678
Vehicle_2;9020006;955;10;e;1.2009999752044678
Vehicle_2;9020006;956;10;ed;1.1419999599456787
Vehicle_2;9020006;957;10;ed;1.2080001831054688
Vehicle_2;9020006;958;10;ed;1.2080001831054688
Vehicle_2;9020006;959;10;ed;1.2080001831054688
Vehicle_2;9020006;960;10;e;1.2080001831054688
Vehicle_2;9020006;961;10;ed;1.2080001831054688
Vehicle_2;9020006;962;10;ed;1.2080001831054688
Vehicle_2;9020006;963;10;ed;1.2080001831054688
Vehicle_2;9020006;964;10;e;1.2080001831054688
Vehicle_2;9020006;965;10;ed;1.2080001831054688
Vehicle_2;9020006;966;10;ed;1.2709999084472656
Vehicle_2;9020006;967;10;ed;1.4830000400543213
Vehicle_2;9020006;968;10;ed;1.4830000400543213
Vehicle_2;9020006;969;10;e;1.4830000400543213
Vehicle_2;9020006;970;10;e;1.4830000400543213
Vehicle_2;9020006;971;10;ede;1.4830000400543213
Vehicle_2;9020006;972;10;ede;1.4830000400543213
Vehicle_2;9020006;973;10;ede;1.4830000400543213
Vehicle_2;9020006;974;10;ed;1.4830000400543213
Vehicle_2;9020006;975;10;e;1.4830000400543213
Vehicle_2;9020006;976;10;e;1.3880000114440918
Vehicle_2;9020006;977;10;ede;1.3880000114440918
Vehicle_2;9020006;978;10;e;1.3880000114440918
Vehicle_2;9020006;979;10;e;1.3880000114440918
Vehicle_2;9020006;980;10;e;1.3880000114440918
Vehicle_2;9020006;981;10;ede;1.3880000114440918
Vehicle_2;9020006;982;10;ede;1.371000051498413
Vehicle_2;9020006;983;10;ede;4.01200008392334
Vehicle_2;9020006;984;10;ede;4.01200008392334
Vehicle_2;9020006;985;10;ede;4.01200008392334
Vehicle_2;9020006;986;10;ede;4.01200008392334
Vehicle_2;9020006;987;10;ed;4.01200008392334
Vehicle_2;9020006;988;10;ede;4.01200008392334
Vehicle_2;9020006;989;10;ed;4.01200008392334
Vehicle_2;9020006;990;10;ede;4.01200008392334
Vehicle_2;9020006;991;10;eded;4.01200008392334
Vehicle_2;9020006;992;10;edede;2.884999990463257
Vehicle_2;9020006;993;10;edede;2.884999990463257
Vehicle_2;9020006;994;10;edede;2.884999990463257
Vehicle_2;9020006;995;10;edede;2.884999990463257
Vehicle_2;9020006;996;10;eded;2.884999990463257
Vehicle_2;9020006;997;10;eded;2.884999990463257
Vehicle_2;9020006;998;10;ede;2.884999990463257
Vehicle_2;9020006;999;10;eded;1.2400000095367432
Vehicle_2;9020006;1000;10;ed;1.248000144958496
Vehicle_2;9020006;1001;10;ed;1.248000144958496
Vehicle_2;9020006;1002;10;e;3.3499999046325684
Vehicle_2;9020006;1003;10;e;3.3499999046325684
Vehicle_2;9020006;1004;10;e;5.7170000076293945
Vehicle_2;9020006;1005;10;e;5.7170000076293945
Vehicle_2;9020006;1006;10;ede;5.7170000076293945
Vehicle_2;9020006;1007;10;ede;5.7170000076293945
Vehicle_2;9020006;1008;10;eded;5.7170000076293945
Vehicle_2;9020006;1009;10;eded;5.7170000076293945
Vehicle_2;9020006;1010;10;ede;5.7170000076293945
Vehicle_2;9020006;1011;10;ede;5.7170000076293945
Vehicle_2;9020006;1012;10;ede;5.7170000076293945
Vehicle_2;9020006;1013;10;e;1.2820000648498535
Vehicle_2;9020006;1014;10;e;2.4639999866485596
Vehicle_2;9020006;1015;10;e;2.4639999866485596
Vehicle_2;9020006;1016;10;e;2.4639999866485596
Vehicle_2;9020006;1017;10;e;2.4639999866485596
Vehicle_2;9020006;1018;10;ede;2.4639999866485596
Vehicle_2;9020006;1019;10;ede;2.4639999866485596
Vehicle_2;9020006;1020;10;eded;2.4639999866485596
Vehicle_2;9020006;1021;10;ede;2.4639999866485596
Vehicle_2;9020006;1022;10;ede;2.4639999866485596
Vehicle_2;9020006;1023;10;ed;1.4459998607635498
Vehicle_2;9020006;1024;10;ede;1.4459998607635498
Vehicle_2;9020006;1025;10;ede;1.4459998607635498
Vehicle_2;9020006;1026;10;ed;1.4459998607635498
Vehicle_2;9020006;1027;10;ed;1.4459998607635498
Vehicle_2;9020006;1028;10;e;1.4459998607635498
Vehicle_2;9020006;1029;10;ed;5.243000030517578
Vehicle_2;9020006;1030;10;ed;5.243000030517578
Vehicle_2;9020006;1031;10;ed;5.243000030517578
Vehicle_2;9020006;1032;10;e;5.243000030517578
Vehicle_2;9020006;1033;10;e;5.243000030517578
Vehicle_2;9020006;1034;10;e;5.243000030517578
Vehicle_2;9020006;1035;10;e;5.243000030517578
Vehicle_2;9020006;1036;10;e;5.243000030517578
Vehicle_2;9020006;1037;10;ed;5.243000030517578
Vehicle_2;9020006;1038;10;ed;3.2080001831054688
Vehicle_2;9020006;1039;10;ed;3.2080001831054688
Vehicle_2;9020006;1040;10;e;3.2080001831054688
Vehicle_2;9020006;1041;10;e;3.2080001831054688
Vehicle_2;9020006;1042;10;e;3.2080001831054688
Vehicle_2;9020006;1043;10;ede;3.2080001831054688
Vehicle_2;9020006;1044;10;edede;3.2080001831054688
Vehicle_2;9020006;1045;10;ede;3.2080001831054688
Vehicle_2;9020006;1046;10;ede;1.4159998893737793
Vehicle_2;9020006;1047;10;e;1.4159998893737793
Vehicle_2;9020006;1048;10;e;1.4159998893737793
Vehicle_2;9020006;1049;10;ede;1.4159998893737793
Vehicle_2;9020006;1050;10;ede;1.4159998893737793
Vehicle_2;9020006;1051;10;ede;1.4159998893737793
Vehicle_2;9020006;1052;10;ede;1.4159998893737793
Vehicle_2;9020006;1053;10;e;1.2969999313354492
Vehicle_2;9020006;1054;10;e;4.046000003814697
Vehicle_2;9020006;1055;10;e;4.046000003814697
Vehicle_2;9020006;1056;10;ed;4.046000003814697
Vehicle_2;9020006;1057;10;ed;4.046000003814697
Vehicle_2;9020006;1058;10;e;5.281000137329102
Vehicle_2;9020006;1059;10;e;5.281000137329102
Vehicle_2;9020006;1060;10;e;5.281000137329102
Vehicle_2;9020006;1061;10;e;5.281000137329102
Vehicle_2;9020006;1062;10;e;5.281000137329102
Vehicle_2;9020006;1063;10;e;5.281000137329102
Vehicle_2;9020006;1064;10;e;5.281000137329102
Vehicle_2;9020006;1065;10;e;5.281000137329102
Vehicle_2;9020006;1066;10;ed;5.281000137329102
Vehicle_2;9020006;1067;10;edede;1.4259998798370361
Vehicle_2;9020006;1068;10;edede;1.4259998798370361
Vehicle_2;9020006;1069;10;ededed;1.4259998798370361
Vehicle_2;9020006;1070;10;edede;1.4259998798370361
Vehicle_2;9020006;1071;10;edede;2.24399995803833
Vehicle_2;9020006;1072;10;eded;2.24399995803833
Vehicle_2;9020006;1073;10;edede;2.24399995803833
Vehicle_2;9020006;1074;10;ede;2.24399995803833
Vehicle_2;9020006;1075;10;e;3.361999988555908
Vehicle_2;9020006;1076;10;e;3.361999988555908
Vehicle_2;9020006;1077;10;b7e;3.361999988555908
Vehicle_2;9020006;1078;10;b2;3.361999988555908
Vehicle_2;9020006;1079;10;b2;3.361999988555908
Vehicle_2;9020006;1080;10;b2;3.361999988555908
Vehicle_2;9020006;1081;10;e;3.361999988555908
Vehicle_2;9020006;1082;10;e;3.361999988555908
Vehicle_2;9020006;1083;10;e8;3.361999988555908
Vehicle_2;9020006;1084;10;e;1.5499999523162842
Vehicle_2;9020006;1085;10;e8;2.015000104904175
Vehicle_2;9020006;1086;10;b2;2.015000104904175
Vehicle_2;9020006;1087;10;e;2.015000104904175
Vehicle_2;9020006;1088;10;b2;2.015000104904175
Vehicle_2;9020006;1089;10;e;2.015000104904175
Vehicle_2;9020006;1090;10;ed;2.015000104904175
Vehicle_2;9020006;1091;10;ed;2.015000104904175
Vehicle_2;9020006;1092;10;ed;4.459000110626221
Vehicle_2;9020006;1093;10;e;4.459000110626221
Vehicle_2;9020006;1094;10;e;4.459000110626221
Vehicle_2;9020006;1095;10;ed;4.459000110626221
Vehicle_2;9020006;1096;10;ed;4.459000110626221
Vehicle_2;9020006;1097;10;ed;4.459000110626221
Vehicle_2;9020006;1098;10;ed;4.459000110626221
Vehicle_2;9020006;1099;10;e;13.486000061035156
Vehicle_2;9020006;1100;10;e;13.486000061035156
Vehicle_2;9020006;1101;10;ed;13.486000061035156
Vehicle_2;9020006;1102;10;ede;13.486000061035156
Vehicle_2;9020006;1103;10;ed;13.486000061035156
Vehicle_2;9020006;1104;10;eded;13.486000061035156
Vehicle_2;9020006;1105;10;eded;13.486000061035156
Vehicle_2;9020006;1106;10;eded;13.486000061035156
Vehicle_2;9020006;1107;10;ede;13.486000061035156
Vehicle_2;9020006;1108;10;e;5.393999814987183
Vehicle_2;9020006;1109;10;ed;5.393999814987183
Vehicle_2;9020006;1110;10;ed;5.393999814987183
Vehicle_2;9020006;1111;10;ed;5.393999814987183
Vehicle_2;9020006;1112;10;e;5.393999814987183
Vehicle_2;9020006;1113;10;e;6.483000040054321
Vehicle_2;9020006;1114;10;e;6.483000040054321
Vehicle_2;9020006;1115;10;e;6.483000040054321
Vehicle_2;9020006;1116;10;e;6.483000040054321
Vehicle_2;9020006;1117;10;e;6.483000040054321
Vehicle_2;9020006;1118;10;ede;6.483000040054321
Vehicle_2;9020006;1119;10;ede;6.483000040054321
Vehicle_2;9020006;1120;10;ede;6.483000040054321
Vehicle_2;9020006;1121;10;ede;6.483000040054321
Vehicle_2;9020006;1122;10;ed;1.8519999980926514
Vehicle_2;9020006;1123;10;ed;1.8519999980926514
Vehicle_2;9020006;1124;10;e;19.723000049591064
Vehicle_2;9020006;1125;10;ed;19.723000049591064
Vehicle_2;9020006;1126;10;ed;19.723000049591064
Vehicle_2;9020006;1127;10;ed;19.723000049591064
Vehicle_2;9020006;1128;10;ed;19.723000049591064
Vehicle_2;9020006;1129;10;ed;19.723000049591064
Vehicle_2;9020006;1130;10;ed;19.723000049591064
Vehicle_2;9020006;1131;10;ede;19.723000049591064
Vehicle_2;9020006;1132;10;ed;19.723000049591064
Vehicle_2;9020006;1133;10;ede;2.265000104904175
Vehicle_2;9020006;1134;10;e;2.265000104904175
Vehicle_2;9020006;1135;10;ed;2.265000104904175
Vehicle_2;9020006;1136;10;ed;2.265000104904175
Vehicle_2;9020006;1137;10;ed;2.265000104904175
Vehicle_2;9020006;1138;10;e;2.265000104904175
Vehicle_2;9020006;1139;10;e;2.265000104904175
Vehicle_2;9020006;1140;10;e;2.249000072479248
Vehicle_2;9020006;1141;10;e;2.249000072479248
Vehicle_2;9020006;1142;10;e;18.001999855041504
Vehicle_2;9020006;1143;10;e;18.001999855041504
Vehicle_2;9020006;1144;10;e;18.001999855041504
Vehicle_2;9020006;1145;10;e;18.001999855041504
Vehicle_2;9020006;1146;10;e;18.001999855041504
Vehicle_2;9020006;1147;10;e;18.001999855041504
Vehicle_2;9020006;1148;10;e;18.001999855041504
Vehicle_2;9020006;1149;10;e;18.001999855041504
Vehicle_2;9020006;1150;10;ede;18.001999855041504
Vehicle_2;9020006;1151;10;ede;3.192000150680542
Vehicle_2;9020006;1152;10;ede;2.110999822616577
Vehicle_2;9020006;1153;10;e;2.110999822616577
Vehicle_2;9020006;1154;10;e;5.5320000648498535
Vehicle_2;9020006;1155;10;ede;5.5320000648498535
Vehicle_2;9020006;1156;10;eded;5.5320000648498535
Vehicle_2;9020006;1157;10;ede;5.5320000648498535
Vehicle_2;9020006;1158;10;ede;5.5320000648498535
Vehicle_2;9020006;1159;10;e;5.5320000648498535
Vehicle_2;9020006;1160;10;e;5.5320000648498535
Vehicle_2;9020006;1161;10;ed;5.5320000648498535
Vehicle_2;9020006;1162;10;ed;9.420000076293945
Vehicle_2;9020006;1163;10;e;9.420000076293945
Vehicle_2;9020006;1164;10;e;9.420000076293945
Vehicle_2;9020006;1165;10;e;9.420000076293945
Vehicle_2;9020006;1166;10;e;9.420000076293945
Vehicle_2;9020006;1167;10;e;9.420000076293945
Vehicle_2;9020006;1168;10;e;9.420000076293945
Vehicle_2;9020006;1169;10;ed;138.76900005340576
Vehicle_2;9020006;1170;10;ed;138.76900005340576
Vehicle_2;9020006;1171;10;e;138.76900005340576
Vehicle_2;9020006;1172;10;e;138.76900005340576
Vehicle_2;9020006;1173;10;e;138.76900005340576
Vehicle_2;9020006;1174;10;e;138.76900005340576
Vehicle_2;9020006;1175;10;e;138.76900005340576
Vehicle_2;9020006;1176;10;e;138.76900005340576
Vehicle_2;9020006;1177;10;e;138.76900005340576
Vehicle_2;9020006;1178;10;e;1.5130000114440918
Vehicle_2;9020006;1179;10;e;1.5130000114440918
Vehicle_2;9020006;1180;10;eded;1.3400001525878906
Vehicle_2;9020006;1181;10;edede;1.3400001525878906
Vehicle_2;9020006;1182;10;edede;1.3400001525878906
Vehicle_2;9020006;1183;10;eded;1.3400001525878906
Vehicle_2;9020006;1184;10;ede;1.9119999408721924
Vehicle_2;9020006;1185;10;ede;1.9119999408721924
Vehicle_2;9020006;1186;10;ede;1.9119999408721924
Vehicle_2;9020006;1187;10;ed;1.9119999408721924
Vehicle_2;9020006;1188;10;ed;1.9119999408721924
Vehicle_2;9020006;1189;10;e;1.9119999408721924
Vehicle_2;9020006;1190;10;e;1.9119999408721924
Vehicle_2;9020006;1191;10;e;175.9300000667572
Vehicle_2;9020006;1192;10;e8;175.9300000667572
Vehicle_2;9020006;1193;10;e8;175.9300000667572
Vehicle_2;9020006;1194;10;e8;175.9300000667572
Vehicle_2;9020006;1195;10;e8;175.9300000667572
Vehicle_2;9020006;1196;10;a;175.9300000667572
Vehicle_2;9020006;1197;10;a;175.9300000667572
Vehicle_2;9020006;1198;10;a;175.9300000667572
Vehicle_2;9020006;1199;10;a;175.9300000667572
Vehicle_2;9020006;1200;10;e;1.446000099182129
Vehicle_2;9020006;1201;10;e;1.446000099182129
Vehicle_2;9020006;1202;10;e;1.2109999656677246
Vehicle_2;9020006;1203;10;e;1.2109999656677246
Vehicle_2;9020006;1204;10;e;1.2109999656677246
Vehicle_2;9020006;1205;10;e;1.2109999656677246
Vehicle_2;9020006;1206;10;e;2.621000051498413
Vehicle_2;9020006;1207;10;e;2.621000051498413
Vehicle_2;9020006;1208;10;e;2.621000051498413
Vehicle_2;9020006;1209;10;e;2.621000051498413
Vehicle_2;9020006;1210;10;e;2.621000051498413
Vehicle_2;9020006;1211;10;e;2.621000051498413
Vehicle_2;9020006;1212;10;e;2.621000051498413
Vehicle_2;9020006;1213;10;e;2.621000051498413
Vehicle_2;9020006;1214;10;ed;2.621000051498413
Vehicle_2;9020006;1215;10;ed;1.995999813079834
Vehicle_2;9020006;1216;10;ed;1.995999813079834
Vehicle_2;9020006;1217;10;ed;1.995999813079834
Vehicle_2;9020006;1218;10;ed;1.311999797821045
Vehicle_2;9020006;1219;10;edede;1.311999797821045
Vehicle_2;9020006;1220;10;edede;1.311999797821045
Vehicle_2;9020006;1221;10;edede;1.2639999389648438
Vehicle_2;9020006;1222;10;edede;1.2639999389648438
Vehicle_2;9020006;1223;10;edede;1.187999963760376
Vehicle_2;9020006;1224;10;ede;1.187999963760376
Vehicle_2;9020006;1225;10;e;1.187999963760376
Vehicle_2;9020006;1226;10;e;1.187999963760376
Vehicle_2;9020006;1227;10;e;1.187999963760376
Vehicle_2;9020006;1228;10;e;1.187999963760376
Vehicle_2;9020006;1229;10;e;1.187999963760376
Vehicle_2;9020006;1230;10;e;1.187999963760376
Vehicle_2;9020006;1231;10;ede;1.1679999828338623
Vehicle_2;9020006;1232;10;e;1.1679999828338623
Vehicle_2;9020006;1233;10;e;1.1679999828338623
Vehicle_2;9020006;1234;10;e;1.0399999618530273
Vehicle_2;9020006;1235;10;e;1.0410001277923584
Vehicle_2;9020006;1236;10;ed;1.0410001277923584
Vehicle_2;9020006;1237;10;ed;1.0410001277923584
Vehicle_2;9020006;1238;10;e;1.1730000972747803
Vehicle_2;9020006;1239;10;e;1.1730000972747803
Vehicle_2;9020006;1240;10;e;1.1730000972747803
Vehicle_2;9020006;1241;10;ed;1.1730000972747803
Vehicle_2;9020006;1242;10;ed;1.7910001277923584
Vehicle_2;9020006;1243;10;ed;1.7910001277923584
Vehicle_2;9020006;1244;10;d;1.7910001277923584
Vehicle_2;9020006;1245;10;e;5.29800009727478
Vehicle_2;9020006;1246;10;e;5.29800009727478
Vehicle_2;9020006;1247;10;e;5.29800009727478
Vehicle_2;9020006;1248;10;ed;5.29800009727478
Vehicle_2;9020006;1249;10;ed;5.29800009727478
Vehicle_2;9020006;1250;10;ed;5.29800009727478
Vehicle_2;9020006;1251;10;ed;5.29800009727478
Vehicle_2;9020006;1252;10;e;5.29800009727478
Vehicle_2;9020006;1253;10;e;5.29800009727478
Vehicle_2;9020006;1254;10;e;1.9809999465942383
Vehicle_2;9020006;1255;10;e;1.9809999465942383
Vehicle_2;9020006;1256;10;e;1.9809999465942383
Vehicle_2;9020006;1257;10;e;1.9809999465942383
Vehicle_2;9020006;1258;10;e;1.9809999465942383
Vehicle_2;9020006;1259;10;e;1.9809999465942383
Vehicle_2;9020006;1260;10;e;1.3650000095367432
Vehicle_2;9020006;1261;10;e;1.3650000095367432
Vehicle_2;9020006;1262;10;e;1.3650000095367432
Vehicle_2;9020006;1263;10;e;1.3650000095367432
Vehicle_2;9020006;1264;10;e;1.3959999084472656
Vehicle_2;9020006;1265;10;e;1.3959999084472656
Vehicle_2;9020006;1266;10;e;1.3959999084472656
Vehicle_2;9020006;1267;10;e;1.3959999084472656
Vehicle_2;9020006;1268;10;e;1.3959999084472656
Vehicle_2;9020006;1269;10;e;1.3959999084472656
Vehicle_2;9020006;1270;10;e;1.3959999084472656
Vehicle_2;9020006;1271;10;e;1.3959999084472656
Vehicle_2;9020006;1272;10;e;1.433000087738037
Vehicle_2;9020006;1273;10;e;1.433000087738037
Vehicle_2;9020006;1274;10;e;1.433000087738037
Vehicle_2;9020006;1275;10;e;1.433000087738037
Vehicle_2;9020006;1276;10;e;1.433000087738037
Vehicle_2;9020006;1277;10;e;1.433000087738037
Vehicle_2;9020006;1278;10;e;1.933000087738037
Vehicle_2;9020006;1279;10;e;1.933000087738037
Vehicle_2;9020006;1280;10;e;1.933000087738037
Vehicle_2;9020006;1281;10;e;1.933000087738037
Vehicle_2;9020006;1282;10;e;1.933000087738037
Vehicle_2;9020006;1283;10;e;1.933000087738037
Vehicle_2;9020006;1284;10;e;1.933000087738037
Vehicle_2;9020006;1285;10;ede;1.933000087738037
Vehicle_2;9020006;1286;10;e;1.933000087738037
Vehicle_2;9020006;1287;10;ed;1.2620000839233398
Vehicle_2;9020006;1288;10;ed;1.2620000839233398
Vehicle_2;9020006;1289;10;ed;1.2620000839233398
Vehicle_2;9020006;1290;10;e;1.2620000839233398
Vehicle_2;9020006;1291;10;e;1.2620000839233398
Vehicle_2;9020006;1292;10;ed;1.2329998016357422
Vehicle_2;9020006;1293;10;ed;1.2329998016357422
Vehicle_2;9020006;1294;10;ede;1.2329998016357422
Vehicle_2;9020006;1295;10;ede;1.2329998016357422
Vehicle_2;9020006;1296;10;ede;1.2329998016357422
Vehicle_2;9020006;1297;10;ed;1.2329998016357422
Vehicle_2;9020006;1298;10;ed;1.2329998016357422
Vehicle_2;9020006;1299;10;ede;1.2799999713897705
Vehicle_2;9020006;1300;10;ede;1.2799999713897705
Vehicle_2;9020006;1301;10;ede;1.2799999713897705
Vehicle_2;9020006;1302;10;ede;1.2799999713897705
Vehicle_2;9020006;1303;10;ed;1.2799999713897705
Vehicle_2;9020006;1304;10;ede;1.2799999713897705
Vehicle_2;9020006;1305;10;ede;1.2799999713897705
Vehicle_2;9020006;1306;10;ede;1.2799999713897705
Vehicle_2;9020006;1307;10;ede;1.2799999713897705
Vehicle_2;9020006;1308;10;eded;1.062000036239624
Vehicle_2;9020006;1309;10;ede;1.062000036239624
Vehicle_2;9020006;1310;10;eded;1.062000036239624
Vehicle_2;9020006;1311;10;ede;1.060999870300293
Vehicle_2;9020006;1312;10;ede8;1.0499999523162842
Vehicle_2;9020006;1313;10;ede84;1.0499999523162842
Vehicle_2;9020006;1314;10;e848;1.0499999523162842
Vehicle_2;9020006;1315;10;e8485;1.0499999523162842
Vehicle_2;9020006;1316;10;e8485a;1.0499999523162842
Vehicle_2;9020006;1317;10;e8485a;1.258000135421753
Vehicle_2;9020006;1318;10;b7a485;1.5239999294281006
Vehicle_2;9020006;1319;10;b7a485;1.5239999294281006
Vehicle_2;9020006;1320;10;a484d;1.5239999294281006
Vehicle_2;9020006;1321;10;a485;1.5239999294281006
Vehicle_2;9020006;1322;10;1212;1.5239999294281006
Vehicle_2;9020006;1323;10;a4de;1.5239999294281006
Vehicle_2;9020006;1324;10;121212;1.5239999294281006
Vehicle_2;9020006;1325;10;121212;1.5239999294281006
Vehicle_2;9020006;1326;10;ede;1.5239999294281006
Vehicle_2;9020006;1327;10;ededed;1.1949999332427979
Vehicle_2;9020006;1328;10;ededed;1.99399995803833
Vehicle_2;9020006;1329;10;ededed;1.99399995803833
Vehicle_2;9020006;1330;10;ede;1.99399995803833
Vehicle_2;9020006;1331;10;e;1.99399995803833
Vehicle_2;9020006;1332;10;b7b7e;1.994999885559082
Vehicle_2;9020006;1333;10;b7b7e;1.994999885559082
Vehicle_2;9020006;1334;10;b7b2;1.994999885559082
Vehicle_2;9020006;1335;10;b7e;1.994999885559082
Vehicle_2;9020006;1336;10;b21;1.994999885559082
Vehicle_2;9020006;1337;10;ed;1.994999885559082
Vehicle_2;9020006;1338;10;ed;1.994999885559082
Vehicle_2;9020006;1339;10;ed;1.994999885559082
Vehicle_2;9020006;1340;10;e;1.994999885559082
Vehicle_2;9020006;1341;10;e;1.1949999332427979
Vehicle_2;9020006;1342;10;e;1.1949999332427979
Vehicle_2;9020006;1343;10;e;1.1949999332427979
Vehicle_2;9020006;1344;10;ed;1.1949999332427979
Vehicle_2;9020006;1345;10;ed;1.1949999332427979
Vehicle_2;9020006;1346;10;ed;1.1949999332427979
Vehicle_2;9020006;1347;10;e;1.1949999332427979
Vehicle_2;9020006;1348;10;ede;1.1949999332427979
Vehicle_2;9020006;1349;10;e;1.1949999332427979
Vehicle_2;9020006;1350;10;e;1.181999921798706
Vehicle_2;9020006;1351;10;e;1.181999921798706
Vehicle_2;9020006;1352;10;ed;1.181999921798706
Vehicle_2;9020006;1353;10;ede;1.181999921798706
Vehicle_2;9020006;1354;10;ede;1.181999921798706
Vehicle_2;9020006;1355;10;eded;1.1110000610351562
Vehicle_2;9020006;1356;10;eded;1.1110000610351562
Vehicle_2;9020006;1357;10;ede;1.1110000610351562
Vehicle_2;9020006;1358;10;ede;1.1110000610351562
Vehicle_2;9020006;1359;10;e;1.1110000610351562
Vehicle_2;9020006;1360;10;e;1.0409998893737793
Vehicle_2;9020006;1361;10;e;1.0409998893737793
Vehicle_2;9020006;1362;10;e;1.196000099182129
Vehicle_2;9020006;1363;10;e;1.196000099182129
Vehicle_2;9020006;1364;10;ede;1.196000099182129
Vehicle_2;9020006;1365;10;eded;1.196000099182129
Vehicle_2;9020006;1366;10;ede;1.196000099182129
Vehicle_2;9020006;1367;10;ed;1.4060001373291016
Vehicle_2;9020006;1368;10;edede;1.4060001373291016
Vehicle_2;9020006;1369;10;eded;1.6119999885559082
Vehicle_2;9020006;1370;10;ede;1.6119999885559082
Vehicle_2;9020006;1371;10;e;1.6119999885559082
Vehicle_2;9020006;1372;10;ed;1.6119999885559082
Vehicle_2;9020006;1373;10;ed;1.6119999885559082
Vehicle_2;9020006;1374;10;ed;1.6119999885559082
Vehicle_2;9020006;1375;10;e;1.6119999885559082
Vehicle_2;9020006;1376;10;ed;1.6119999885559082
Vehicle_2;9020006;1377;10;ed;1.6119999885559082
Vehicle_2;9020006;1378;10;ed;1.4769999980926514
Vehicle_2;9020006;1379;10;ed;1.4769999980926514
Vehicle_2;9020006;1380;10;e;1.4769999980926514
Vehicle_2;9020006;1381;10;e;1.4769999980926514
Vehicle_2;9020006;1382;10;e;1.4769999980926514
Vehicle_2;9020006;1383;10;e;1.4769999980926514
Vehicle_2;9020006;1384;10;eded;1.4769999980926514
Vehicle_2;9020006;1385;10;eded;1.2630000114440918
Vehicle_2;9020006;1386;10;eded;1.2630000114440918
Vehicle_2;9020006;1387;10;ede;1.2630000114440918
Vehicle_2;9020006;1388;10;e;1.2630000114440918
Vehicle_2;9020006;1389;10;e;1.2630000114440918
Vehicle_2;9020006;1390;10;ed;1.2630000114440918
Vehicle_2;9020006;1391;10;ed;1.2630000114440918
Vehicle_2;9020006;1392;10;e;1.2630000114440918
Vehicle_2;9020006;1393;10;e;1.3539998531341553
Vehicle_2;9020006;1394;10;ed;1.3539998531341553
Vehicle_2;9020006;1395;10;ed;1.3539998531341553
Vehicle_2;9020006;1396;10;ed;1.5320000648498535
Vehicle_2;9020006;1397;10;ed;1.5320000648498535
Vehicle_2;9020006;1398;10;e;1.5320000648498535
Vehicle_2;9020006;1399;10;e;1.5320000648498535
Vehicle_2;9020006;1400;10;ede;1.5320000648498535
Vehicle_2;9020006;1401;10;ede;1.5320000648498535
Vehicle_2;9020006;1402;10;ede;1.5320000648498535
Vehicle_2;9020006;1403;10;ede;1.5320000648498535
Vehicle_2;9020006;1404;10;ed;1.5320000648498535
Vehicle_2;9020006;1405;10;ed;1.2549998760223389
Vehicle_2;9020006;1406;10;e;1.2549998760223389
Vehicle_2;9020006;1407;10;e;1.2549998760223389
Vehicle_2;9020006;1408;10;ede;1.2549998760223389
Vehicle_2;9020006;1409;10;ede;1.568000078201294
Vehicle_2;9020006;1410;10;ede;1.568000078201294
Vehicle_2;9020006;1411;10;e;1.568000078201294
Vehicle_2;9020006;1412;10;e;1.568000078201294
Vehicle_2;9020006;1413;10;e;2.11299991607666
Vehicle_2;9020006;1414;10;e;2.11299991607666
Vehicle_2;9020006;1415;10;e;2.11299991607666
Vehicle_2;9020006;1416;10;e;2.11299991607666
Vehicle_2;9020006;1417;10;ed;2.11299991607666
Vehicle_2;9020006;1418;10;ed;2.11299991607666
Vehicle_2;9020006;1419;10;ed;2.11299991607666
Vehicle_2;9020006;1420;10;e;2.11299991607666
Vehicle_2;9020006;1421;10;e;2.11299991607666
Vehicle_2;9020006;1422;10;e;1.3620002269744873
Vehicle_2;9020006;1423;10;e;1.2999999523162842
Vehicle_2;9020006;1424;10;e;1.5380001068115234
Vehicle_2;9020006;1425;10;e;1.5380001068115234
Vehicle_2;9020006;1426;10;e;1.5380001068115234
Vehicle_2;9020006;1427;10;e;1.5380001068115234
Vehicle_2;9020006;1428;10;e;1.5380001068115234
Vehicle_2;9020006;1429;10;e;1.5380001068115234
Vehicle_2;9020006;1430;10;e;1.5380001068115234
Vehicle_2;9020006;1431;10;ede;1.5380001068115234
Vehicle_2;9020006;1432;10;ed;1.5380001068115234
Vehicle_2;9020006;1433;10;ede;1.378999948501587
Vehicle_2;9020006;1434;10;ede;1.378999948501587
Vehicle_2;9020006;1435;10;e;1.378999948501587
Vehicle_2;9020006;1436;10;ed;1.378999948501587
Vehicle_2;9020006;1437;10;ede;1.378999948501587
Vehicle_2;9020006;1438;10;eded;1.378999948501587
Vehicle_2;9020006;1439;10;ede;1.378999948501587
Vehicle_2;9020006;1440;10;e;1.378999948501587
Vehicle_2;9020006;1441;10;e;1.2160000801086426
Vehicle_2;9020006;1442;10;e;1.2160000801086426
Vehicle_2;9020006;1443;10;e;1.4320001602172852
Vehicle_2;9020006;1444;10;e;1.4320001602172852
Vehicle_2;9020006;1445;10;e;1.4320001602172852
Vehicle_2;9020006;1446;10;e;1.4320001602172852
Vehicle_2;9020006;1447;10;e;1.4320001602172852
Vehicle_2;9020006;1448;10;e;1.4320001602172852
Vehicle_2;9020006;1449;10;e;1.9920001029968262
Vehicle_2;9020006;1450;10;e;1.9920001029968262
Vehicle_2;9020006;1451;10;e;1.9920001029968262
Vehicle_2;9020006;1452;10;e;1.9920001029968262
Vehicle_2;9020006;1453;10;e;1.9920001029968262
Vehicle_2;9020006;1454;10;e;1.9920001029968262
Vehicle_2;9020006;1455;10;e;1.9920001029968262
Vehicle_2;9020006;1456;10;ed;1.9920001029968262
Vehicle_2;9020006;1457;10;ed;1.9920001029968262
Vehicle_2;9020006;1458;10;ed;1.371000051498413
Vehicle_2;9020006;1459;10;e;1.371000051498413
Vehicle_2;9020006;1460;10;e;1.371000051498413
Vehicle_2;9020006;1461;10;e;1.371000051498413
Vehicle_2;9020006;1462;10;e;1.371000051498413
Vehicle_2;9020006;1463;10;e;1.371000051498413
Vehicle_2;9020006;1464;10;ede;1.371000051498413
Vehicle_2;9020006;1465;10;ede;1.371000051498413
Vehicle_2;9020006;1466;10;eded;1.371000051498413
Vehicle_2;9020006;1467;10;edede;2.7790000438690186
Vehicle_2;9020006;1468;10;ed;2.7790000438690186
Vehicle_2;9020006;1469;10;ed;2.7790000438690186
Vehicle_2;9020006;1470;10;e;2.7790000438690186
Vehicle_2;9020006;1471;10;e;2.7790000438690186
Vehicle_2;9020006;1472;10;e;2.7790000438690186
Vehicle_2;9020006;1473;10;e;2.7790000438690186
Vehicle_2;9020006;1474;10;e;2.7790000438690186
Vehicle_2;9020006;1475;10;ede;87.41100001335144
Vehicle_2;9020006;1476;10;ede9;87.41100001335144
Vehicle_2;9020006;1477;10;ede9;87.41100001335144
Vehicle_2;9020006;1478;10;eda;87.41100001335144
Vehicle_2;9020006;1479;10;a;87.41100001335144
Vehicle_2;9020006;1480;10;a;87.41100001335144
Vehicle_2;9020006;1481;10;a;87.41100001335144
Vehicle_2;9020006;1482;10;a;87.41100001335144
Vehicle_2;9020006;1483;10;a;87.41100001335144
Vehicle_2;9020006;1484;10;e;21.08299994468689
Vehicle_2;9020006;1485;10;e;21.08299994468689
Vehicle_2;9020006;1486;10;e;21.08299994468689
Vehicle_2;9020006;1487;10;e;21.08299994468689
Vehicle_2;9020006;1488;10;ed;21.08299994468689
Vehicle_2;9020006;1489;10;ed;21.08299994468689
Vehicle_2;9020006;1490;10;ed;21.08299994468689
Vehicle_2;9020006;1491;10;ed;21.08299994468689
Vehicle_2;9020006;1492;10;ed;21.08299994468689
Vehicle_2;9020006;1493;10;e;5.814000129699707
Vehicle_2;9020006;1494;10;ed;5.135999917984009
Vehicle_2;9020006;1495;10;ed;5.135999917984009
Vehicle_2;9020006;1496;10;e;5.135999917984009
Vehicle_2;9020006;1497;10;e;5.135999917984009
Vehicle_2;9020006;1498;10;e;5.135999917984009
Vehicle_2;9020006;1499;10;e;5.135999917984009
Vehicle_2;9020006;1500;10;e;5.135999917984009
Vehicle_2;9020006;1501;10;eded;5.135999917984009
Vehicle_2;9020006;1502;10;eded;1.6519999504089355
Vehicle_2;9020006;1503;10;eded;1.6519999504089355
Vehicle_2;9020006;1504;10;edede;1.6519999504089355
Vehicle_2;9020006;1505;10;ede;8.658999919891357
Vehicle_2;9020006;1506;10;e;8.658999919891357
Vehicle_2;9020006;1507;10;e;8.658999919891357
Vehicle_2;9020006;1508;10;e;8.658999919891357
Vehicle_2;9020006;1509;10;ed;8.658999919891357
Vehicle_2;9020006;1510;10;ed;8.658999919891357
Vehicle_2;9020006;1511;10;ed;8.658999919891357
Vehicle_2;9020006;1512;10;ed;8.658999919891357
Vehicle_2;9020006;1513;10;e;8.658999919891357
Vehicle_2;9020006;1514;10;e;7.41700005531311
Vehicle_2;9020006;1515;10;e;7.41700005531311
Vehicle_2;9020006;1516;10;e;7.41700005531311
Vehicle_2;9020006;1517;10;ede;1.0429999828338623
Vehicle_2;9020006;1518;10;e;1.0429999828338623
Vehicle_2;9020006;1519;10;e;1.0420000553131104
Vehicle_2;9020006;1520;10;ed;1.1780002117156982
Vehicle_2;9020006;1521;10;ed;1.1780002117156982
Vehicle_2;9020006;1522;10;ede;1.1780002117156982
Vehicle_2;9020006;1523;10;ede;1.1780002117156982
Vehicle_2;9020006;1524;10;eded;1.1780002117156982
Vehicle_2;9020006;1525;10;ede;1.1780002117156982
Vehicle_2;9020006;1526;10;ede;1.5450000762939453
Vehicle_2;9020006;1527;10;ede;1.5450000762939453
Vehicle_2;9020006;1528;10;ede;1.5450000762939453
Vehicle_2;9020006;1529;10;ede;1.5450000762939453
Vehicle_2;9020006;1530;10;ed;1.5450000762939453
Vehicle_2;9020006;1531;10;ed;1.941999912261963
Vehicle_2;9020006;1532;10;ede;1.941999912261963
Vehicle_2;9020006;1533;10;ed;2.003000020980835
Vehicle_2;9020006;1534;10;e;2.003000020980835
Vehicle_2;9020006;1535;10;e;2.003000020980835
Vehicle_2;9020006;1536;10;e;2.003000020980835
Vehicle_2;9020006;1537;10;ede;2.003000020980835
Vehicle_2;9020006;1538;10;ede;2.003000020980835
Vehicle_2;9020006;1539;10;eded;2.003000020980835
Vehicle_2;9020006;1540;10;ede;2.003000020980835
Vehicle_2;9020006;1541;10;ede;4.66100001335144
Vehicle_2;9020006;1542;10;ede;4.66100001335144
Vehicle_2;9020006;1543;10;e;4.66100001335144
Vehicle_2;9020006;1544;10;ede;4.66100001335144
Vehicle_2;9020006;1545;10;ede;4.66100001335144
Vehicle_2;9020006;1546;10;eded;4.66100001335144
Vehicle_2;9020006;1547;10;eded;4.66100001335144
Vehicle_2;9020006;1548;10;ede;4.66100001335144
Vehicle_2;9020006;1549;10;e;4.66100001335144
Vehicle_2;9020006;1550;10;e;2.7860000133514404
Vehicle_2;9020006;1551;10;e;2.7860000133514404
Vehicle_2;9020006;1552;10;ed;2.7860000133514404
Vehicle_2;9020006;1553;10;ed;2.7860000133514404
Vehicle_2;9020006;1554;10;ed;2.7860000133514404
Vehicle_2;9020006;1555;10;ed;1.998999834060669
Vehicle_2;9020006;1556;10;ed;1.998999834060669
Vehicle_2;9020006;1557;10;e;1.998999834060669
Vehicle_2;9020006;1558;10;e;1.998999834060669
Vehicle_2;9020006;1559;10;e;1.998999834060669
Vehicle_2;9020006;1560;10;edede;2.2330000400543213
Vehicle_2;9020006;1561;10;e;2.2330000400543213
Vehicle_2;9020006;1562;10;e;2.2330000400543213
Vehicle_2;9020006;1563;10;e;2.2330000400543213
Vehicle_2;9020006;1564;10;ed;2.2330000400543213
Vehicle_2;9020006;1565;10;ed;2.2330000400543213
Vehicle_2;9020006;1566;10;ed;2.2330000400543213
Vehicle_2;9020006;1567;10;ed;2.2330000400543213
Vehicle_2;9020006;1568;10;e;2.2330000400543213
Vehicle_2;9020006;1569;10;ed;1.443000078201294
Vehicle_2;9020006;1570;10;ed;1.1999998092651367
Vehicle_2;9020006;1571;10;ed;1.1999998092651367
Vehicle_2;9020006;1572;10;ed;1.1999998092651367
Vehicle_2;9020006;1573;10;e;1.1999998092651367
Vehicle_2;9020006;1574;10;e;1.1999998092651367
Vehicle_2;9020006;1575;10;ed;1.1999998092651367
Vehicle_2;9020006;1576;10;ed;1.051999807357788
Vehicle_2;9020006;1577;10;ed;1.5899999141693115
Vehicle_2;9020006;1578;10;ed;1.5899999141693115
Vehicle_2;9020006;1579;10;ed;1.5899999141693115
Vehicle_2;9020006;1580;10;e;1.5899999141693115
Vehicle_2;9020006;1581;10;e;1.5899999141693115
Vehicle_2;9020006;1582;10;e;1.5899999141693115
Vehicle_2;9020006;1583;10;e;1.5899999141693115
Vehicle_2;9020006;1584;10;e;3.2800002098083496
Vehicle_2;9020006;1585;10;ed;3.2800002098083496
Vehicle_2;9020006;1586;10;ed;3.2800002098083496
Vehicle_2;9020006;1587;10;ed;3.2800002098083496
Vehicle_2;9020006;1588;10;e;3.2800002098083496
Vehicle_2;9020006;1589;10;e;3.2800002098083496
Vehicle_2;9020006;1590;10;e;3.2800002098083496
Vehicle_2;9020006;1591;10;e;3.2800002098083496
Vehicle_2;9020006;1592;10;e;3.2800002098083496
Vehicle_2;9020006;1593;10;ededed;1.9089999198913574
Vehicle_2;9020006;1594;10;edede;1.9089999198913574
Vehicle_2;9020006;1595;10;ededed;2.0269999504089355
Vehicle_2;9020006;1596;10;ededede;2.0269999504089355
Vehicle_2;9020006;1597;10;e;2.0269999504089355
Vehicle_2;9020006;1598;10;e;2.0269999504089355
Vehicle_2;9020006;1599;10;e;3.3569998741149902
Vehicle_2;9020006;1600;10;e;3.3569998741149902
Vehicle_2;9020006;1601;10;e;3.3569998741149902
Vehicle_2;9020006;1602;10;e;3.3569998741149902
Vehicle_2;9020006;1603;10;ed;3.3569998741149902
Vehicle_2;9020006;1604;10;ed;3.3569998741149902
Vehicle_2;9020006;1605;10;ed;3.3569998741149902
Vehicle_2;9020006;1606;10;e;3.3569998741149902
Vehicle_2;9020006;1607;10;e;3.3569998741149902
Vehicle_2;9020006;1608;10;e;2.2760000228881836
Vehicle_2;9020006;1609;10;e;2.2760000228881836
Vehicle_2;9020006;1610;10;e;2.2760000228881836
Vehicle_2;9020006;1611;10;e;2.2760000228881836
Vehicle_2;9020006;1612;10;e;2.2760000228881836
Vehicle_2;9020006;1613;10;e;2.2760000228881836
Vehicle_2;9020006;1614;10;ed;2.2760000228881836
Vehicle_2;9020006;1615;10;ed;1.2069997787475586
Vehicle_2;9020006;1616;10;ede;1.2069997787475586
Vehicle_2;9020006;1617;10;edede;1.999000072479248
Vehicle_2;9020006;1618;10;ed;1.999000072479248
Vehicle_2;9020006;1619;10;e;2.44599986076355
Vehicle_2;9020006;1620;10;e;2.44599986076355
Vehicle_2;9020006;1621;10;e;2.44599986076355
Vehicle_2;9020006;1622;10;e;2.44599986076355
Vehicle_2;9020006;1623;10;ed;2.44599986076355
Vehicle_2;9020006;1624;10;ed;2.44599986076355
Vehicle_2;9020006;1625;10;ed;2.44599986076355
Vehicle_2;9020006;1626;10;ede;2.44599986076355
Vehicle_2;9020006;1627;10;ede;2.44599986076355
Vehicle_2;9020006;1628;10;ede;1.2239999771118164
Vehicle_2;9020006;1629;10;e;1.2239999771118164
Vehicle_2;9020006;1630;10;e;1.2239999771118164
Vehicle_2;9020006;1631;10;e;1.2239999771118164
Vehicle_2;9020006;1632;10;ed;1.2239999771118164
Vehicle_2;9020006;1633;10;ed;1.2239999771118164
Vehicle_2;9020006;1634;10;ed;1.2239999771118164
Vehicle_2;9020006;1635;10;ed;1.2239999771118164
Vehicle_2;9020006;1636;10;e;1.2239999771118164
Vehicle_2;9020006;1637;10;e;1.1979999542236328
Vehicle_2;9020006;1638;10;ede;1.1979999542236328
Vehicle_2;9020006;1639;10;e;1.0769999027252197
Vehicle_2;9020006;1640;10;e;1.0769999027252197
Vehicle_2;9020006;1641;10;e;1.0769999027252197
Vehicle_2;9020006;1642;10;ede;1.0769999027252197
Vehicle_2;9020006;1643;10;ed;1.0450000762939453
Vehicle_2;9020006;1644;10;ed;1.2030000686645508
Vehicle_2;9020006;1645;10;eded;1.2030000686645508
Vehicle_2;9020006;1646;10;e;1.2030000686645508
Vehicle_2;9020006;1647;10;e;1.2030000686645508
Vehicle_2;9020006;1648;10;e;1.2030000686645508
Vehicle_2;9020006;1649;10;e;1.2030000686645508
Vehicle_2;9020006;1650;10;e;1.2030000686645508
Vehicle_2;9020006;1651;10;ed;1.2030000686645508
Vehicle_2;9020006;1652;10;ed;1.2030000686645508
Vehicle_2;9020006;1653;10;ed;1.2000000476837158
Vehicle_2;9020006;1654;10;e;1.2000000476837158
Vehicle_2;9020006;1655;10;e;1.180999994277954
Vehicle_2;9020006;1656;10;e;1.180999994277954
Vehicle_2;9020006;1657;10;e;1.7990000247955322
Vehicle_2;9020006;1658;10;e;1.7990000247955322
Vehicle_2;9020006;1659;10;ed;1.7990000247955322
Vehicle_2;9020006;1660;10;ed;1.7990000247955322
Vehicle_2;9020006;1661;10;ed;1.7990000247955322
Vehicle_2;9020006;1662;10;e;1.7990000247955322
Vehicle_2;9020006;1663;10;e;1.7990000247955322
Vehicle_2;9020006;1664;10;e;1.7990000247955322
Vehicle_2;9020006;1665;10;e;1.7990000247955322
Vehicle_2;9020006;1666;10;e;1.188999891281128
Vehicle_2;9020006;1667;10;ed;1.188999891281128
Vehicle_2;9020006;1668;10;ed;1.188999891281128
Vehicle_2;9020006;1669;10;ed;1.188999891281128
Vehicle_2;9020006;1670;10;ed;1.188999891281128
Vehicle_2;9020006;1671;10;e;1.188999891281128
Vehicle_2;9020006;1672;10;e;1.0450000762939453
Vehicle_2;9020006;1673;10;e;1.0450000762939453
Vehicle_2;9020006;1674;10;e;1.058000087738037
Vehicle_2;9020006;1675;10;ede;1.184999942779541
Vehicle_2;9020006;1676;10;ed;1.184999942779541
Vehicle_2;9020006;1677;10;ede;1.184999942779541
Vehicle_2;9020006;1678;10;ede;1.184999942779541
Vehicle_2;9020006;1679;10;ed;1.187999963760376
Vehicle_2;9020006;1680;10;e;1.187999963760376
Vehicle_2;9020006;1681;10;e;1.187999963760376
Vehicle_2;9020006;1682;10;e;1.187999963760376
Vehicle_2;9020006;1683;10;e;1.187999963760376
Vehicle_2;9020006;1684;10;ed;1.187999963760376
Vehicle_2;9020006;1685;10;ed;1.187999963760376
Vehicle_2;9020006;1686;10;ed;1.187999963760376
Vehicle_2;9020006;1687;10;e;1.2730000019073486
Vehicle_2;9020006;1688;10;e;1.2730000019073486
Vehicle_2;9020006;1689;10;e;1.2730000019073486
Vehicle_2;9020006;1690;10;ed;1.2730000019073486
Vehicle_2;9020006;1691;10;eded;1.2730000019073486
Vehicle_2;9020006;1692;10;e;1.2730000019073486
Vehicle_2;9020006;1693;10;e;1.2730000019073486
Vehicle_2;9020006;1694;10;e;1.2730000019073486
Vehicle_2;9020006;1695;10;ed;1.2730000019073486
Vehicle_2;9020006;1696;10;ed;1.2100000381469727
Vehicle_2;9020006;1697;10;ed;1.2100000381469727
Vehicle_2;9020006;1698;10;ede;1.2100000381469727
Vehicle_2;9020006;1699;10;ede;1.2100000381469727
Vehicle_2;9020006;1700;10;ede;1.18399977684021
Vehicle_2;9020006;1701;10;edede;1.18399977684021
Vehicle_2;9020006;1702;10;e;1.18399977684021
Vehicle_2;9020006;1703;10;e;1.18399977684021
Vehicle_2;9020006;1704;10;e;1.18399977684021
Vehicle_2;9020006;1705;10;ed;1.18399977684021
Vehicle_2;9020006;1706;10;ede;1.18399977684021
Vehicle_2;9020006;1707;10;ede;1.2019999027252197
Vehicle_2;9020006;1708;10;eded;1.2019999027252197
Vehicle_2;9020006;1709;10;ed;1.2019999027252197
Vehicle_2;9020006;1710;10;e;1.2019999027252197
Vehicle_2;9020006;1711;10;eded;1.2019999027252197
Vehicle_2;9020006;1712;10;eded;1.2019999027252197
Vehicle_2;9020006;1713;10;eded;1.319000005722046
Vehicle_2;9020006;1714;10;eded;1.319000005722046
Vehicle_2;9020006;1715;10;edede;1.319000005722046
Vehicle_2;9020006;1716;10;edede;1.319000005722046
Vehicle_2;9020006;1717;10;edede;2.0160000324249268
Vehicle_2;9020006;1718;10;edede;2.0160000324249268
Vehicle_2;9020006;1719;10;ede;2.0160000324249268
Vehicle_2;9020006;1720;10;e;2.0160000324249268
Vehicle_2;9020006;1721;10;e;2.0160000324249268
Vehicle_2;9020006;1722;10;ed;2.0160000324249268
Vehicle_2;9020006;1723;10;edede;2.0160000324249268
Vehicle_2;9020006;1724;10;edede;2.0160000324249268
Vehicle_2;9020006;1725;10;edede;2.0160000324249268
Vehicle_2;9020006;1726;10;edede;1.2209999561309814
Vehicle_2;9020006;1727;10;eded;1.2209999561309814
Vehicle_2;9020006;1728;10;eded;1.2209999561309814
Vehicle_2;9020006;1729;10;edede;1.2209999561309814
Vehicle_2;9020006;1730;10;eded;1.2209999561309814
Vehicle_2;9020006;1731;10;ede;1.2209999561309814
Vehicle_2;9020006;1732;10;edede;1.2209999561309814
Vehicle_2;9020006;1733;10;ede;1.2209999561309814
Vehicle_2;9020006;1734;10;ed;1.2209999561309814
Vehicle_2;9020006;1735;10;e;1.2129998207092285
Vehicle_2;9020006;1736;10;e;1.5390000343322754
Vehicle_2;9020006;1737;10;e;1.5390000343322754
Vehicle_2;9020006;1738;10;ede;1.5390000343322754
Vehicle_2;9020006;1739;10;ede;1.5390000343322754
Vehicle_2;9020006;1740;10;e;1.5390000343322754
Vehicle_2;9020006;1741;10;e;1.5390000343322754
Vehicle_2;9020006;1742;10;e;1.5390000343322754
Vehicle_2;9020006;1743;10;edede;1.5390000343322754
Vehicle_2;9020006;1744;10;ededed;1.5390000343322754
Vehicle_2;9020006;1745;10;ededed;1.1970000267028809
Vehicle_2;9020006;1746;10;edede;1.1970000267028809
Vehicle_2;9020006;1747;10;eded;1.1970000267028809
Vehicle_2;9020006;1748;10;ede;1.1970000267028809
Vehicle_2;9020006;1749;10;ede;1.1970000267028809
Vehicle_2;9020006;1750;10;ede;1.1970000267028809
Vehicle_2;9020006;1751;10;ede;1.194000005722046
Vehicle_2;9020006;1752;10;ede;1.194000005722046
Vehicle_2;9020006;1753;10;eded;1.194000005722046
Vehicle_2;9020006;1754;10;eded;1.194000005722046
Vehicle_2;9020006;1755;10;eded;1.194000005722046
Vehicle_2;9020006;1756;10;edede;1.2039999961853027
Vehicle_2;9020006;1757;10;ede;1.2039999961853027
Vehicle_2;9020006;1758;10;ede;1.2079999446868896
Vehicle_2;9020006;1759;10;edede;1.2079999446868896
Vehicle_2;9020006;1760;10;edede;1.2079999446868896
Vehicle_2;9020006;1761;10;eded;1.2079999446868896
Vehicle_2;9020006;1762;10;ede;1.2079999446868896
Vehicle_2;9020006;1763;10;ed;1.2079999446868896
Vehicle_2;9020006;1764;10;ede;1.2079999446868896
Vehicle_2;9020006;1765;10;ede;1.2660000324249268
Vehicle_2;9020006;1766;10;e;1.2660000324249268
Vehicle_2;9020006;1767;10;ede;1.2660000324249268
Vehicle_2;9020006;1768;10;ede;1.2660000324249268
Vehicle_2;9020006;1769;10;ede;1.2660000324249268
Vehicle_2;9020006;1770;10;eded;1.9769999980926514
Vehicle_2;9020006;1771;10;eded;1.9769999980926514
Vehicle_2;9020006;1772;10;eded;1.9769999980926514
Vehicle_2;9020006;1773;10;ede;1.9769999980926514
Vehicle_2;9020006;1774;10;ede;1.9769999980926514
Vehicle_2;9020006;1775;10;ede;1.9769999980926514
Vehicle_2;9020006;1776;10;ede;1.9769999980926514
Vehicle_2;9020006;1777;10;ede;1.9769999980926514
Vehicle_2;9020006;1778;10;ed;1.9769999980926514
Vehicle_2;9020006;1779;10;ede;1.312000036239624
Vehicle_2;9020006;1780;10;e;2.122999906539917
Vehicle_2;9020006;1781;10;e;2.122999906539917
Vehicle_2;9020006;1782;10;e;2.122999906539917
Vehicle_2;9020006;1783;10;e;2.122999906539917
Vehicle_2;9020006;1784;10;e;2.122999906539917
Vehicle_2;9020006;1785;10;ede;2.122999906539917
Vehicle_2;9020006;1786;10;ede;2.122999906539917
Vehicle_2;9020006;1787;10;eded;3.315999984741211
Vehicle_2;9020006;1788;10;ede;3.315999984741211
Vehicle_2;9020006;1789;10;eded;3.315999984741211
Vehicle_2;9020006;1790;10;edede;3.315999984741211
Vehicle_2;9020006;1791;10;edede;3.315999984741211
Vehicle_2;9020006;1792;10;eded;3.315999984741211
Vehicle_2;9020006;1793;10;eded;3.315999984741211
Vehicle_2;9020006;1794;10;eded;3.315999984741211
Vehicle_2;9020006;1795;10;ede;3.315999984741211
Vehicle_2;9020006;1796;10;ede;2.1429998874664307
Vehicle_2;9020006;1797;10;ed;2.1429998874664307
Vehicle_2;9020006;1798;10;ed;2.1429998874664307
Vehicle_2;9020006;1799;10;ed;2.1429998874664307
Vehicle_2;9020006;1800;10;ede;1.198000192642212
Vehicle_2;9020006;1801;10;ed;1.198000192642212
Vehicle_2;9020006;1802;10;ede;1.2150001525878906
Vehicle_2;9020006;1803;10;ede;1.2150001525878906
Vehicle_2;9020006;1804;10;ede;1.2150001525878906
Vehicle_2;9020006;1805;10;ede;1.2150001525878906
Vehicle_2;9020006;1806;10;ede;1.2150001525878906
Vehicle_2;9020006;1807;10;ede;1.2269999980926514
Vehicle_2;9020006;1808;10;e;1.2269999980926514
Vehicle_2;9020006;1809;10;e;1.2950000762939453
Vehicle_2;9020006;1810;10;e;1.2950000762939453
Vehicle_2;9020006;1811;10;e;1.7569999694824219
Vehicle_2;9020006;1812;10;ede;1.7569999694824219
Vehicle_2;9020006;1813;10;ede;1.7569999694824219
Vehicle_2;9020006;1814;10;e;1.7569999694824219
Vehicle_2;9020006;1815;10;e;1.7569999694824219
Vehicle_2;9020006;1816;10;ed;1.7569999694824219
Vehicle_2;9020006;1817;10;ed;1.7569999694824219
Vehicle_2;9020006;1818;10;ed;1.7569999694824219
Vehicle_2;9020006;1819;10;ed;1.7569999694824219
Vehicle_2;9020006;1820;10;e;1.5199999809265137
Vehicle_2;9020006;1821;10;ede;1.5199999809265137
Vehicle_2;9020006;1822;10;ede;1.3410000801086426
Vehicle_2;9020006;1823;10;e;1.3410000801086426
Vehicle_2;9020006;1824;10;e;1.3410000801086426
Vehicle_2;9020006;1825;10;e;1.3410000801086426
Vehicle_2;9020006;1826;10;e;1.3410000801086426
Vehicle_2;9020006;1827;10;e;1.2390000820159912
Vehicle_2;9020006;1828;10;e;1.2390000820159912
Vehicle_2;9020006;1829;10;e;1.2230000495910645
Vehicle_2;9020006;1830;10;e;1.2230000495910645
Vehicle_2;9020006;1831;10;ed;1.2230000495910645
Vehicle_2;9020006;1832;10;ed;1.2230000495910645
Vehicle_2;9020006;1833;10;e;1.2230000495910645
Vehicle_2;9020006;1834;10;e;1.2230000495910645
Vehicle_2;9020006;1835;10;e;1.2230000495910645
Vehicle_2;9020006;1836;10;e;1.2230000495910645
Vehicle_2;9020006;1837;10;e;1.2230000495910645
Vehicle_2;9020006;1838;10;e;1.2009999752044678
Vehicle_2;9020006;1839;10;e;2.4049999713897705
Vehicle_2;9020006;1840;10;ed;2.4049999713897705
Vehicle_2;9020006;1841;10;ed;2.4049999713897705
Vehicle_2;9020006;1842;10;ed;2.4049999713897705
Vehicle_2;9020006;1843;10;e;2.4049999713897705
Vehicle_2;9020006;1844;10;e;2.4049999713897705
Vehicle_2;9020006;1845;10;ed;2.4049999713897705
Vehicle_2;9020006;1846;10;ede;3.7339999675750732
Vehicle_2;9020006;1847;10;ede;3.7339999675750732
Vehicle_2;9020006;1848;10;ede;3.7339999675750732
Vehicle_2;9020006;1849;10;e;3.7339999675750732
Vehicle_2;9020006;1850;10;e;3.7339999675750732
Vehicle_2;9020006;1851;10;ed;3.7339999675750732
Vehicle_2;9020006;1852;10;ed;3.7339999675750732
Vehicle_2;9020006;1853;10;ed;3.7339999675750732
Vehicle_2;9020006;1854;10;ed;3.7339999675750732
Vehicle_2;9020006;1855;10;ed;1.371999979019165
Vehicle_2;9020006;1856;10;e;1.371999979019165
Vehicle_2;9020006;1857;10;ed;1.371999979019165
Vehicle_2;9020006;1858;10;ed;1.2950000762939453
Vehicle_2;9020006;1859;10;ede;1.2950000762939453
Vehicle_2;9020006;1860;10;eded;1.2950000762939453
Vehicle_2;9020006;1861;10;ed;1.2950000762939453
Vehicle_2;9020006;1862;10;ed;1.2950000762939453
Vehicle_2;9020006;1863;10;ed;1.3289999961853027
Vehicle_2;9020006;1864;10;e;1.3289999961853027
Vehicle_2;9020006;1865;10;e;1.3289999961853027
Vehicle_2;9020006;1866;10;e;1.3289999961853027
Vehicle_2;9020006;1867;10;e;1.3289999961853027
Vehicle_2;9020006;1868;10;e;1.3289999961853027
Vehicle_2;9020006;1869;10;e;1.3289999961853027
Vehicle_2;9020006;1870;10;ed;1.3289999961853027
Vehicle_2;9020006;1871;10;ed;1.7909998893737793
Vehicle_2;9020006;1872;10;ed;1.7909998893737793
Vehicle_2;9020006;1873;10;e;1.7909998893737793
Vehicle_2;9020006;1874;10;e;1.7909998893737793
Vehicle_2;9020006;1875;10;e;1.7909998893737793
Vehicle_2;9020006;1876;10;e;1.7909998893737793
Vehicle_2;9020006;1877;10;e;1.7909998893737793
Vehicle_2;9020006;1878;10;ede;4.806999921798706
Vehicle_2;9020006;1879;10;ede;4.806999921798706
Vehicle_2;9020006;1880;10;ede;4.806999921798706
Vehicle_2;9020006;1881;10;eded;4.806999921798706
Vehicle_2;9020006;1882;10;edede;4.806999921798706
Vehicle_2;9020006;1883;10;eded;4.806999921798706
Vehicle_2;9020006;1884;10;eded;4.806999921798706
Vehicle_2;9020006;1885;10;eded;4.806999921798706
Vehicle_2;9020006;1886;10;ede;4.806999921798706
Vehicle_2;9020006;1887;10;ede;2.5470001697540283
Vehicle_2;9020006;1888;10;e;4.547000169754028
Vehicle_2;9020006;1889;10;e;4.547000169754028
Vehicle_2;9020006;1890;10;e;4.547000169754028
Vehicle_2;9020006;1891;10;e;4.547000169754028
Vehicle_2;9020006;1892;10;e;4.547000169754028
Vehicle_2;9020006;1893;10;ed;4.547000169754028
Vehicle_2;9020006;1894;10;ed;4.547000169754028
Vehicle_2;9020006;1895;10;ed;4.547000169754028
Vehicle_2;9020006;1896;10;e;4.547000169754028
Vehicle_2;9020006;1897;10;ed;1.190000057220459
Vehicle_2;9020006;1898;10;ede;1.190000057220459
Vehicle_2;9020006;1899;10;ede;1.190000057220459
Vehicle_2;9020006;1900;10;ede;1.190000057220459
Vehicle_2;9020006;1901;10;ede;1.190000057220459
Vehicle_2;9020006;1902;10;ede;1.0479998588562012
Vehicle_2;9020006;1903;10;ede;1.0479998588562012
Vehicle_2;9020006;1904;10;ede;1.0479998588562012
Vehicle_2;9020006;1905;10;ede;1.0479998588562012
Vehicle_2;9020006;1906;10;ede;1.0479998588562012
Vehicle_2;9020006;1907;10;ede;1.059000015258789
Vehicle_2;9020006;1908;10;ede;1.059000015258789
Vehicle_2;9020006;1909;10;ede;1.179999828338623
Vehicle_2;9020006;1910;10;ede;1.179999828338623
Vehicle_2;9020006;1911;10;ede;1.179999828338623
Vehicle_2;9020006;1912;10;ed;1.179999828338623
Vehicle_2;9020006;1913;10;e;1.179999828338623
Vehicle_2;9020006;1914;10;ede;2.078000068664551
Vehicle_2;9020006;1915;10;edede;2.078000068664551
Vehicle_2;9020006;1916;10;ededed;2.078000068664551
Vehicle_2;9020006;1917;10;edede;2.078000068664551
Vehicle_2;9020006;1918;10;ed;2.078000068664551
Vehicle_2;9020006;1919;10;e;2.078000068664551
Vehicle_2;9020006;1920;10;e;2.078000068664551
Vehicle_2;9020006;1921;10;ed;2.078000068664551
Vehicle_2;9020006;1922;10;ed;2.078000068664551
Vehicle_2;9020006;1923;10;ed;1.190999984741211
Vehicle_2;9020006;1924;10;e;1.190999984741211
Vehicle_2;9020006;1925;10;e;1.0510001182556152
Vehicle_2;9020006;1926;10;e;1.0510001182556152
Vehicle_2;9020006;1927;10;e;1.0510001182556152
Vehicle_2;9020006;1928;10;e;1.0510001182556152
Vehicle_2;9020006;1929;10;ede;1.0510001182556152
Vehicle_2;9020006;1930;10;ede;1.065999984741211
Vehicle_2;9020006;1931;10;ede;1.065999984741211
Vehicle_2;9020006;1932;10;ede;1.065999984741211
Vehicle_2;9020006;1933;10;ede;1.065999984741211
Vehicle_2;9020006;1934;10;ede;1.065999984741211
Vehicle_2;9020006;1935;10;e;1.065999984741211
Vehicle_2;9020006;1936;10;e;1.065999984741211
Vehicle_2;9020006;1937;10;e;1.065999984741211
Vehicle_2;9020006;1938;10;e;1.065999984741211
Vehicle_2;9020006;1939;10;ede;1.0439999103546143
Vehicle_2;9020006;1940;10;ede;1.0439999103546143
Vehicle_2;9020006;1941;10;eded;1.2829999923706055
Vehicle_2;9020006;1942;10;eded;1.2829999923706055
Vehicle_2;9020006;1943;10;ede;1.2829999923706055
Vehicle_2;9020006;1944;10;ed;1.2829999923706055
Vehicle_2;9020006;1945;10;ed;1.375
Vehicle_2;9020006;1946;10;ed;4.671000003814697
Vehicle_2;9020006;1947;10;ed;4.671000003814697
Vehicle_2;9020006;1948;10;e;4.671000003814697
Vehicle_2;9020006;1949;10;ed;4.671000003814697
Vehicle_2;9020006;1950;10;ed;4.671000003814697
Vehicle_2;9020006;1951;10;ed;4.671000003814697
Vehicle_2;9020006;1952;10;ed;4.671000003814697
Vehicle_2;9020006;1953;10;ed;4.671000003814697
Vehicle_2;9020006;1954;10;e;4.671000003814697
Vehicle_2;9020006;1955;10;ed;2.3549997806549072
Vehicle_2;9020006;1956;10;ed;2.3549997806549072
Vehicle_2;9020006;1957;10;ed;1.0540001392364502
Vehicle_2;9020006;1958;10;e;1.0540001392364502
Vehicle_2;9020006;1959;10;ed;1.1979999542236328
Vehicle_2;9020006;1960;10;ed;1.1979999542236328
Vehicle_2;9020006;1961;10;ed;1.1979999542236328
Vehicle_2;9020006;1962;10;e;1.1979999542236328
Vehicle_2;9020006;1963;10;e;1.1979999542236328
Vehicle_2;9020006;1964;10;ed;1.1979999542236328
Vehicle_2;9020006;1965;10;ed;1.1979999542236328
Vehicle_2;9020006;1966;10;e;1.1979999542236328
Vehicle_2;9020006;1967;10;e;1.1979999542236328
Vehicle_2;9020006;1968;10;e;1.065000057220459
Vehicle_2;9020006;1969;10;e;1.065000057220459
Vehicle_2;9020006;1970;10;e;1.065000057220459
Vehicle_2;9020006;1971;10;ed;1.065000057220459
Vehicle_2;9020006;1972;10;ed;1.0499999523162842
Vehicle_2;9020006;1973;10;e;1.059999942779541
Vehicle_2;9020006;1974;10;e;1.059999942779541
Vehicle_2;9020006;1975;10;e;1.059999942779541
Vehicle_2;9020006;1976;10;e;1.059999942779541
Vehicle_2;9020006;1977;10;ede;1.059999942779541
Vehicle_2;9020006;1978;10;e;1.059999942779541
Vehicle_2;9020006;1979;10;e;1.059999942779541
Vehicle_2;9020006;1980;10;ede;1.059999942779541
Vehicle_2;9020006;1981;10;ed;1.4030001163482666
Vehicle_2;9020006;1982;10;ed;1.4030001163482666
Vehicle_2;9020006;1983;10;e;1.4030001163482666
Vehicle_2;9020006;1984;10;e;1.5449998378753662
Vehicle_2;9020006;1985;10;e;1.5449998378753662
Vehicle_2;9020006;1986;10;e;4.051999807357788
Vehicle_2;9020006;1987;10;e;4.051999807357788
Vehicle_2;9020006;1988;10;e;4.051999807357788
Vehicle_2;9020006;1989;10;e;4.051999807357788
Vehicle_2;9020006;1990;10;e;4.051999807357788
Vehicle_2;9020006;1991;10;e;4.051999807357788
Vehicle_2;9020006;1992;10;e;4.051999807357788
Vehicle_2;9020006;1993;10;e;4.051999807357788
Vehicle_2;9020006;1994;10;e;4.051999807357788
Vehicle_2;9020006;1995;10;eded;1.0390000343322754
Vehicle_2;9020006;1996;10;eded;1.0390000343322754
Vehicle_2;9020006;1997;10;ed;1.0390000343322754
Vehicle_2;9020006;1998;10;eded;1.0390000343322754
Vehicle_2;9020006;1999;10;e;1.0399999618530273
Vehicle_2;9020006;2000;10;e;1.0399999618530273
Vehicle_2;9020006;2001;10;e;1.0499999523162842
Vehicle_2;9020006;2002;10;ed;1.0499999523162842
Vehicle_2;9020006;2003;10;ed;1.0499999523162842
Vehicle_2;9020006;2004;10;ed;1.0499999523162842
Vehicle_2;9020006;2005;10;ed;1.0499999523162842
Vehicle_2;9020006;2006;10;e;1.0499999523162842
Vehicle_2;9020006;2007;10;e;1.191999912261963
Vehicle_2;9020006;2008;10;e;1.191999912261963
Vehicle_2;9020006;2009;10;ed;1.191999912261963
Vehicle_2;9020006;2010;10;e;1.191999912261963
Vehicle_2;9020006;2011;10;e;9.909000158309937
Vehicle_2;9020006;2012;10;e;9.909000158309937
Vehicle_2;9020006;2013;10;e;9.909000158309937
Vehicle_2;9020006;2014;10;e;9.909000158309937
Vehicle_2;9020006;2015;10;ede;9.909000158309937
Vehicle_2;9020006;2016;10;ede;9.909000158309937
Vehicle_2;9020006;2017;10;ede;9.909000158309937
Vehicle_2;9020006;2018;10;e;9.909000158309937
Vehicle_2;9020006;2019;10;e;9.909000158309937
Vehicle_2;9020006;2020;10;e;1.6989998817443848
Vehicle_2;9020006;2021;10;e;2.005000114440918
Vehicle_2;9020006;2022;10;e;2.005000114440918
Vehicle_2;9020006;2023;10;e;2.006999969482422
Vehicle_2;9020006;2024;10;e;2.006999969482422
Vehicle_2;9020006;2025;10;e;2.006999969482422
Vehicle_2;9020006;2026;10;e;7.572000026702881
Vehicle_2;9020006;2027;10;e;7.572000026702881
Vehicle_2;9020006;2028;10;e;7.572000026702881
Vehicle_2;9020006;2029;10;e;7.572000026702881
Vehicle_2;9020006;2030;10;e;7.572000026702881
Vehicle_2;9020006;2031;10;e;7.572000026702881
Vehicle_2;9020006;2032;10;e;7.572000026702881
Vehicle_2;9020006;2033;10;ed;7.572000026702881
Vehicle_2;9020006;2034;10;ede;7.572000026702881
Vehicle_2;9020006;2035;10;ede;2.1439998149871826
Vehicle_2;9020006;2036;10;ed;5.61299991607666
Vehicle_2;9020006;2037;10;e;5.61299991607666
Vehicle_2;9020006;2038;10;e;5.61299991607666
Vehicle_2;9020006;2039;10;e;5.61299991607666
Vehicle_2;9020006;2040;10;e;5.61299991607666
Vehicle_2;9020006;2041;10;e;5.61299991607666
Vehicle_2;9020006;2042;10;e;5.61299991607666
Vehicle_2;9020006;2043;10;ede;5.61299991607666
Vehicle_2;9020006;2044;10;e;5.61299991607666
Vehicle_2;9020006;2045;10;e;1.5269999504089355
Vehicle_2;9020006;2046;10;e;1.5269999504089355
Vehicle_2;9020006;2047;10;ede;1.5269999504089355
Vehicle_2;9020006;2048;10;e;1.5269999504089355
Vehicle_2;9020006;2049;10;e;1.812999963760376
Vehicle_2;9020006;2050;10;e;1.812999963760376
Vehicle_2;9020006;2051;10;e;1.812999963760376
Vehicle_2;9020006;2052;10;ede;1.812999963760376
Vehicle_2;9020006;2053;10;ede;1.812999963760376
Vehicle_2;9020006;2054;10;eded;1.812999963760376
Vehicle_2;9020006;2055;10;e;1.812999963760376
Vehicle_2;9020006;2056;10;e;1.812999963760376
Vehicle_2;9020006;2057;10;e;1.9170000553131104
Vehicle_2;9020006;2058;10;e;1.9170000553131104
Vehicle_2;9020006;2059;10;e;1.9170000553131104
Vehicle_2;9020006;2060;10;e;1.9170000553131104
Vehicle_2;9020006;2061;10;e;1.9170000553131104
Vehicle_2;9020006;2062;10;e;1.9170000553131104
Vehicle_2;9020006;2063;10;e;1.9170000553131104
Vehicle_2;9020006;2064;10;e;1.9170000553131104
Vehicle_2;9020006;2065;10;e;1.9170000553131104
Vehicle_2;9020006;2066;10;e;1.508000135421753
Vehicle_2;9020006;2067;10;e;1.508000135421753
Vehicle_2;9020006;2068;10;e;1.508000135421753
Vehicle_2;9020006;2069;10;e;1.508000135421753
Vehicle_2;9020006;2070;10;e;1.508000135421753
Vehicle_2;9020006;2071;10;e;1.508000135421753
Vehicle_2;9020006;2072;10;e;1.508000135421753
Vehicle_2;9020006;2073;10;e;1.508000135421753
Vehicle_2;9020006;2074;10;ede;1.3420000076293945
Vehicle_2;9020006;2075;10;ede;1.3420000076293945
Vehicle_2;9020006;2076;10;ede;1.3420000076293945
Vehicle_2;9020006;2077;10;ede;1.2020001411437988
Vehicle_2;9020006;2078;10;e;1.2020001411437988
Vehicle_2;9020006;2079;10;e;1.2020001411437988
Vehicle_2;9020006;2080;10;e;1.2020001411437988
Vehicle_2;9020006;2081;10;e;1.2020001411437988
Vehicle_2;9020006;2082;10;e;1.7130000591278076
Vehicle_2;9020006;2083;10;e;1.7130000591278076
Vehicle_2;9020006;2084;10;e;1.7130000591278076
Vehicle_2;9020006;2085;10;e;8.324999809265137
Vehicle_2;9020006;2086;10;e;8.324999809265137
Vehicle_2;9020006;2087;10;e;8.324999809265137
Vehicle_2;9020006;2088;10;e;8.324999809265137
Vehicle_2;9020006;2089;10;e;8.324999809265137
Vehicle_2;9020006;2090;10;e;8.324999809265137
Vehicle_2;9020006;2091;10;e;8.324999809265137
Vehicle_2;9020006;2092;10;ede;8.324999809265137
Vehicle_2;9020006;2093;10;e;8.324999809265137
Vehicle_2;9020006;2094;10;e;1.622999906539917
Vehicle_2;9020006;2095;10;ed;3.9620001316070557
Vehicle_2;9020006;2096;10;ed;3.9620001316070557
Vehicle_2;9020006;2097;10;e;3.9620001316070557
Vehicle_2;9020006;2098;10;e;5.078000068664551
Vehicle_2;9020006;2099;10;e;5.078000068664551
Vehicle_2;9020006;2100;10;e;25.77300000190735
Vehicle_2;9020006;2101;10;e;25.77300000190735
Vehicle_2;9020006;2102;10;e;25.77300000190735
Vehicle_2;9020006;2103;10;ede;25.77300000190735
Vehicle_2;9020006;2104;10;ede;25.77300000190735
Vehicle_2;9020006;2105;10;eded;25.77300000190735
Vehicle_2;9020006;2106;10;ede;25.77300000190735
Vehicle_2;9020006;2107;10;ede;25.77300000190735
Vehicle_2;9020006;2108;10;ed;25.77300000190735
Vehicle_2;9020006;2109;10;e;1.4089999198913574
Vehicle_2;9020006;2110;10;e;1.4089999198913574
Vehicle_2;9020006;2111;10;e;1.4089999198913574
Vehicle_2;9020006;2112;10;ed;1.4089999198913574
Vehicle_2;9020006;2113;10;eded;1.4089999198913574
Vehicle_2;9020006;2114;10;e;1.4089999198913574
Vehicle_2;9020006;2115;10;e;1.0510001182556152
Vehicle_2;9020006;2116;10;ede;1.0510001182556152
Vehicle_2;9020006;2117;10;e;1.0510001182556152
Vehicle_2;9020006;2118;10;e;1.1990001201629639
Vehicle_2;9020006;2119;10;e;1.1990001201629639
Vehicle_2;9020006;2120;10;ed;1.1990001201629639
Vehicle_2;9020006;2121;10;ed;1.1990001201629639
Vehicle_2;9020006;2122;10;e;1.7039999961853027
Vehicle_2;9020006;2123;10;e;1.7039999961853027
Vehicle_2;9020006;2124;10;e;1.7039999961853027
Vehicle_2;9020006;2125;10;e;1.9600000381469727
Vehicle_2;9020006;2126;10;e8;1.9600000381469727
Vehicle_2;9020006;2127;10;e8;1.9600000381469727
Vehicle_2;9020006;2128;10;e8;1.9600000381469727
Vehicle_2;9020006;2129;10;e8;1.9600000381469727
Vehicle_2;9020006;2130;10;b2;1.9600000381469727
Vehicle_2;9020006;2131;10;b2;1.9600000381469727
Vehicle_2;9020006;2132;10;b2;1.9600000381469727
Vehicle_2;9020006;2133;10;e;1.9600000381469727
Vehicle_2;9020006;2134;10;ed;3.5989999771118164
Vehicle_2;9020006;2135;10;ed;3.5989999771118164
Vehicle_2;9020006;2136;10;ede;3.5989999771118164
Vehicle_2;9020006;2137;10;ede;3.5989999771118164
Vehicle_2;9020006;2138;10;ed;3.5989999771118164
Vehicle_2;9020006;2139;10;ed;3.5989999771118164
Vehicle_2;9020006;2140;10;e;3.5989999771118164
Vehicle_2;9020006;2141;10;ed;3.5989999771118164
Vehicle_2;9020006;2142;10;ed;3.5989999771118164
Vehicle_2;9020006;2143;10;ede;2.307000160217285
Vehicle_2;9020006;2144;10;ede;2.307000160217285
Vehicle_2;9020006;2145;10;ede;2.307000160217285
Vehicle_2;9020006;2146;10;ede;2.307000160217285
Vehicle_2;9020006;2147;10;ed;2.307000160217285
Vehicle_2;9020006;2148;10;e;2.307000160217285
Vehicle_2;9020006;2149;10;e;2.307000160217285
Vehicle_2;9020006;2150;10;e;2.307000160217285
Vehicle_2;9020006;2151;10;edede;2.004999876022339
Vehicle_2;9020006;2152;10;ede;2.004999876022339
Vehicle_2;9020006;2153;10;ede;2.004999876022339
Vehicle_2;9020006;2154;10;ed;1.7990000247955322
Vehicle_2;9020006;2155;10;e;1.7990000247955322
Vehicle_2;9020006;2156;10;eded;1.7990000247955322
Vehicle_2;9020006;2157;10;eded;1.7990000247955322
Vehicle_2;9020006;2158;10;edede;1.0499999523162842
Vehicle_2;9020006;2159;10;edede;1.0499999523162842
Vehicle_2;9020006;2160;10;ededed;1.0499999523162842
Vehicle_2;9020006;2161;10;edede;1.063999891281128
Vehicle_2;9020006;2162;10;edede;1.063999891281128
Vehicle_2;9020006;2163;10;edede;1.063999891281128
Vehicle_2;9020006;2164;10;edede;1.063999891281128
Vehicle_2;9020006;2165;10;edede8;1.2039999961853027
Vehicle_2;9020006;2166;10;ede85;1.2039999961853027
Vehicle_2;9020006;2167;10;ededa5e;1.315000057220459
Vehicle_2;9020006;2168;10;eda5e;1.315000057220459
Vehicle_2;9020006;2169;10;eda5ed;1.315000057220459
Vehicle_2;9020006;2170;10;eda5ed;1.315000057220459
Vehicle_2;9020006;2171;10;e84ded;1.315000057220459
Vehicle_2;9020006;2172;10;a5ede;1.315000057220459
Vehicle_2;9020006;2173;10;1212;1.315000057220459
Vehicle_2;9020006;2174;10;eded;6.170000076293945
Vehicle_2;9020006;2175;10;eded;6.170000076293945
Vehicle_2;9020006;2176;10;ede;6.170000076293945
Vehicle_2;9020006;2177;10;eded;6.170000076293945
Vehicle_2;9020006;2178;10;ede;6.170000076293945
Vehicle_2;9020006;2179;10;ed;6.170000076293945
Vehicle_2;9020006;2180;10;ede;6.170000076293945
Vehicle_2;9020006;2181;10;eded;6.170000076293945
Vehicle_2;9020006;2182;10;ededede;6.170000076293945
Vehicle_2;9020006;2183;10;ededede;1.2229998111724854
Vehicle_2;9020006;2184;10;ededede;1.2229998111724854
Vehicle_2;9020006;2185;10;ededede;1.2990000247955322
Vehicle_2;9020006;2186;10;eded;1.2990000247955322
Vehicle_2;9020006;2187;10;edededa;1.2990000247955322
Vehicle_2;9020006;2188;10;edede85;1.2990000247955322
Vehicle_2;9020006;2189;10;ededa4d;1.2990000247955322
Vehicle_2;9020006;2190;10;ede85ed;1.2990000247955322
Vehicle_2;9020006;2191;10;e85ede;1.2990000247955322
Vehicle_2;9020006;2192;10;e85eded;1.2990000247955322
Vehicle_2;9020006;2193;10;a4dede;1.2990000247955322
Vehicle_2;9020006;2194;10;a4dede;2.25
Vehicle_2;9020006;2195;10;1;2.25
Vehicle_2;9020006;2196;10;e;2.25
Vehicle_2;9020006;2197;10;e;2.874000072479248
Vehicle_2;9020006;2198;10;e;2.874000072479248
Vehicle_2;9020006;2199;10;e8;2.874000072479248
Vehicle_2;9020006;2200;10;e84;2.874000072479248
Vehicle_2;9020006;2201;10;e84;2.874000072479248
Vehicle_2;9020006;2202;10;eda5e;2.874000072479248
Vehicle_2;9020006;2203;10;eda5e;2.874000072479248
Vehicle_2;9020006;2204;10;eda5e;2.874000072479248
Vehicle_2;9020006;2205;10;a5e;2.874000072479248
Vehicle_2;9020006;2206;10;a5e;2.000999927520752
Vehicle_2;9020006;2207;10;1;2.000999927520752
Vehicle_2;9020006;2208;10;e;2.000999927520752
Vehicle_2;9020006;2209;10;ede;2.000999927520752
Vehicle_2;9020006;2210;10;ede;2.000999927520752
Vehicle_2;9020006;2211;10;ed;1.8149998188018799
Vehicle_2;9020006;2212;10;ed;1.8149998188018799
Vehicle_2;9020006;2213;10;ede;1.8149998188018799
Vehicle_2;9020006;2214;10;eded;1.8149998188018799
Vehicle_2;9020006;2215;10;edede;1.8149998188018799
Vehicle_2;9020006;2216;10;ededed;1.8149998188018799
Vehicle_2;9020006;2217;10;edede;1.2089998722076416
Vehicle_2;9020006;2218;10;ededed;1.2089998722076416
Vehicle_2;9020006;2219;10;ededed;1.7340002059936523
Vehicle_2;9020006;2220;10;edede;1.7340002059936523
Vehicle_2;9020006;2221;10;eded;1.7340002059936523
Vehicle_2;9020006;2222;10;eded;1.7340002059936523
Vehicle_2;9020006;2223;10;ede;1.940999984741211
Vehicle_2;9020006;2224;10;eded;1.940999984741211
Vehicle_2;9020006;2225;10;ede;1.940999984741211
Vehicle_2;9020006;2226;10;ede;1.940999984741211
Vehicle_2;9020006;2227;10;eded;3.7639999389648438
Vehicle_2;9020006;2228;10;edede;3.7639999389648438
Vehicle_2;9020006;2229;10;eded;3.7639999389648438
Vehicle_2;9020006;2230;10;ede;3.7639999389648438
Vehicle_2;9020006;2231;10;ede;3.7639999389648438
Vehicle_2;9020006;2232;10;ede;3.7639999389648438
Vehicle_2;9020006;2233;10;eded;3.7639999389648438
Vehicle_2;9020006;2234;10;ede;3.7639999389648438
Vehicle_2;9020006;2235;10;ede;3.7639999389648438
Vehicle_2;9020006;2236;10;edede;2.888000011444092
Vehicle_2;9020006;2237;10;edede;2.888000011444092
Vehicle_2;9020006;2238;10;eded;2.888000011444092
Vehicle_2;9020006;2239;10;ede;2.888000011444092
Vehicle_2;9020006;2240;10;ede;1.8259999752044678
Vehicle_2;9020006;2241;10;ede;1.8259999752044678
Vehicle_2;9020006;2242;10;e;1.5189998149871826
Vehicle_2;9020006;2243;10;e;1.5189998149871826
Vehicle_2;9020006;2244;10;e;5.70199990272522
Vehicle_2;9020006;2245;10;e;5.70199990272522
Vehicle_2;9020006;2246;10;e;5.70199990272522
Vehicle_2;9020006;2247;10;ede;5.70199990272522
Vehicle_2;9020006;2248;10;ede;5.70199990272522
Vehicle_2;9020006;2249;10;e;5.70199990272522
Vehicle_2;9020006;2250;10;ed;5.70199990272522
Vehicle_2;9020006;2251;10;ede;5.70199990272522
Vehicle_2;9020006;2252;10;ede;5.70199990272522
Vehicle_2;9020006;2253;10;eded;1.8289999961853027
Vehicle_2;9020006;2254;10;edede;1.8289999961853027
Vehicle_2;9020006;2255;10;ede;1.8289999961853027
Vehicle_2;9020006;2256;10;e;4.234999895095825
Vehicle_2;9020006;2257;10;ed;4.234999895095825
Vehicle_2;9020006;2258;10;ede;4.234999895095825
Vehicle_2;9020006;2259;10;ede;4.234999895095825
Vehicle_2;9020006;2260;10;ede;4.234999895095825
Vehicle_2;9020006;2261;10;ede;4.234999895095825
Vehicle_2;9020006;2262;10;ede;4.234999895095825
Vehicle_2;9020006;2263;10;ed;4.234999895095825
Vehicle_2;9020006;2264;10;e;4.234999895095825
Vehicle_2;9020006;2265;10;e;12.457000017166138
Vehicle_2;9020006;2266;10;ed;12.457000017166138
Vehicle_2;9020006;2267;10;e;12.457000017166138
Vehicle_2;9020006;2268;10;e;12.457000017166138
Vehicle_2;9020006;2269;10;e;49.45300006866455
Vehicle_2;9020006;2270;10;e;49.45300006866455
Vehicle_2;9020006;2271;10;e;49.45300006866455
Vehicle_2;9020006;2272;10;e;49.45300006866455
Vehicle_2;9020006;2273;10;e;49.45300006866455
Vehicle_2;9020006;2274;10;e;49.45300006866455
Vehicle_2;9020006;2275;10;e;49.45300006866455
Vehicle_2;9020006;2276;10;e;49.45300006866455
Vehicle_2;9020006;2277;10;e;49.45300006866455
Vehicle_2;9020006;2278;10;e;1.9879999160766602
Vehicle_2;9020006;2279;10;e;1.9879999160766602
Vehicle_2;9020006;2280;10;e;1.9879999160766602
Vehicle_2;9020006;2281;10;e;1.9879999160766602
Vehicle_2;9020006;2282;10;e;1.9879999160766602
Vehicle_2;9020006;2283;10;e;1.991999864578247
Vehicle_2;9020006;2284;10;e;1.991999864578247
Vehicle_2;9020006;2285;10;e;1.991999864578247
Vehicle_2;9020006;2286;10;e;1.991999864578247
Vehicle_2;9020006;2287;10;e;1.991999864578247
Vehicle_2;9020006;2288;10;e;1.991999864578247
Vehicle_2;9020006;2289;10;e;1.991999864578247
Vehicle_2;9020006;2290;10;e;1.991999864578247
Vehicle_2;9020006;2291;10;e;1.991999864578247
Vehicle_2;9020006;2292;10;ed;1.5280001163482666
Vehicle_2;9020006;2293;10;ede;1.5280001163482666
Vehicle_2;9020006;2294;10;ede;1.0409998893737793
Vehicle_2;9020006;2295;10;ede;1.0409998893737793
Vehicle_2;9020006;2296;10;ede;1.0399999618530273
Vehicle_2;9020006;2297;10;e;1.3010001182556152
Vehicle_2;9020006;2298;10;e;1.3010001182556152
Vehicle_2;9020006;2299;10;e;1.3010001182556152
Vehicle_2;9020006;2300;10;e;2.2190001010894775
Vehicle_2;9020006;2301;10;ede;2.2190001010894775
Vehicle_2;9020006;2302;10;e;2.2190001010894775
Vehicle_2;9020006;2303;10;e;2.2190001010894775
Vehicle_2;9020006;2304;10;ede;2.2190001010894775
Vehicle_2;9020006;2305;10;ede;2.2190001010894775
Vehicle_2;9020006;2306;10;eded;2.2190001010894775
Vehicle_2;9020006;2307;10;ede8;2.2190001010894775
Vehicle_2;9020006;2308;10;a4;2.2190001010894775
Vehicle_2;9020006;2309;10;a4;2.0410001277923584
Vehicle_2;9020006;2310;10;a4;2.0410001277923584
Vehicle_2;9020006;2311;10;a4d;1.178999900817871
Vehicle_2;9020006;2312;10;a4d;1.178999900817871
Vehicle_2;9020006;2313;10;a4d;1.178999900817871
Vehicle_2;9020006;2314;10;a4d;1.125
Vehicle_2;9020006;2315;10;12;1.125
Vehicle_2;9020006;2316;10;ede;2.8339998722076416
Vehicle_2;9020006;2317;10;ede;2.8339998722076416
Vehicle_2;9020006;2318;10;ede;7.480999946594238
Vehicle_2;9020006;2319;10;ede;7.480999946594238
Vehicle_2;9020006;2320;10;ed;7.480999946594238
Vehicle_2;9020006;2321;10;e;7.480999946594238
Vehicle_2;9020006;2322;10;e;7.480999946594238
Vehicle_2;9020006;2323;10;e;7.480999946594238
Vehicle_2;9020006;2324;10;e;7.480999946594238
Vehicle_2;9020006;2325;10;ede;7.480999946594238
Vehicle_2;9020006;2326;10;ede;7.480999946594238
Vehicle_2;9020006;2327;10;ed;1.5049998760223389
Vehicle_2;9020006;2328;10;ed;1.5049998760223389
Vehicle_2;9020006;2329;10;ed;1.5049998760223389
Vehicle_2;9020006;2330;10;ed;1.5049998760223389
Vehicle_2;9020006;2331;10;ed;1.5049998760223389
Vehicle_2;9020006;2332;10;eda;1.4539999961853027
Vehicle_2;9020006;2333;10;eda4;1.4539999961853027
Vehicle_2;9020006;2334;10;e85b;1.4539999961853027
Vehicle_2;9020006;2335;10;e85b2;1.4539999961853027
Vehicle_2;9020006;2336;10;e85b2;1.4539999961853027
Vehicle_2;9020006;2337;10;e85a1;1.5270001888275146
Vehicle_2;9020006;2338;10;a48;1.5270001888275146
Vehicle_2;9020006;2339;10;a481;1.5270001888275146
Vehicle_2;9020006;2340;10;4817b;1.5270001888275146
Vehicle_2;9020006;2341;10;b21248;1.5270001888275146
Vehicle_2;9020006;2342;10;a5a484;1.5270001888275146
Vehicle_2;9020006;2343;10;5a12;1.5270001888275146
Vehicle_2;9020006;2344;10;5a121;2.0210001468658447
Vehicle_2;9020006;2345;10;a5a4848;2.0210001468658447
Vehicle_2;9020006;2346;10;a5a48481;2.0210001468658447
Vehicle_2;9020006;2347;10;e848484;2.0210001468658447
Vehicle_2;9020006;2348;10;a4848168;2.0210001468658447
Vehicle_2;9020006;2349;10;1212492;2.0210001468658447
Vehicle_2;9020006;2350;10;a5a5a4;2.0210001468658447
Vehicle_2;9020006;2351;10;5a5a12;2.0210001468658447
Vehicle_2;9020006;2352;10;a5a121;2.0210001468658447
Vehicle_2;9020006;2353;10;5a121;1.627000093460083
Vehicle_2;9020006;2354;10;a4d;1.627000093460083
Vehicle_2;9020006;2355;10;a49;1.627000093460083
Vehicle_2;9020006;2356;10;5a;1.627000093460083
Vehicle_2;9020006;2357;10;b2;1.627000093460083
Vehicle_2;9020006;2358;10;b2;1.1970000267028809
Vehicle_2;9020006;2359;10;b21;1.1970000267028809
Vehicle_2;9020006;2360;10;b2121;1.1970000267028809
Vehicle_2;9020006;2361;10;b21;1.1970000267028809
Vehicle_2;9020006;2362;10;ed;1.0410001277923584
Vehicle_2;9020006;2363;10;e;1.0440001487731934
Vehicle_2;9020006;2364;10;ede;1.0440001487731934
Vehicle_2;9020006;2365;10;ede;1.0440001487731934
Vehicle_2;9020006;2366;10;edede;1.0440001487731934
Vehicle_2;9020006;2367;10;eded;1.0440001487731934
Vehicle_2;9020006;2368;10;ede;1.0440001487731934
Vehicle_2;9020006;2369;10;e;1.0440001487731934
Vehicle_2;9020006;2370;10;e;1.0440001487731934
Vehicle_2;9020006;2371;10;e;1.0440001487731934
Vehicle_2;9020006;2372;10;e;1.0410001277923584
Vehicle_2;9020006;2373;10;e;1.0410001277923584
Vehicle_2;9020006;2374;10;ede;1.0390000343322754
Vehicle_2;9020006;2375;10;eded;1.0490000247955322
Vehicle_2;9020006;2376;10;eded;1.0490000247955322
Vehicle_2;9020006;2377;10;ede;1.0490000247955322
Vehicle_2;9020006;2378;10;ede;1.0490000247955322
Vehicle_2;9020006;2379;10;ede;1.0490000247955322
Vehicle_2;9020006;2380;10;ed;1.0490000247955322
Vehicle_2;9020006;2381;10;ede;1.0490000247955322
Vehicle_2;9020006;2382;10;ede;1.0490000247955322
Vehicle_2;9020006;2383;10;ede;1.0490000247955322
Vehicle_2;9020006;2384;10;ede;1.0450000762939453
Vehicle_2;9020006;2385;10;ede;1.0450000762939453
Vehicle_2;9020006;2386;10;ede;1.0450000762939453
Vehicle_2;9020006;2387;10;ede;1.0469999313354492
Vehicle_2;9020006;2388;10;e;1.0469999313354492
Vehicle_2;9020006;2389;10;e;1.055999994277954
Vehicle_2;9020006;2390;10;e;1.055999994277954
Vehicle_2;9020006;2391;10;e;1.1040000915527344
Vehicle_2;9020006;2392;10;e;1.1040000915527344
Vehicle_2;9020006;2393;10;e;1.1040000915527344
Vehicle_2;9020006;2394;10;e;1.1040000915527344
Vehicle_2;9020006;2395;10;e;1.1040000915527344
Vehicle_2;9020006;2396;10;ed;1.1040000915527344
Vehicle_2;9020006;2397;10;ed;1.1040000915527344
Vehicle_2;9020006;2398;10;ed;1.1040000915527344
Vehicle_2;9020006;2399;10;e;1.1040000915527344
Vehicle_2;9020006;2400;10;e;1.0490000247955322
Vehicle_2;9020006;2401;10;ed;1.0490000247955322
Vehicle_2;9020006;2402;10;ed;1.0490000247955322
Vehicle_2;9020006;2403;10;ed;1.0490000247955322
Vehicle_2;9020006;2404;10;e;1.0490000247955322
Vehicle_2;9020006;2405;10;ed;1.0490000247955322
Vehicle_2;9020006;2406;10;ed;1.0490000247955322
Vehicle_2;9020006;2407;10;ed;1.0479998588562012
Vehicle_2;9020006;2408;10;ed;1.0479998588562012
Vehicle_2;9020006;2409;10;e;1.0479998588562012
Vehicle_2;9020006;2410;10;ede;1.0479998588562012
Vehicle_2;9020006;2411;10;e;1.2119998931884766
Vehicle_2;9020006;2412;10;e;1.2119998931884766
Vehicle_2;9020006;2413;10;e;1.2119998931884766
Vehicle_2;9020006;2414;10;e;3.1689999103546143
Vehicle_2;9020006;2415;10;ed;3.1689999103546143
Vehicle_2;9020006;2416;10;ed;3.1689999103546143
Vehicle_2;9020006;2417;10;ed;3.1689999103546143
Vehicle_2;9020006;2418;10;e;3.1689999103546143
Vehicle_2;9020006;2419;10;e;3.1689999103546143
Vehicle_2;9020006;2420;10;e;3.1689999103546143
Vehicle_2;9020006;2421;10;ed;3.1689999103546143
Vehicle_2;9020006;2422;10;e;3.1689999103546143
Vehicle_2;9020006;2423;10;e;1.7590000629425049
Vehicle_2;9020006;2424;10;e;1.7590000629425049
Vehicle_2;9020006;2425;10;e;1.7590000629425049
Vehicle_2;9020006;2426;10;ed;1.7590000629425049
Vehicle_2;9020006;2427;10;ed;1.7590000629425049
Vehicle_2;9020006;2428;10;ed;1.7590000629425049
Vehicle_2;9020006;2429;10;e;1.7590000629425049
Vehicle_2;9020006;2430;10;e;1.7590000629425049
Vehicle_2;9020006;2431;10;ede;1.7590000629425049
Vehicle_2;9020006;2432;10;ede;1.2060000896453857
Vehicle_2;9020006;2433;10;ede;1.2060000896453857
Vehicle_2;9020006;2434;10;ede;1.2060000896453857
Vehicle_2;9020006;2435;10;ede;1.1560001373291016
Vehicle_2;9020006;2436;10;ede;1.184000015258789
Vehicle_2;9020006;2437;10;e;1.184000015258789
Vehicle_2;9020006;2438;10;e;1.184000015258789
Vehicle_2;9020006;2439;10;ede;1.184000015258789
Vehicle_2;9020006;2440;10;ede;1.3360002040863037
Vehicle_2;9020006;2441;10;eded;1.3360002040863037
Vehicle_2;9020006;2442;10;ede;19.984000205993652
Vehicle_2;9020006;2443;10;ede;19.984000205993652
Vehicle_2;9020006;2444;10;ede;19.984000205993652
Vehicle_2;9020006;2445;10;ede;19.984000205993652
Vehicle_2;9020006;2446;10;ede;19.984000205993652
Vehicle_2;9020006;2447;10;ede;19.984000205993652
Vehicle_2;9020006;2448;10;ed;19.984000205993652
Vehicle_2;9020006;2449;10;ed;19.984000205993652
Vehicle_2;9020006;2450;10;ed;19.984000205993652
Vehicle_2;9020006;2451;10;e;1.2699999809265137
Vehicle_2;9020006;2452;10;e;1.2699999809265137
Vehicle_2;9020006;2453;10;e;1.2699999809265137
Vehicle_2;9020006;2454;10;e;1.2699999809265137
Vehicle_2;9020006;2455;10;e;1.2699999809265137
Vehicle_2;9020006;2456;10;e;1.2699999809265137
Vehicle_2;9020006;2457;10;e;1.2979998588562012
Vehicle_2;9020006;2458;10;e;1.2979998588562012
Vehicle_2;9020006;2459;10;ed;1.2979998588562012
Vehicle_2;9020006;2460;10;ed;1.2979998588562012
Vehicle_2;9020006;2461;10;ed;1.2979998588562012
Vehicle_2;9020006;2462;10;e;1.2979998588562012
Vehicle_2;9020006;2463;10;e;1.2979998588562012
Vehicle_2;9020006;2464;10;e;1.2979998588562012
Vehicle_2;9020006;2465;10;e;2.5429999828338623
Vehicle_2;9020006;2466;10;e;2.5429999828338623
Vehicle_2;9020006;2467;10;e;2.5429999828338623
Vehicle_2;9020006;2468;10;e;3.6430001258850098
Vehicle_2;9020006;2469;10;ede;3.6430001258850098
Vehicle_2;9020006;2470;10;ede;3.6430001258850098
Vehicle_2;9020006;2471;10;e;3.6430001258850098
Vehicle_2;9020006;2472;10;ed;3.6430001258850098
Vehicle_2;9020006;2473;10;ed;3.6430001258850098
Vehicle_2;9020006;2474;10;ede;3.6430001258850098
Vehicle_2;9020006;2475;10;edede;3.6430001258850098
Vehicle_2;9020006;2476;10;eded;3.6430001258850098
Vehicle_2;9020006;2477;10;ede;1.4200000762939453
Vehicle_2;9020006;2478;10;ed;1.4200000762939453
Vehicle_2;9020006;2479;10;e;1.4200000762939453
Vehicle_2;9020006;2480;10;e;1.4579999446868896
Vehicle_2;9020006;2481;10;ed;1.4579999446868896
Vehicle_2;9020006;2482;10;ed;1.4579999446868896
Vehicle_2;9020006;2483;10;e;1.4579999446868896
Vehicle_2;9020006;2484;10;e;1.4579999446868896
Vehicle_2;9020006;2485;10;e;1.4579999446868896
Vehicle_2;9020006;2486;10;e;1.4579999446868896
Vehicle_2;9020006;2487;10;e;1.4579999446868896
Vehicle_2;9020006;2488;10;ed;1.9170000553131104
Vehicle_2;9020006;2489;10;ed;1.9170000553131104
Vehicle_2;9020006;2490;10;ed;3.3560001850128174
Vehicle_2;9020006;2491;10;ed;3.3560001850128174
Vehicle_2;9020006;2492;10;ed;3.3560001850128174
Vehicle_2;9020006;2493;10;ede;8.399999856948853
Vehicle_2;9020006;2494;10;ededed;8.399999856948853
Vehicle_2;9020006;2495;10;ededed;8.399999856948853
Vehicle_2;9020006;2496;10;edede;8.399999856948853
Vehicle_2;9020006;2497;10;ede;8.399999856948853
Vehicle_2;9020006;2498;10;ede;8.399999856948853
Vehicle_2;9020006;2499;10;e;8.399999856948853
Vehicle_2;9020006;2500;10;ede;8.399999856948853
Vehicle_2;9020006;2501;10;e;8.399999856948853
Vehicle_2;9020006;2502;10;e;1.7200000286102295
Vehicle_2;9020006;2503;10;e;1.7200000286102295
Vehicle_2;9020006;2504;10;ede;1.7200000286102295
Vehicle_2;9020006;2505;10;eded;1.7200000286102295
Vehicle_2;9020006;2506;10;eded;1.7860000133514404
Vehicle_2;9020006;2507;10;ede;1.7860000133514404
Vehicle_2;9020006;2508;10;e;1.7860000133514404
Vehicle_2;9020006;2509;10;e;1.7860000133514404
Vehicle_2;9020006;2510;10;ed;1.7860000133514404
Vehicle_2;9020006;2511;10;ede;4.093000173568726
Vehicle_2;9020006;2512;10;ede;4.093000173568726
Vehicle_2;9020006;2513;10;e;34.89699983596802
Vehicle_2;9020006;2514;10;e;34.89699983596802
Vehicle_2;9020006;2515;10;e;34.89699983596802
Vehicle_2;9020006;2516;10;e;34.89699983596802
Vehicle_2;9020006;2517;10;e;34.89699983596802
Vehicle_2;9020006;2518;10;e;34.89699983596802
Vehicle_2;9020006;2519;10;e;34.89699983596802
Vehicle_2;9020006;2520;10;ed;34.89699983596802
Vehicle_2;9020006;2521;10;ed;34.89699983596802
Vehicle_2;9020006;2522;10;e;2.252000093460083
Vehicle_2;9020006;2523;10;e;2.252000093460083
Vehicle_2;9020006;2524;10;e;1.6649999618530273
Vehicle_2;9020006;2525;10;ed;1.6649999618530273
Vehicle_2;9020006;2526;10;ed;1.6649999618530273
Vehicle_2;9020006;2527;10;ed;2.5859999656677246
Vehicle_2;9020006;2528;10;ed;2.5859999656677246
Vehicle_2;9020006;2529;10;e;2.5859999656677246
Vehicle_2;9020006;2530;10;ed;10.510999917984009
Vehicle_2;9020006;2531;10;e;10.510999917984009
Vehicle_2;9020006;2532;10;e;10.510999917984009
Vehicle_2;9020006;2533;10;e;10.510999917984009
Vehicle_2;9020006;2534;10;e;10.510999917984009
Vehicle_2;9020006;2535;10;e;10.510999917984009
Vehicle_2;9020006;2536;10;ed;10.510999917984009
Vehicle_2;9020006;2537;10;ed;10.510999917984009
Vehicle_2;9020006;2538;10;ede;10.510999917984009
Vehicle_2;9020006;2539;10;ed;5.709000110626221
Vehicle_2;9020006;2540;10;eded;5.709000110626221
Vehicle_2;9020006;2541;10;ede;5.709000110626221
Vehicle_2;9020006;2542;10;ed;1.2379999160766602
Vehicle_2;9020006;2543;10;e;1.2379999160766602
Vehicle_2;9020006;2544;10;e;1.2379999160766602
Vehicle_2;9020006;2545;10;e;1.2760000228881836
Vehicle_2;9020006;2546;10;e;1.2760000228881836
Vehicle_2;9020006;2547;10;e;1.2760000228881836
Vehicle_2;9020006;2548;10;e;1.2760000228881836
Vehicle_2;9020006;2549;10;e;1.2760000228881836
Vehicle_2;9020006;2550;10;e;1.2760000228881836
Vehicle_2;9020006;2551;10;ede;1.2760000228881836
Vehicle_2;9020006;2552;10;e;1.2760000228881836
Vehicle_2;9020006;2553;10;ede;1.2890000343322754
Vehicle_2;9020006;2554;10;ede;1.2890000343322754
Vehicle_2;9020006;2555;10;ede;1.2890000343322754
Vehicle_2;9020006;2556;10;edede;1.2890000343322754
Vehicle_2;9020006;2557;10;e;1.2890000343322754
Vehicle_2;9020006;2558;10;e;1.2890000343322754
Vehicle_2;9020006;2559;10;e;1.2890000343322754
Vehicle_2;9020006;2560;10;ed;1.2890000343322754
Vehicle_2;9020006;2561;10;ed;1.2890000343322754
Vehicle_2;9020006;2562;10;ed;2.3600001335144043
Vehicle_2;9020006;2563;10;ed;2.3600001335144043
Vehicle_2;9020006;2564;10;ede;6.789000034332275
Vehicle_2;9020006;2565;10;e;6.789000034332275
Vehicle_2;9020006;2566;10;e;6.789000034332275
Vehicle_2;9020006;2567;10;e;6.789000034332275
Vehicle_2;9020006;2568;10;e;6.789000034332275
Vehicle_2;9020006;2569;10;e;6.789000034332275
Vehicle_2;9020006;2570;10;ede;6.789000034332275
Vehicle_2;9020006;2571;10;ede;6.789000034332275
Vehicle_2;9020006;2572;10;eded;6.789000034332275
Vehicle_2;9020006;2573;10;ed;1.9689998626708984
Vehicle_2;9020006;2574;10;ed;1.9689998626708984
Vehicle_2;9020006;2575;10;ed;1.9689998626708984
Vehicle_2;9020006;2576;10;ed;1.5209999084472656
Vehicle_2;9020006;2577;10;e;1.5209999084472656
Vehicle_2;9020006;2578;10;e;1.5209999084472656
Vehicle_2;9020006;2579;10;e;1.5209999084472656
Vehicle_2;9020006;2580;10;ede;1.5209999084472656
Vehicle_2;9020006;2581;10;e;1.2059998512268066
Vehicle_2;9020006;2582;10;e;1.2059998512268066
Vehicle_2;9020006;2583;10;e;5.068000078201294
Vehicle_2;9020006;2584;10;ede;5.068000078201294
Vehicle_2;9020006;2585;10;ede;5.068000078201294
Vehicle_2;9020006;2586;10;e;5.068000078201294
Vehicle_2;9020006;2587;10;e;5.068000078201294
Vehicle_2;9020006;2588;10;e;5.068000078201294
Vehicle_2;9020006;2589;10;e;5.068000078201294
Vehicle_2;9020006;2590;10;e;5.068000078201294
Vehicle_2;9020006;2591;10;e;5.068000078201294
Vehicle_2;9020006;2592;10;ede;2.6630001068115234
Vehicle_2;9020006;2593;10;eded;2.6630001068115234
Vehicle_2;9020006;2594;10;e;2.6630001068115234
Vehicle_2;9020006;2595;10;e;2.6630001068115234
Vehicle_2;9020006;2596;10;e;2.6630001068115234
Vehicle_2;9020006;2597;10;e;2.6630001068115234
Vehicle_2;9020006;2598;10;e;2.6630001068115234
Vehicle_2;9020006;2599;10;ed;3.2759997844696045
Vehicle_2;9020006;2600;10;ed;3.2759997844696045
Vehicle_2;9020006;2601;10;ed;3.2759997844696045
Vehicle_2;9020006;2602;10;ed;3.2759997844696045
Vehicle_2;9020006;2603;10;ed;3.6640000343322754
Vehicle_2;9020006;2604;10;ed;3.6640000343322754
Vehicle_2;9020006;2605;10;ed;6.684000015258789
Vehicle_2;9020006;2606;10;ede;6.684000015258789
Vehicle_2;9020006;2607;10;e;6.684000015258789
Vehicle_2;9020006;2608;10;e;6.684000015258789
Vehicle_2;9020006;2609;10;e;6.684000015258789
Vehicle_2;9020006;2610;10;e;9.621000051498413
Vehicle_2;9020006;2611;10;ed;9.621000051498413
Vehicle_2;9020006;2612;10;ed;9.621000051498413
Vehicle_2;9020006;2613;10;ed;9.621000051498413
Vehicle_2;9020006;2614;10;ed;9.621000051498413
Vehicle_2;9020006;2615;10;e;9.621000051498413
Vehicle_2;9020006;2616;10;e;9.621000051498413
Vehicle_2;9020006;2617;10;e;9.621000051498413
Vehicle_2;9020006;2618;10;e;9.621000051498413
Vehicle_2;9020006;2619;10;e;1.317000150680542
Vehicle_2;9020006;2620;10;e;1.317000150680542
Vehicle_2;9020006;2621;10;e;1.317000150680542
Vehicle_2;9020006;2622;10;e;1.055999994277954
Vehicle_2;9020006;2623;10;e;1.055999994277954
Vehicle_2;9020006;2624;10;ed;1.055999994277954
Vehicle_2;9020006;2625;10;ed;3.50600004196167
Vehicle_2;9020006;2626;10;ed;3.50600004196167
Vehicle_2;9020006;2627;10;e;3.50600004196167
Vehicle_2;9020006;2628;10;e;3.50600004196167
Vehicle_2;9020006;2629;10;e;3.50600004196167
Vehicle_2;9020006;2630;10;e;3.50600004196167
Vehicle_2;9020006;2631;10;e;3.50600004196167
Vehicle_2;9020006;2632;10;edede;3.50600004196167
Vehicle_2;9020006;2633;10;ededed;3.50600004196167
Vehicle_2;9020006;2634;10;edede;3.388000011444092
Vehicle_2;9020006;2635;10;edede;3.388000011444092
Vehicle_2;9020006;2636;10;ed;5.22599983215332
Vehicle_2;9020006;2637;10;e;5.22599983215332
Vehicle_2;9020006;2638;10;ede;5.22599983215332
Vehicle_2;9020006;2639;10;eded;5.22599983215332
Vehicle_2;9020006;2640;10;eded;5.22599983215332
Vehicle_2;9020006;2641;10;ede;5.22599983215332
Vehicle_2;9020006;2642;10;ed;5.22599983215332
Vehicle_2;9020006;2643;10;ed;5.22599983215332
Vehicle_2;9020006;2644;10;e;5.22599983215332
Vehicle_2;9020006;2645;10;ede;4.199999809265137
Vehicle_2;9020006;2646;10;e;4.199999809265137
Vehicle_2;9020006;2647;10;e;2.6600000858306885
Vehicle_2;9020006;2648;10;e;1.2159998416900635
Vehicle_2;9020006;2649;10;ede;10.213000059127808
Vehicle_2;9020006;2650;10;eded;10.213000059127808
Vehicle_2;9020006;2651;10;edede;10.213000059127808
Vehicle_2;9020006;2652;10;edede;10.213000059127808
Vehicle_2;9020006;2653;10;edede;10.213000059127808
Vehicle_2;9020006;2654;10;ede;10.213000059127808
Vehicle_2;9020006;2655;10;ede;10.213000059127808
Vehicle_2;9020006;2656;10;ed;10.213000059127808
Vehicle_2;9020006;2657;10;e;10.213000059127808
Vehicle_2;9020006;2658;10;e;1.4739999771118164
Vehicle_2;9020006;2659;10;ede;1.4739999771118164
Vehicle_2;9020006;2660;10;ede;1.4739999771118164
Vehicle_2;9020006;2661;10;eded;1.4739999771118164
Vehicle_2;9020006;2662;10;eded;1.4739999771118164
Vehicle_2;9020006;2663;10;eded;1.5320000648498535
Vehicle_2;9020006;2664;10;e;12.221999883651733
Vehicle_2;9020006;2665;10;e;12.221999883651733
Vehicle_2;9020006;2666;10;e;12.221999883651733
Vehicle_2;9020006;2667;10;e;12.221999883651733
Vehicle_2;9020006;2668;10;e;12.221999883651733
Vehicle_2;9020006;2669;10;e;12.221999883651733
Vehicle_2;9020006;2670;10;e;12.221999883651733
Vehicle_2;9020006;2671;10;e;12.221999883651733
Vehicle_2;9020006;2672;10;ed;12.221999883651733
Vehicle_2;9020006;2673;10;ed;7.019000053405762
Vehicle_2;9020006;2674;10;e;7.019000053405762
Vehicle_2;9020006;2675;10;e;7.019000053405762
Vehicle_2;9020006;2676;10;e;7.019000053405762
Vehicle_2;9020006;2677;10;e;7.019000053405762
Vehicle_2;9020006;2678;10;e;7.019000053405762
Vehicle_2;9020006;2679;10;e;7.019000053405762
Vehicle_2;9020006;2680;10;ede;7.019000053405762
Vehicle_2;9020006;2681;10;ede;7.019000053405762
Vehicle_2;9020006;2682;10;ede;3.0169999599456787
Vehicle_2;9020006;2683;10;ede;3.0169999599456787
Vehicle_2;9020006;2684;10;e;1.628000020980835
Vehicle_2;9020006;2685;10;ed;3.7239999771118164
Vehicle_2;9020006;2686;10;e;3.7239999771118164
Vehicle_2;9020006;2687;10;e;3.7239999771118164
Vehicle_2;9020006;2688;10;e;3.7239999771118164
Vehicle_2;9020006;2689;10;e;3.7239999771118164
Vehicle_2;9020006;2690;10;ed;3.7239999771118164
Vehicle_2;9020006;2691;10;ede;3.7239999771118164
Vehicle_2;9020006;2692;10;ede;3.7239999771118164
Vehicle_2;9020006;2693;10;ede;3.7239999771118164
Vehicle_2;9020006;2694;10;ede;1.4110000133514404
Vehicle_2;9020006;2695;10;e;70.77699995040894
Vehicle_2;9020006;2696;10;ede;70.77699995040894
Vehicle_2;9020006;2697;10;eded;70.77699995040894
Vehicle_2;9020006;2698;10;eded;70.77699995040894
Vehicle_2;9020006;2699;10;eded;70.77699995040894
Vehicle_2;9020006;2700;10;eded;70.77699995040894
Vehicle_2;9020006;2701;10;ede;70.77699995040894
Vehicle_2;9020006;2702;10;ede;70.77699995040894
Vehicle_2;9020006;2703;10;ede;70.77699995040894
Vehicle_2;9020006;2704;10;ed;2.5969998836517334
Vehicle_2;9020006;2705;10;ede;2.5969998836517334
Vehicle_2;9020006;2706;10;e;2.5969998836517334
Vehicle_2;9020006;2707;10;e;1.7179999351501465
Vehicle_2;9020006;2708;10;e;1.7179999351501465
Vehicle_2;9020006;2709;10;e;1.7179999351501465
Vehicle_2;9020006;2710;10;ed;1.7179999351501465
Vehicle_2;9020006;2711;10;ed;1.7179999351501465
Vehicle_2;9020006;2712;10;ed;1.7179999351501465
Vehicle_2;9020006;2713;10;e;1.181999921798706
Vehicle_2;9020006;2714;10;e;1.683000087738037
Vehicle_2;9020006;2715;10;e;1.7739999294281006
Vehicle_2;9020006;2716;10;e;1.7739999294281006
Vehicle_2;9020006;2717;10;e;1.7739999294281006
Vehicle_2;9020006;2718;10;e;1.7739999294281006
Vehicle_2;9020006;2719;10;ede;1.7739999294281006
Vehicle_2;9020006;2720;10;eded;1.7739999294281006
Vehicle_2;9020006;2721;10;ede;1.7739999294281006
Vehicle_2;9020006;2722;10;ede;1.7739999294281006
Vehicle_2;9020006;2723;10;e;1.7739999294281006
Vehicle_2;9020006;2724;10;e;1.5850000381469727
Vehicle_2;9020006;2725;10;e;1.5850000381469727
Vehicle_2;9020006;2726;10;e;1.5850000381469727
Vehicle_2;9020006;2727;10;e;1.5850000381469727
Vehicle_2;9020006;2728;10;e;2.9069998264312744
Vehicle_2;9020006;2729;10;ed;2.9069998264312744
Vehicle_2;9020006;2730;10;e;2.9069998264312744
Vehicle_2;9020006;2731;10;e;2.9069998264312744
Vehicle_2;9020006;2732;10;e;2.9069998264312744
Vehicle_2;9020006;2733;10;e;2.9069998264312744
Vehicle_2;9020006;2734;10;e;2.9069998264312744
Vehicle_2;9020006;2735;10;e;2.9069998264312744
Vehicle_2;9020006;2736;10;ed;62.894999980926514
Vehicle_2;9020006;2737;10;ed;62.894999980926514
Vehicle_2;9020006;2738;10;ed;62.894999980926514
Vehicle_2;9020006;2739;10;e;62.894999980926514
Vehicle_2;9020006;2740;10;e;62.894999980926514
Vehicle_2;9020006;2741;10;e;62.894999980926514
Vehicle_2;9020006;2742;10;ed;62.894999980926514
Vehicle_2;9020006;2743;10;ed;62.894999980926514
Vehicle_2;9020006;2744;10;e;62.894999980926514
Vehicle_2;9020006;2745;10;e;1.9070000648498535
Vehicle_2;9020006;2746;10;e;1.9070000648498535
Vehicle_2;9020006;2747;10;e;1.9070000648498535
Vehicle_2;9020006;2748;10;ed;1.9070000648498535
Vehicle_2;9020006;2749;10;ed;1.9070000648498535
Vehicle_2;9020006;2750;10;e;2.7850000858306885
Vehicle_2;9020006;2751;10;e;2.7850000858306885
Vehicle_2;9020006;2752;10;e;2.7850000858306885
Vehicle_2;9020006;2753;10;e;6.810999870300293
Vehicle_2;9020006;2754;10;e;6.810999870300293
Vehicle_2;9020006;2755;10;ede;14.617000102996826
Vehicle_2;9020006;2756;10;ed;14.617000102996826
Vehicle_2;9020006;2757;10;ed;14.617000102996826
Vehicle_2;9020006;2758;10;e;14.617000102996826
Vehicle_2;9020006;2759;10;e;14.617000102996826
Vehicle_2;9020006;2760;10;e;14.617000102996826
Vehicle_2;9020006;2761;10;e;14.617000102996826
Vehicle_2;9020006;2762;10;e;14.617000102996826
Vehicle_2;9020006;2763;10;e;14.617000102996826
Vehicle_2;9020006;2764;10;e;1.625
Vehicle_2;9020006;2765;10;e;1.625
Vehicle_2;9020006;2766;10;e;1.625
Vehicle_2;9020006;2767;10;e;1.314000129699707
Vehicle_2;9020006;2768;10;e;1.314000129699707
Vehicle_2;9020006;2769;10;e;1.314000129699707
Vehicle_2;9020006;2770;10;ed;1.3640000820159912
Vehicle_2;9020006;2771;10;ed;1.3640000820159912
Vehicle_2;9020006;2772;10;ed;1.3640000820159912
Vehicle_2;9020006;2773;10;ed;1.3640000820159912
Vehicle_2;9020006;2774;10;e;1.3640000820159912
Vehicle_2;9020006;2775;10;e;1.3640000820159912
Vehicle_2;9020006;2776;10;e;1.3640000820159912
Vehicle_2;9020006;2777;10;e;1.3640000820159912
Vehicle_2;9020006;2778;10;e;1.3640000820159912
Vehicle_2;9020006;2779;10;e;1.2090001106262207
Vehicle_2;9020006;2780;10;e;2.694999933242798
Vehicle_2;9020006;2781;10;e;2.694999933242798
Vehicle_2;9020006;2782;10;e;2.694999933242798
Vehicle_2;9020006;2783;10;e;2.694999933242798
Vehicle_2;9020006;2784;10;e;2.694999933242798
Vehicle_2;9020006;2785;10;e;2.694999933242798
Vehicle_2;9020006;2786;10;e;2.694999933242798
Vehicle_2;9020006;2787;10;ed;2.694999933242798
Vehicle_2;9020006;2788;10;ed;2.694999933242798
Vehicle_2;9020006;2789;10;ed;2.0839998722076416
Vehicle_2;9020006;2790;10;e;2.0839998722076416
Vehicle_2;9020006;2791;10;e;2.0839998722076416
Vehicle_2;9020006;2792;10;e8;2.0839998722076416
Vehicle_2;9020006;2793;10;e8;2.0839998722076416
Vehicle_2;9020006;2794;10;e8;2.065999984741211
Vehicle_2;9020006;2795;10;e8;2.065999984741211
Vehicle_2;9020006;2796;10;e8;2.065999984741211
Vehicle_2;9020006;2797;10;ede;1.2170000076293945
Vehicle_2;9020006;2798;10;b2;1.2170000076293945
Vehicle_2;9020006;2799;10;b2;1.3229999542236328
Vehicle_2;9020006;2800;10;e;1.3229999542236328
Vehicle_2;9020006;2801;10;b2;1.3229999542236328
Vehicle_2;9020006;2802;10;e;2.743000030517578
Vehicle_2;9020006;2803;10;e;2.743000030517578
Vehicle_2;9020006;2804;10;e;2.743000030517578
Vehicle_2;9020006;2805;10;e;2.743000030517578
Vehicle_2;9020006;2806;10;e8;2.743000030517578
Vehicle_2;9020006;2807;10;e8;2.743000030517578
Vehicle_2;9020006;2808;10;e8;2.743000030517578
Vehicle_2;9020006;2809;10;e8;2.743000030517578
Vehicle_2;9020006;2810;10;b2;2.743000030517578
Vehicle_2;9020006;2811;10;b2;3.631999969482422
Vehicle_2;9020006;2812;10;b2;3.631999969482422
Vehicle_2;9020006;2813;10;b2;3.631999969482422
Vehicle_2;9020006;2814;10;b21;3.631999969482422
Vehicle_2;9020006;2815;10;ed;3.631999969482422
Vehicle_2;9020006;2816;10;ed;3.631999969482422
Vehicle_2;9020006;2817;10;ed;3.631999969482422
Vehicle_2;9020006;2818;10;e;3.631999969482422
Vehicle_2;9020006;2819;10;e;3.631999969482422
Vehicle_2;9020006;2820;10;b2;3.1679999828338623
Vehicle_2;9020006;2821;10;ed;3.1679999828338623
Vehicle_2;9020006;2822;10;ed;3.1679999828338623
Vehicle_2;9020006;2823;10;ed;3.1679999828338623
Vehicle_2;9020006;2824;10;e;3.1679999828338623
Vehicle_2;9020006;2825;10;e;3.1679999828338623
Vehicle_2;9020006;2826;10;e;3.1679999828338623
Vehicle_2;9020006;2827;10;e;1.2659997940063477
Vehicle_2;9020006;2828;10;ede;2.324000120162964
Vehicle_2;9020006;2829;10;ede;2.324000120162964
Vehicle_2;9020006;2830;10;ede;2.324000120162964
Vehicle_2;9020006;2831;10;ede;2.324000120162964
Vehicle_2;9020006;2832;10;ed;2.324000120162964
Vehicle_2;9020006;2833;10;ed;2.324000120162964
Vehicle_2;9020006;2834;10;ede;2.324000120162964
Vehicle_2;9020006;2835;10;ed;2.324000120162964
Vehicle_2;9020006;2836;10;e;2.324000120162964
Vehicle_2;9020006;2837;10;e;1.9089999198913574
Vehicle_2;9020006;2838;10;e;7.494000196456909
Vehicle_2;9020006;2839;10;e;7.494000196456909
Vehicle_2;9020006;2840;10;e;7.494000196456909
Vehicle_2;9020006;2841;10;ed;7.494000196456909
Vehicle_2;9020006;2842;10;ed;7.494000196456909
Vehicle_2;9020006;2843;10;ed;7.494000196456909
Vehicle_2;9020006;2844;10;ed;7.494000196456909
Vehicle_2;9020006;2845;10;ed;7.494000196456909
Vehicle_2;9020006;2846;10;e;7.494000196456909
Vehicle_2;9020006;2847;10;e;1.2200000286102295
Vehicle_2;9020006;2848;10;e;1.2200000286102295
Vehicle_2;9020006;2849;10;e;1.2200000286102295
Vehicle_2;9020006;2850;10;e;2.828000068664551
Vehicle_2;9020006;2851;10;e;2.828000068664551
Vehicle_2;9020006;2852;10;e;2.828000068664551
Vehicle_2;9020006;2853;10;e;2.828000068664551
Vehicle_2;9020006;2854;10;e;2.828000068664551
Vehicle_2;9020006;2855;10;e;2.828000068664551
Vehicle_2;9020006;2856;10;e;2.828000068664551
Vehicle_2;9020006;2857;10;e;2.828000068664551
Vehicle_2;9020006;2858;10;e;2.828000068664551
Vehicle_2;9020006;2859;10;ed;1.8480000495910645
Vehicle_2;9020006;2860;10;ed;1.8480000495910645
Vehicle_2;9020006;2861;10;ed;1.8480000495910645
Vehicle_2;9020006;2862;10;ed;1.8480000495910645
Vehicle_2;9020006;2863;10;ede;1.8480000495910645
Vehicle_2;9020006;2864;10;ede;1.8480000495910645
Vehicle_2;9020006;2865;10;ede8;1.8480000495910645
Vehicle_2;9020006;2866;10;ede84;1.4050002098083496
Vehicle_2;9020006;2867;10;eda5e;2.0210001468658447
Vehicle_2;9020006;2868;10;eda5e;2.0210001468658447
Vehicle_2;9020006;2869;10;e84d;2.0210001468658447
Vehicle_2;9020006;2870;10;e84de;2.0210001468658447
Vehicle_2;9020006;2871;10;e84de;2.0210001468658447
Vehicle_2;9020006;2872;10;a4de;2.0210001468658447
Vehicle_2;9020006;2873;10;121;2.0870001316070557
Vehicle_2;9020006;2874;10;e;2.0870001316070557
Vehicle_2;9020006;2875;10;e;2.0870001316070557
Vehicle_2;9020006;2876;10;e;2.0870001316070557
Vehicle_2;9020006;2877;10;e;7.428999900817871
Vehicle_2;9020006;2878;10;e;7.428999900817871
Vehicle_2;9020006;2879;10;e;7.428999900817871
Vehicle_2;9020006;2880;10;ed;7.428999900817871
Vehicle_2;9020006;2881;10;ed;7.428999900817871
Vehicle_2;9020006;2882;10;ed;7.428999900817871
Vehicle_2;9020006;2883;10;ed;8.814000129699707
Vehicle_2;9020006;2884;10;e;8.814000129699707
Vehicle_2;9020006;2885;10;e;166.1910002231598
Vehicle_2;9020006;2886;10;e;166.1910002231598
Vehicle_2;9020006;2887;10;ed;166.1910002231598
Vehicle_2;9020006;2888;10;ed;166.1910002231598
Vehicle_2;9020006;2889;10;ed;166.1910002231598
Vehicle_2;9020006;2890;10;ed;166.1910002231598
Vehicle_2;9020006;2891;10;ed;166.1910002231598
Vehicle_2;9020006;2892;10;ed;166.1910002231598
Vehicle_2;9020006;2893;10;e;166.1910002231598
Vehicle_2;9020006;2894;10;e;1.198000192642212
Vehicle_2;9020006;2895;10;e;1.2970001697540283
Vehicle_2;9020006;2896;10;e;1.2970001697540283
Vehicle_2;9020006;2897;10;e;1.2970001697540283
Vehicle_2;9020006;2898;10;e;1.2970001697540283
Vehicle_2;9020006;2899;10;e;1.2970001697540283
Vehicle_2;9020006;2900;10;e;1.2970001697540283
Vehicle_2;9020006;2901;10;e;1.2970001697540283
Vehicle_2;9020006;2902;10;e;1.2970001697540283
Vehicle_2;9020006;2903;10;e;1.6999998092651367
Vehicle_2;9020006;2904;10;e;1.6999998092651367
Vehicle_2;9020006;2905;10;e;1.6999998092651367
Vehicle_2;9020006;2906;10;e;1.6999998092651367
Vehicle_2;9020006;2907;10;e;2.009999990463257
Vehicle_2;9020006;2908;10;ede;2.009999990463257
Vehicle_2;9020006;2909;10;e;2.009999990463257
Vehicle_2;9020006;2910;10;e;2.009999990463257
Vehicle_2;9020006;2911;10;ede;2.009999990463257
Vehicle_2;9020006;2912;10;ede;2.009999990463257
Vehicle_2;9020006;2913;10;e;2.009999990463257
Vehicle_2;9020006;2914;10;e;2.009999990463257
Vehicle_2;9020006;2915;10;e;2.009999990463257
Vehicle_2;9020006;2916;10;ed;1.2030000686645508
Vehicle_2;9020006;2917;10;ed;1.2030000686645508
Vehicle_2;9020006;2918;10;ed;1.321000099182129
Vehicle_2;9020006;2919;10;ede;1.321000099182129
Vehicle_2;9020006;2920;10;ed;1.321000099182129
Vehicle_2;9020006;2921;10;ed;1.321000099182129
Vehicle_2;9020006;2922;10;de;1.321000099182129
Vehicle_2;9020006;2923;10;e;1.321000099182129
Vehicle_2;9020006;2924;10;e;1.321000099182129
Vehicle_2;9020006;2925;10;ede;1.321000099182129
Vehicle_2;9020006;2926;10;e;1.321000099182129
Vehicle_2;9020006;2927;10;ede;1.2910001277923584
Vehicle_2;9020006;2928;10;ede;1.2910001277923584
Vehicle_2;9020006;2929;10;e;1.2910001277923584
Vehicle_2;9020006;2930;10;e;1.2910001277923584
Vehicle_2;9020006;2931;10;ede;1.2910001277923584
Vehicle_2;9020006;2932;10;e;1.2910001277923584
Vehicle_2;9020006;2933;10;e;1.9769999980926514
Vehicle_2;9020006;2934;10;e;1.9769999980926514
Vehicle_2;9020006;2935;10;ed;1.9769999980926514
Vehicle_2;9020006;2936;10;ed;1.9769999980926514
Vehicle_2;9020006;2937;10;ed;1.9769999980926514
Vehicle_2;9020006;2938;10;e;1.9769999980926514
Vehicle_2;9020006;2939;10;e;1.9769999980926514
Vehicle_2;9020006;2940;10;ed;2.361999988555908
Vehicle_2;9020006;2941;10;ed;2.361999988555908
Vehicle_2;9020006;2942;10;ed;2.361999988555908
Vehicle_2;9020006;2943;10;e;2.361999988555908
Vehicle_2;9020006;2944;10;e;2.361999988555908
Vehicle_2;9020006;2945;10;e;2.361999988555908
Vehicle_2;9020006;2946;10;ed;2.361999988555908
Vehicle_2;9020006;2947;10;ed;2.361999988555908
Vehicle_2;9020006;2948;10;ed;2.361999988555908
Vehicle_2;9020006;2949;10;ed;1.8940000534057617
Vehicle_2;9020006;2950;10;e;1.8940000534057617
Vehicle_2;9020006;2951;10;e;1.8940000534057617
Vehicle_2;9020006;2952;10;ede;1.3429999351501465
Vehicle_2;9020006;2953;10;ede;1.3429999351501465
Vehicle_2;9020006;2954;10;e;1.3429999351501465
Vehicle_2;9020006;2955;10;e;1.3429999351501465
Vehicle_2;9020006;2956;10;e;1.3429999351501465
Vehicle_2;9020006;2957;10;e;1.2739999294281006
Vehicle_2;9020006;2958;10;e;1.190000057220459
Vehicle_2;9020006;2959;10;e;1.190000057220459
Vehicle_2;9020006;2960;10;e;1.190000057220459
Vehicle_2;9020006;2961;10;ede;1.190000057220459
Vehicle_2;9020006;2962;10;eded;1.190000057220459
Vehicle_2;9020006;2963;10;eded;1.190000057220459
Vehicle_2;9020006;2964;10;e;1.189000129699707
Vehicle_2;9020006;2965;10;e;1.189000129699707
Vehicle_2;9020006;2966;10;e;1.189000129699707
Vehicle_2;9020006;2967;10;ed;1.189000129699707
Vehicle_2;9020006;2968;10;ed;1.189000129699707
Vehicle_2;9020006;2969;10;ed;1.189000129699707
Vehicle_2;9020006;2970;10;ed;1.189000129699707
Vehicle_2;9020006;2971;10;ed;1.431999921798706
Vehicle_2;9020006;2972;10;ed;1.431999921798706
Vehicle_2;9020006;2973;10;ed;1.431999921798706
Vehicle_2;9020006;2974;10;e;1.431999921798706
Vehicle_2;9020006;2975;10;ed;3.0410001277923584
Vehicle_2;9020006;2976;10;ed;3.0410001277923584
Vehicle_2;9020006;2977;10;ed;3.0410001277923584
Vehicle_2;9020006;2978;10;ed;3.0410001277923584
Vehicle_2;9020006;2979;10;e;3.0410001277923584
Vehicle_2;9020006;2980;10;e;3.0410001277923584
Vehicle_2;9020006;2981;10;e;3.0410001277923584
Vehicle_2;9020006;2982;10;e;3.0410001277923584
Vehicle_2;9020006;2983;10;ed;3.0410001277923584
Vehicle_2;9020006;2984;10;ed;1.1110000610351562
Vehicle_2;9020006;2985;10;e;1.2149999141693115
Vehicle_2;9020006;2986;10;e;1.2149999141693115
Vehicle_2;9020006;2987;10;e;1.2149999141693115
Vehicle_2;9020006;2988;10;e;1.2149999141693115
Vehicle_2;9020006;2989;10;e;1.2149999141693115
Vehicle_2;9020006;2990;10;e;1.5309998989105225
Vehicle_2;9020006;2991;10;e;1.5309998989105225
Vehicle_2;9020006;2992;10;e;1.5309998989105225
Vehicle_2;9020006;2993;10;e;1.5309998989105225
Vehicle_2;9020006;2994;10;e;1.5309998989105225
Vehicle_2;9020006;2995;10;e;1.5309998989105225
Vehicle_2;9020006;2996;10;e;1.5309998989105225
Vehicle_2;9020006;2997;10;e;1.5309998989105225
Vehicle_2;9020006;2998;10;e;1.5309998989105225
Vehicle_2;9020006;2999;10;e;1.2049999237060547
Vehicle_2;9020006;3000;10;e;1.2049999237060547
Vehicle_2;9020006;3001;10;e;1.2049999237060547
Vehicle_2;9020006;3002;10;e;1.0520000457763672
Vehicle_2;9020006;3003;10;e;1.0520000457763672
Vehicle_2;9020006;3004;10;e;1.0520000457763672
Vehicle_2;9020006;3005;10;e;1.0520000457763672
Vehicle_2;9020006;3006;10;e;1.0520000457763672
Vehicle_2;9020006;3007;10;ede;1.2019999027252197
Vehicle_2;9020006;3008;10;ede;1.2019999027252197
Vehicle_2;9020006;3009;10;ede;1.2019999027252197
Vehicle_2;9020006;3010;10;edede;1.2019999027252197
Vehicle_2;9020006;3011;10;edede;1.2019999027252197
Vehicle_2;9020006;3012;10;e;1.2019999027252197
Vehicle_2;9020006;3013;10;e;1.2019999027252197
Vehicle_2;9020006;3014;10;e;1.2019999027252197
Vehicle_2;9020006;3015;10;e;1.2019999027252197
Vehicle_2;9020006;3016;10;e;1.061000108718872
Vehicle_2;9020006;3017;10;e;1.061000108718872
Vehicle_2;9020006;3018;10;e;1.061000108718872
Vehicle_2;9020006;3019;10;e;1.061000108718872
Vehicle_2;9020006;3020;10;edede;1.061000108718872
Vehicle_2;9020006;3021;10;ededed;1.061000108718872
Vehicle_2;9020006;3022;10;ededed;1.0439999103546143
Vehicle_2;9020006;3023;10;ededed;1.0439999103546143
Vehicle_2;9020006;3024;10;ededed;1.0439999103546143
Vehicle_2;9020006;3025;10;e;1.0490000247955322
Vehicle_2;9020006;3026;10;e;1.0490000247955322
Vehicle_2;9020006;3027;10;e;1.0490000247955322
Vehicle_2;9020006;3028;10;e;1.0490000247955322
Vehicle_2;9020006;3029;10;ed;1.0490000247955322
Vehicle_2;9020006;3030;10;ed;1.0490000247955322
Vehicle_2;9020006;3031;10;ed;1.1480000019073486
Vehicle_2;9020006;3032;10;e;1.1480000019073486
Vehicle_2;9020006;3033;10;e;1.1480000019073486
Vehicle_2;9020006;3034;10;e;1.1480000019073486
Vehicle_2;9020006;3035;10;ed;1.180999994277954
Vehicle_2;9020006;3036;10;ed;1.180999994277954
Vehicle_2;9020006;3037;10;ed;1.180999994277954
Vehicle_2;9020006;3038;10;e;1.180999994277954
Vehicle_2;9020006;3039;10;e;1.2100000381469727
Vehicle_2;9020006;3040;10;e;1.2100000381469727
Vehicle_2;9020006;3041;10;ede;1.2100000381469727
Vehicle_2;9020006;3042;10;ede;1.2100000381469727
Vehicle_2;9020006;3043;10;ede;1.2100000381469727
Vehicle_2;9020006;3044;10;ede;1.2100000381469727
Vehicle_2;9020006;3045;10;eded;1.2100000381469727
Vehicle_2;9020006;3046;10;ede;1.2100000381469727
Vehicle_2;9020006;3047;10;ede;1.2100000381469727
Vehicle_2;9020006;3048;10;e;1.2030000686645508
Vehicle_2;9020006;3049;10;e;1.2119998931884766
Vehicle_2;9020006;3050;10;e;1.2119998931884766
Vehicle_2;9020006;3051;10;e;1.2119998931884766
Vehicle_2;9020006;3052;10;e;1.2119998931884766
Vehicle_2;9020006;3053;10;e;1.2119998931884766
Vehicle_2;9020006;3054;10;e;1.2119998931884766
Vehicle_2;9020006;3055;10;ede;1.2119998931884766
Vehicle_2;9020006;3056;10;ede;1.2119998931884766
Vehicle_2;9020006;3057;10;ede;1.2119998931884766
Vehicle_2;9020006;3058;10;ed;1.0799999237060547
Vehicle_2;9020006;3059;10;e;1.2039999961853027
Vehicle_2;9020006;3060;10;e;1.2039999961853027
Vehicle_2;9020006;3061;10;ede;1.2039999961853027
Vehicle_2;9020006;3062;10;ede;1.2039999961853027
Vehicle_2;9020006;3063;10;ede;1.2039999961853027
Vehicle_2;9020006;3064;10;ed;1.2039999961853027
Vehicle_2;9020006;3065;10;e;1.3829998970031738
Vehicle_2;9020006;3066;10;e;1.3829998970031738
Vehicle_2;9020006;3067;10;e;1.3829998970031738
Vehicle_2;9020006;3068;10;e;1.3829998970031738
Vehicle_2;9020006;3069;10;e;1.3829998970031738
Vehicle_2;9020006;3070;10;e;1.3829998970031738
Vehicle_2;9020006;3071;10;eded;1.3829998970031738
Vehicle_2;9020006;3072;10;ed;1.3829998970031738
Vehicle_2;9020006;3073;10;e;2.375
Vehicle_2;9020006;3074;10;e;2.375
Vehicle_2;9020006;3075;10;e;4.273000001907349
Vehicle_2;9020006;3076;10;e;4.273000001907349
Vehicle_2;9020006;3077;10;ed;4.273000001907349
Vehicle_2;9020006;3078;10;ed;4.273000001907349
Vehicle_2;9020006;3079;10;ed;4.273000001907349
Vehicle_2;9020006;3080;10;e;4.273000001907349
Vehicle_2;9020006;3081;10;e;4.273000001907349
Vehicle_2;9020006;3082;10;e;4.273000001907349
Vehicle_2;9020006;3083;10;e;4.273000001907349
Vehicle_2;9020006;3084;10;e;1.2850000858306885
Vehicle_2;9020006;3085;10;e;1.2850000858306885
Vehicle_2;9020006;3086;10;ed;1.2850000858306885
Vehicle_2;9020006;3087;10;ed;1.2850000858306885
Vehicle_2;9020006;3088;10;ed;1.3070001602172852
Vehicle_2;9020006;3089;10;e;1.7259998321533203
Vehicle_2;9020006;3090;10;e;1.7259998321533203
Vehicle_2;9020006;3091;10;e;2.633000135421753
Vehicle_2;9020006;3092;10;e8;2.633000135421753
Vehicle_2;9020006;3093;10;e;2.633000135421753
Vehicle_2;9020006;3094;10;e;2.633000135421753
Vehicle_2;9020006;3095;10;e;2.633000135421753
Vehicle_2;9020006;3096;10;e;2.633000135421753
Vehicle_2;9020006;3097;10;e;2.633000135421753
Vehicle_2;9020006;3098;10;e;3.0439999103546143
Vehicle_2;9020006;3099;10;e;3.0439999103546143
Vehicle_2;9020006;3100;10;e;3.0439999103546143
Vehicle_2;9020006;3101;10;e;3.184999942779541
Vehicle_2;9020006;3102;10;e;3.184999942779541
Vehicle_2;9020006;3103;10;e;3.184999942779541
Vehicle_2;9020006;3104;10;eded;3.184999942779541
Vehicle_2;9020006;3105;10;ed;3.184999942779541
Vehicle_2;9020006;3106;10;e;3.184999942779541
Vehicle_2;9020006;3107;10;e;3.184999942779541
Vehicle_2;9020006;3108;10;e;3.184999942779541
Vehicle_2;9020006;3109;10;e;3.184999942779541
Vehicle_2;9020006;3110;10;ede;1.9909999370574951
Vehicle_2;9020006;3111;10;e;1.9909999370574951
Vehicle_2;9020006;3112;10;e;1.9909999370574951
Vehicle_2;9020006;3113;10;e;1.9909999370574951
Vehicle_2;9020006;3114;10;eded;1.9909999370574951
Vehicle_2;9020006;3115;10;eded;1.4010000228881836
Vehicle_2;9020006;3116;10;ede;1.4010000228881836
Vehicle_2;9020006;3117;10;edede;1.4010000228881836
Vehicle_2;9020006;3118;10;e;1.9140000343322754
Vehicle_2;9020006;3119;10;e;1.9140000343322754
Vehicle_2;9020006;3120;10;e;1.9140000343322754
Vehicle_2;9020006;3121;10;ed;1.9140000343322754
Vehicle_2;9020006;3122;10;ede;1.9140000343322754
Vehicle_2;9020006;3123;10;ede;1.9140000343322754
Vehicle_2;9020006;3124;10;eded;1.9140000343322754
Vehicle_2;9020006;3125;10;ede;1.9140000343322754
Vehicle_2;9020006;3126;10;eded;1.9140000343322754
Vehicle_2;9020006;3127;10;edede;1.2160000801086426
Vehicle_2;9020006;3128;10;edede;1.2220001220703125
Vehicle_2;9020006;3129;10;ededed;1.2220001220703125
Vehicle_2;9020006;3130;10;edede;2.3400001525878906
Vehicle_2;9020006;3131;10;ededed;2.3400001525878906
Vehicle_2;9020006;3132;10;ededed;2.3400001525878906
Vehicle_2;9020006;3133;10;ededed;2.3400001525878906
Vehicle_2;9020006;3134;10;edede;2.3400001525878906
Vehicle_2;9020006;3135;10;e;11.051000118255615
Vehicle_2;9020006;3136;10;e;11.051000118255615
Vehicle_2;9020006;3137;10;e;11.051000118255615
Vehicle_2;9020006;3138;10;e;11.051000118255615
Vehicle_2;9020006;3139;10;e;11.051000118255615
Vehicle_2;9020006;3140;10;e;11.051000118255615
Vehicle_2;9020006;3141;10;e;11.051000118255615
Vehicle_2;9020006;3142;10;e;11.051000118255615
Vehicle_2;9020006;3143;10;e;11.051000118255615
Vehicle_2;9020006;3144;10;e;2.619999885559082
Vehicle_2;9020006;3145;10;e;1.2009999752044678
Vehicle_2;9020006;3146;10;e;1.2009999752044678
Vehicle_2;9020006;3147;10;ed;1.2009999752044678
Vehicle_2;9020006;3148;10;ed;1.2009999752044678
Vehicle_2;9020006;3149;10;ede;1.244999885559082
Vehicle_2;9020006;3150;10;ede;1.244999885559082
Vehicle_2;9020006;3151;10;ede;1.244999885559082
Vehicle_2;9020006;3152;10;e;1.244999885559082
Vehicle_2;9020006;3153;10;e;1.244999885559082
Vehicle_2;9020006;3154;10;e;1.244999885559082
Vehicle_2;9020006;3155;10;e;1.437999963760376
Vehicle_2;9020006;3156;10;e;1.437999963760376
Vehicle_2;9020006;3157;10;ed;1.9320001602172852
Vehicle_2;9020006;3158;10;ed;1.9320001602172852
Vehicle_2;9020006;3159;10;ed;1.9320001602172852
Vehicle_2;9020006;3160;10;e;1.9320001602172852
Vehicle_2;9020006;3161;10;ede;1.9320001602172852
Vehicle_2;9020006;3162;10;ede;1.9320001602172852
Vehicle_2;9020006;3163;10;ede;1.9320001602172852
Vehicle_2;9020006;3164;10;eded;1.9320001602172852
Vehicle_2;9020006;3165;10;eded;1.9320001602172852
Vehicle_2;9020006;3166;10;ede;1.2599999904632568
Vehicle_2;9020006;3167;10;edede;1.2599999904632568
Vehicle_2;9020006;3168;10;ede;1.2120001316070557
Vehicle_2;9020006;3169;10;eded;1.2120001316070557
Vehicle_2;9020006;3170;10;eded;1.2120001316070557
Vehicle_2;9020006;3171;10;ede;1.2120001316070557
Vehicle_2;9020006;3172;10;ede;1.2120001316070557
Vehicle_2;9020006;3173;10;e;1.2120001316070557
Vehicle_2;9020006;3174;10;e;1.2000000476837158
Vehicle_2;9020006;3175;10;e;1.2149999141693115
Vehicle_2;9020006;3176;10;e;1.2149999141693115
Vehicle_2;9020006;3177;10;ed;1.2149999141693115
Vehicle_2;9020006;3178;10;ed;1.2149999141693115
Vehicle_2;9020006;3179;10;ed;1.2149999141693115
Vehicle_2;9020006;3180;10;e;1.2149999141693115
Vehicle_2;9020006;3181;10;e;1.2149999141693115
Vehicle_2;9020006;3182;10;e;1.2149999141693115
Vehicle_2;9020006;3183;10;e;1.2149999141693115
Vehicle_2;9020006;3184;10;e;1.2079999446868896
Vehicle_2;9020006;3185;10;e;1.2079999446868896
Vehicle_2;9020006;3186;10;ed;1.2079999446868896
Vehicle_2;9020006;3187;10;ed;1.2079999446868896
Vehicle_2;9020006;3188;10;ed;1.1989998817443848
Vehicle_2;9020006;3189;10;ed;1.1989998817443848
Vehicle_2;9020006;3190;10;e;1.1989998817443848
Vehicle_2;9020006;3191;10;e;1.1989998817443848
Vehicle_2;9020006;3192;10;e;1.198000192642212
Vehicle_2;9020006;3193;10;e;1.2060000896453857
Vehicle_2;9020006;3194;10;ed;1.2060000896453857
Vehicle_2;9020006;3195;10;e;1.2060000896453857
Vehicle_2;9020006;3196;10;e;1.2060000896453857
Vehicle_2;9020006;3197;10;e;1.2150001525878906
Vehicle_2;9020006;3198;10;e;1.2150001525878906
Vehicle_2;9020006;3199;10;e;1.2150001525878906
Vehicle_2;9020006;3200;10;e;1.2150001525878906
Vehicle_2;9020006;3201;10;e;1.2150001525878906
Vehicle_2;9020006;3202;10;e;1.2150001525878906
Vehicle_2;9020006;3203;10;e;1.2150001525878906
Vehicle_2;9020006;3204;10;e;1.2150001525878906
Vehicle_2;9020006;3205;10;e;1.2150001525878906
Vehicle_2;9020006;3206;10;e;1.2009999752044678
Vehicle_2;9020006;3207;10;e;1.2009999752044678
Vehicle_2;9020006;3208;10;eded;1.2009999752044678
Vehicle_2;9020006;3209;10;ede;1.2009999752044678
Vehicle_2;9020006;3210;10;e;1.2190001010894775
Vehicle_2;9020006;3211;10;e;1.2190001010894775
Vehicle_2;9020006;3212;10;e;1.2190001010894775
Vehicle_2;9020006;3213;10;e;1.2190001010894775
Vehicle_2;9020006;3214;10;e;1.2190001010894775
Vehicle_2;9020006;3215;10;eded;1.2190001010894775
Vehicle_2;9020006;3216;10;eded;1.2190001010894775
Vehicle_2;9020006;3217;10;e;1.2190001010894775
Vehicle_2;9020006;3218;10;e;1.2190001010894775
Vehicle_2;9020006;3219;10;ede;1.185999870300293
Vehicle_2;9020006;3220;10;ede;1.185999870300293
Vehicle_2;9020006;3221;10;ede;1.185999870300293
Vehicle_2;9020006;3222;10;ede;1.185999870300293
Vehicle_2;9020006;3223;10;edede;1.185999870300293
Vehicle_2;9020006;3224;10;ede;1.185999870300293
Vehicle_2;9020006;3225;10;e;1.2159998416900635
Vehicle_2;9020006;3226;10;e;1.8619999885559082
Vehicle_2;9020006;3227;10;e;1.8619999885559082
Vehicle_2;9020006;3228;10;e;1.8619999885559082
Vehicle_2;9020006;3229;10;e;1.8619999885559082
Vehicle_2;9020006;3230;10;ed;1.8619999885559082
Vehicle_2;9020006;3231;10;eded;1.8619999885559082
Vehicle_2;9020006;3232;10;ede;1.8619999885559082
Vehicle_2;9020006;3233;10;e;1.8619999885559082
Vehicle_2;9020006;3234;10;eded;1.8619999885559082
Vehicle_2;9020006;3235;10;ede;1.497999906539917
Vehicle_2;9020006;3236;10;ed;1.497999906539917
Vehicle_2;9020006;3237;10;e;1.497999906539917
Vehicle_2;9020006;3238;10;e;1.1730000972747803
Vehicle_2;9020006;3239;10;e;1.3050000667572021
Vehicle_2;9020006;3240;10;ed;1.3050000667572021
Vehicle_2;9020006;3241;10;ed;1.5160000324249268
Vehicle_2;9020006;3242;10;ed;1.5160000324249268
Vehicle_2;9020006;3243;10;e;1.5160000324249268
Vehicle_2;9020006;3244;10;e;1.5160000324249268
Vehicle_2;9020006;3245;10;ede;1.5160000324249268
Vehicle_2;9020006;3246;10;e;1.5310001373291016
Vehicle_2;9020006;3247;10;e;1.5310001373291016
Vehicle_2;9020006;3248;10;ed;1.999000072479248
Vehicle_2;9020006;3249;10;ed;1.999000072479248
Vehicle_2;9020006;3250;10;ede;1.999000072479248
Vehicle_2;9020006;3251;10;ede;1.999000072479248
Vehicle_2;9020006;3252;10;ede;1.999000072479248
Vehicle_2;9020006;3253;10;ede;1.999000072479248
Vehicle_2;9020006;3254;10;eded;1.999000072479248
Vehicle_2;9020006;3255;10;edede;1.999000072479248
Vehicle_2;9020006;3256;10;eded;1.999000072479248
Vehicle_2;9020006;3257;10;eded;1.4470000267028809
Vehicle_2;9020006;3258;10;eded;1.4470000267028809
Vehicle_2;9020006;3259;10;eded;1.4470000267028809
Vehicle_2;9020006;3260;10;eded;1.1939997673034668
Vehicle_2;9020006;3261;10;ede;1.2059998512268066
Vehicle_2;9020006;3262;10;ed;1.2059998512268066
Vehicle_2;9020006;3263;10;e;1.2059998512268066
Vehicle_2;9020006;3264;10;e;1.2059998512268066
Vehicle_2;9020006;3265;10;e;1.2059998512268066
Vehicle_2;9020006;3266;10;edede;1.2059998512268066
Vehicle_2;9020006;3267;10;edede;1.2059998512268066
Vehicle_2;9020006;3268;10;edede;1.2059998512268066
Vehicle_2;9020006;3269;10;eded;1.2669999599456787
Vehicle_2;9020006;3270;10;eded;1.2669999599456787
Vehicle_2;9020006;3271;10;edede;1.2669999599456787
Vehicle_2;9020006;3272;10;edede;1.2669999599456787
Vehicle_2;9020006;3273;10;edede;1.2669999599456787
Vehicle_2;9020006;3274;10;eded;1.2669999599456787
Vehicle_2;9020006;3275;10;ede;1.2669999599456787
Vehicle_2;9020006;3276;10;ede;1.5309998989105225
Vehicle_2;9020006;3277;10;ede;1.5309998989105225
Vehicle_2;9020006;3278;10;ede;1.5309998989105225
Vehicle_2;9020006;3279;10;e;1.5309998989105225
Vehicle_2;9020006;3280;10;e;1.5309998989105225
Vehicle_2;9020006;3281;10;e;1.5309998989105225
Vehicle_2;9020006;3282;10;e;1.5309998989105225
Vehicle_2;9020006;3283;10;e;1.5309998989105225
Vehicle_2;9020006;3284;10;eded;1.5309998989105225
Vehicle_2;9020006;3285;10;eded;1.059999942779541
Vehicle_2;9020006;3286;10;eded;1.2079999446868896
Vehicle_2;9020006;3287;10;edede;1.2079999446868896
Vehicle_2;9020006;3288;10;ededed;1.2079999446868896
Vehicle_2;9020006;3289;10;edede;1.2079999446868896
Vehicle_2;9020006;3290;10;edede;1.2079999446868896
Vehicle_2;9020006;3291;10;edede;1.2079999446868896
Vehicle_2;9020006;3292;10;edede;1.2079999446868896
Vehicle_2;9020006;3293;10;edede;1.2079999446868896
Vehicle_2;9020006;3294;10;edede;1.2079999446868896
Vehicle_2;9020006;3295;10;eded;1.0310001373291016
Vehicle_2;9020006;3296;10;ede;1.0480000972747803
Vehicle_2;9020006;3297;10;ede;1.0480000972747803
Vehicle_2;9020006;3298;10;ed;1.0480000972747803
Vehicle_2;9020006;3299;10;ed;1.0480000972747803
Vehicle_2;9020006;3300;10;ed;1.0480000972747803
Vehicle_2;9020006;3301;10;ed;1.0480000972747803
Vehicle_2;9020006;3302;10;ed;1.0480000972747803
Vehicle_2;9020006;3303;10;e;1.0480000972747803
Vehicle_2;9020006;3304;10;e;1.0480000972747803
Vehicle_2;9020006;3305;10;eded;1.2100000381469727
Vehicle_2;9020006;3306;10;eded;1.2100000381469727
Vehicle_2;9020006;3307;10;e;1.2100000381469727
Vehicle_2;9020006;3308;10;e;1.2100000381469727
Vehicle_2;9020006;3309;10;e;1.2100000381469727
Vehicle_2;9020006;3310;10;e;1.2100000381469727
Vehicle_2;9020006;3311;10;ed;1.9800000190734863
Vehicle_2;9020006;3312;10;ed;1.9800000190734863
Vehicle_2;9020006;3313;10;ede;1.9800000190734863
Vehicle_2;9020006;3314;10;ede;1.9800000190734863
Vehicle_2;9020006;3315;10;ede;1.9800000190734863
Vehicle_2;9020006;3316;10;ede;1.9800000190734863
Vehicle_2;9020006;3317;10;e;1.9800000190734863
Vehicle_2;9020006;3318;10;e;1.9800000190734863
Vehicle_2;9020006;3319;10;ed;1.9800000190734863
Vehicle_2;9020006;3320;10;ed;1.1949999332427979
Vehicle_2;9020006;3321;10;ed;1.056999921798706
Vehicle_2;9020006;3322;10;ede;1.056999921798706
Vehicle_2;9020006;3323;10;ede;1.056999921798706
Vehicle_2;9020006;3324;10;ede;1.056999921798706
Vehicle_2;9020006;3325;10;ede;1.056999921798706
Vehicle_2;9020006;3326;10;e;1.056999921798706
Vehicle_2;9020006;3327;10;e;1.056999921798706
Vehicle_2;9020006;3328;10;ed;1.056999921798706
Vehicle_2;9020006;3329;10;ed;1.0399999618530273
Vehicle_2;9020006;3330;10;ed;1.0399999618530273
Vehicle_2;9020006;3331;10;e;1.0399999618530273
Vehicle_2;9020006;3332;10;e;1.0399999618530273
Vehicle_2;9020006;3333;10;e;1.0399999618530273
Vehicle_2;9020006;3334;10;e;1.0449998378753662
Vehicle_2;9020006;3335;10;e;1.0449998378753662
Vehicle_2;9020006;3336;10;ed;1.2129998207092285
Vehicle_2;9020006;3337;10;ede;1.2129998207092285
Vehicle_2;9020006;3338;10;ede;1.2129998207092285
Vehicle_2;9020006;3339;10;ede;1.2129998207092285
Vehicle_2;9020006;3340;10;eded;1.2129998207092285
Vehicle_2;9020006;3341;10;ede;1.2129998207092285
Vehicle_2;9020006;3342;10;eded;1.2129998207092285
Vehicle_2;9020006;3343;10;eded;1.2129998207092285
Vehicle_2;9020006;3344;10;eded;1.2179999351501465
Vehicle_2;9020006;3345;10;eded;1.2179999351501465
Vehicle_2;9020006;3346;10;eded;1.2179999351501465
Vehicle_2;9020006;3347;10;edede;1.2179999351501465
Vehicle_2;9020006;3348;10;eded;1.2179999351501465
Vehicle_2;9020006;3349;10;eded;1.2179999351501465
Vehicle_2;9020006;3350;10;ede;1.2179999351501465
Vehicle_2;9020006;3351;10;ede;1.2179999351501465
Vehicle_2;9020006;3352;10;eded;1.2179999351501465
Vehicle_2;9020006;3353;10;ede;1.2130000591278076
Vehicle_2;9020006;3354;10;ed;1.2130000591278076
Vehicle_2;9020006;3355;10;e;1.2130000591278076
Vehicle_2;9020006;3356;10;e;1.2130000591278076
Vehicle_2;9020006;3357;10;e;1.2130000591278076
Vehicle_2;9020006;3358;10;e;1.2130000591278076
Vehicle_2;9020006;3359;10;e;1.2130000591278076
Vehicle_2;9020006;3360;10;eded;1.2130000591278076
Vehicle_2;9020006;3361;10;ed;1.2000000476837158
Vehicle_2;9020006;3362;10;ede;1.2000000476837158
Vehicle_2;9020006;3363;10;eded;1.1989998817443848
Vehicle_2;9020006;3364;10;ede;1.1989998817443848
Vehicle_2;9020006;3365;10;ed;1.1989998817443848
Vehicle_2;9020006;3366;10;e;1.1989998817443848
Vehicle_2;9020006;3367;10;e;1.1989998817443848
Vehicle_2;9020006;3368;10;e;1.1989998817443848
Vehicle_2;9020006;3369;10;e;1.1989998817443848
Vehicle_2;9020006;3370;10;e;1.1989998817443848
Vehicle_2;9020006;3371;10;ed;1.1989998817443848
Vehicle_2;9020006;3372;10;ed;1.1989998817443848
Vehicle_2;9020006;3373;10;ed;1.187999963760376
Vehicle_2;9020006;3374;10;ede;1.187999963760376
Vehicle_2;9020006;3375;10;ede;1.187999963760376
Vehicle_2;9020006;3376;10;ed;1.187999963760376
Vehicle_2;9020006;3377;10;ed;1.187999963760376
Vehicle_2;9020006;3378;10;ede;1.193000078201294
Vehicle_2;9020006;3379;10;ed;1.193000078201294
Vehicle_2;9020006;3380;10;ed;1.193000078201294
Vehicle_2;9020006;3381;10;ed;1.193000078201294
Vehicle_2;9020006;3382;10;ed;1.193000078201294
Vehicle_2;9020006;3383;10;ede;1.193000078201294
Vehicle_2;9020006;3384;10;eded;1.193000078201294
Vehicle_2;9020006;3385;10;eded;1.193000078201294
Vehicle_2;9020006;3386;10;eded;1.193000078201294
Vehicle_2;9020006;3387;10;edede;1.126999855041504
Vehicle_2;9020006;3388;10;ededed;1.195000171661377
Vehicle_2;9020006;3389;10;ededed;1.195000171661377
Vehicle_2;9020006;3390;10;ededed;1.195000171661377
Vehicle_2;9020006;3391;10;edede;1.195000171661377
Vehicle_2;9020006;3392;10;ededede;1.195000171661377
Vehicle_2;9020006;3393;10;ededed;1.195000171661377
Vehicle_2;9020006;3394;10;e;1.1979999542236328
Vehicle_2;9020006;3395;10;ed;1.1979999542236328
Vehicle_2;9020006;3396;10;ede;1.1979999542236328
Vehicle_2;9020006;3397;10;ede;1.1979999542236328
Vehicle_2;9020006;3398;10;eded;1.1979999542236328
Vehicle_2;9020006;3399;10;edede;1.1979999542236328
Vehicle_2;9020006;3400;10;edede;1.1979999542236328
Vehicle_2;9020006;3401;10;edede;1.1979999542236328
Vehicle_2;9020006;3402;10;ededed;1.1979999542236328
Vehicle_2;9020006;3403;10;ededed;1.187999963760376
Vehicle_2;9020006;3404;10;ededed;1.187999963760376
Vehicle_2;9020006;3405;10;ededed;1.187000036239624
Vehicle_2;9020006;3406;10;edede;1.1959998607635498
Vehicle_2;9020006;3407;10;eded;1.1959998607635498
Vehicle_2;9020006;3408;10;edede;1.2060000896453857
Vehicle_2;9020006;3409;10;edede;1.2060000896453857
Vehicle_2;9020006;3410;10;ede;1.2060000896453857
Vehicle_2;9020006;3411;10;ede;1.2060000896453857
Vehicle_2;9020006;3412;10;ede;1.2100000381469727
Vehicle_2;9020006;3413;10;ede;1.2100000381469727
Vehicle_2;9020006;3414;10;ede;1.2100000381469727
Vehicle_2;9020006;3415;10;ede;1.2100000381469727
Vehicle_2;9020006;3416;10;ede;1.2100000381469727
Vehicle_2;9020006;3417;10;ed;1.2100000381469727
Vehicle_2;9020006;3418;10;e;1.2100000381469727
Vehicle_2;9020006;3419;10;e;1.2100000381469727
Vehicle_2;9020006;3420;10;e;1.2190001010894775
Vehicle_2;9020006;3421;10;e;1.2190001010894775
Vehicle_2;9020006;3422;10;ed;1.2190001010894775
Vehicle_2;9020006;3423;10;ed;1.2190001010894775
Vehicle_2;9020006;3424;10;ede;1.2190001010894775
Vehicle_2;9020006;3425;10;ede;1.2190001010894775
Vehicle_2;9020006;3426;10;eded;1.443000078201294
Vehicle_2;9020006;3427;10;eded;1.443000078201294
Vehicle_2;9020006;3428;10;eded;1.443000078201294
Vehicle_2;9020006;3429;10;ede;1.443000078201294
Vehicle_2;9020006;3430;10;e;1.443000078201294
Vehicle_2;9020006;3431;10;e;1.443000078201294
Vehicle_2;9020006;3432;10;e;1.443000078201294
Vehicle_2;9020006;3433;10;e;1.443000078201294
Vehicle_2;9020006;3434;10;ede;1.443000078201294
Vehicle_2;9020006;3435;10;eded;1.2199997901916504
Vehicle_2;9020006;3436;10;edede;1.2199997901916504
Vehicle_2;9020006;3437;10;ededed;1.2199997901916504
Vehicle_2;9020006;3438;10;edede;1.2199997901916504
Vehicle_2;9020006;3439;10;edede;1.2100000381469727
Vehicle_2;9020006;3440;10;edede;1.2239999771118164
Vehicle_2;9020006;3441;10;ede;1.2239999771118164
Vehicle_2;9020006;3442;10;ede;1.2239999771118164
Vehicle_2;9020006;3443;10;e;1.2239999771118164
Vehicle_2;9020006;3444;10;e;1.2239999771118164
Vehicle_2;9020006;3445;10;ed;1.2239999771118164
Vehicle_2;9020006;3446;10;ede;1.2239999771118164
Vehicle_2;9020006;3447;10;ede;1.2239999771118164
Vehicle_2;9020006;3448;10;ede;2.0230000019073486
Vehicle_2;9020006;3449;10;eded;2.0230000019073486
Vehicle_2;9020006;3450;10;ededed;2.0230000019073486
Vehicle_2;9020006;3451;10;eded;2.0230000019073486
Vehicle_2;9020006;3452;10;edede;2.0230000019073486
Vehicle_2;9020006;3453;10;eded;2.0230000019073486
Vehicle_2;9020006;3454;10;eded;2.0230000019073486
Vehicle_2;9020006;3455;10;eded;2.0230000019073486
Vehicle_2;9020006;3456;10;ede;2.0230000019073486
Vehicle_2;9020006;3457;10;ede;1.2019999027252197
Vehicle_2;9020006;3458;10;ed;1.2019999027252197
Vehicle_2;9020006;3459;10;ed;1.2019999027252197
Vehicle_2;9020006;3460;10;e;1.2019999027252197
Vehicle_2;9020006;3461;10;ed;1.2100000381469727
Vehicle_2;9020006;3462;10;ed;1.2100000381469727
Vehicle_2;9020006;3463;10;ed;1.2100000381469727
Vehicle_2;9020006;3464;10;ed;1.2100000381469727
Vehicle_2;9020006;3465;10;e;1.2100000381469727
Vehicle_2;9020006;3466;10;e;1.2100000381469727
Vehicle_2;9020006;3467;10;ede;1.2100000381469727
Vehicle_2;9020006;3468;10;eded;1.2100000381469727
Vehicle_2;9020006;3469;10;eded;1.2100000381469727
Vehicle_2;9020006;3470;10;edede;1.194000005722046
Vehicle_2;9020006;3471;10;ede;1.194000005722046
Vehicle_2;9020006;3472;10;eded;1.194000005722046
Vehicle_2;9020006;3473;10;eded;1.194000005722046
Vehicle_2;9020006;3474;10;eded;1.1730000972747803
Vehicle_2;9020006;3475;10;edede;1.2070000171661377
Vehicle_2;9020006;3476;10;edede;1.2070000171661377
Vehicle_2;9020006;3477;10;eded;1.2070000171661377
Vehicle_2;9020006;3478;10;e;1.2070000171661377
Vehicle_2;9020006;3479;10;ed;1.2070000171661377
Vehicle_2;9020006;3480;10;eded;1.2070000171661377
Vehicle_2;9020006;3481;10;ede;1.2129998207092285
Vehicle_2;9020006;3482;10;ede;1.2129998207092285
Vehicle_2;9020006;3483;10;ede;1.3680000305175781
Vehicle_2;9020006;3484;10;eded;1.3680000305175781
Vehicle_2;9020006;3485;10;eded;1.3680000305175781
Vehicle_2;9020006;3486;10;eded;1.3680000305175781
Vehicle_2;9020006;3487;10;eded;1.3680000305175781
Vehicle_2;9020006;3488;10;edede;1.3680000305175781
Vehicle_2;9020006;3489;10;eded;1.3680000305175781
Vehicle_2;9020006;3490;10;eded;1.3680000305175781
Vehicle_2;9020006;3491;10;eded;1.3680000305175781
Vehicle_2;9020006;3492;10;eded;1.2170000076293945
Vehicle_2;9020006;3493;10;ede;1.2170000076293945
Vehicle_2;9020006;3494;10;ede;1.2170000076293945
Vehicle_2;9020006;3495;10;ed;1.2170000076293945
Vehicle_2;9020006;3496;10;e;1.2170000076293945
Vehicle_2;9020006;3497;10;e;1.2170000076293945
Vehicle_2;9020006;3498;10;ededed;1.2170000076293945
Vehicle_2;9020006;3499;10;ededede;1.2170000076293945
Vehicle_2;9020006;3500;10;ededed;1.2130000591278076
Vehicle_2;9020006;3501;10;edede;1.2130000591278076
Vehicle_2;9020006;3502;10;ededed;1.2130000591278076
Vehicle_2;9020006;3503;10;edede;1.2130000591278076
Vehicle_2;9020006;3504;10;eded;1.2060000896453857
Vehicle_2;9020006;3505;10;eded;1.4720001220703125
Vehicle_2;9020006;3506;10;eded;1.4720001220703125
Vehicle_2;9020006;3507;10;ede;1.4720001220703125
Vehicle_2;9020006;3508;10;eded;1.4720001220703125
Vehicle_2;9020006;3509;10;e;1.4720001220703125
Vehicle_2;9020006;3510;10;eded;1.4720001220703125
Vehicle_2;9020006;3511;10;ede;1.4720001220703125
Vehicle_2;9020006;3512;10;ede;1.4720001220703125
Vehicle_2;9020006;3513;10;edede;1.4720001220703125
Vehicle_2;9020006;3514;10;edede;1.2129998207092285
Vehicle_2;9020006;3515;10;ede;1.2129998207092285
Vehicle_2;9020006;3516;10;e;1.2129998207092285
Vehicle_2;9020006;3517;10;e;1.2129998207092285
Vehicle_2;9020006;3518;10;e;1.2129998207092285
Vehicle_2;9020006;3519;10;ed;1.2129998207092285
Vehicle_2;9020006;3520;10;ede;1.2049999237060547
Vehicle_2;9020006;3521;10;ede;1.2049999237060547
Vehicle_2;9020006;3522;10;ede;1.2049999237060547
Vehicle_2;9020006;3523;10;eded;1.2139999866485596
Vehicle_2;9020006;3524;10;edede;1.2139999866485596
Vehicle_2;9020006;3525;10;ededed;1.2139999866485596
Vehicle_2;9020006;3526;10;ededede;1.2139999866485596
Vehicle_2;9020006;3527;10;ededed;1.2139999866485596
Vehicle_2;9020006;3528;10;ededed;1.2139999866485596
Vehicle_2;9020006;3529;10;ededede;1.2139999866485596
Vehicle_2;9020006;3530;10;ededed;1.2139999866485596
Vehicle_2;9020006;3531;10;edede;1.2239999771118164
Vehicle_2;9020006;3532;10;ede;1.2239999771118164
Vehicle_2;9020006;3533;10;eded;1.2239999771118164
Vehicle_2;9020006;3534;10;ede;1.2239999771118164
Vehicle_2;9020006;3535;10;eded;1.2239999771118164
Vehicle_2;9020006;3536;10;ede;1.2239999771118164
Vehicle_2;9020006;3537;10;ed;1.2239999771118164
Vehicle_2;9020006;3538;10;e;1.2239999771118164
Vehicle_2;9020006;3539;10;ed;1.2239999771118164
Vehicle_2;9020006;3540;10;ede;1.2079999446868896
Vehicle_2;9020006;3541;10;ede;1.2079999446868896
Vehicle_2;9020006;3542;10;ede;1.2079999446868896
Vehicle_2;9020006;3543;10;eded;1.2079999446868896
Vehicle_2;9020006;3544;10;ededed;1.2009999752044678
Vehicle_2;9020006;3545;10;edede;1.2060000896453857
Vehicle_2;9020006;3546;10;ede;1.2060000896453857
Vehicle_2;9020006;3547;10;ed;2.5369999408721924
Vehicle_2;9020006;3548;10;e;2.5369999408721924
Vehicle_2;9020006;3549;10;ede;2.5369999408721924
Vehicle_2;9020006;3550;10;ede;2.5369999408721924
Vehicle_2;9020006;3551;10;ede;2.5369999408721924
Vehicle_2;9020006;3552;10;ede;2.5369999408721924
Vehicle_2;9020006;3553;10;edede;2.5369999408721924
Vehicle_2;9020006;3554;10;edede;2.5369999408721924
Vehicle_2;9020006;3555;10;ed;5.190000057220459
Vehicle_2;9020006;3556;10;ed;5.190000057220459
Vehicle_2;9020006;3557;10;ed;5.190000057220459
Vehicle_2;9020006;3558;10;ede;5.190000057220459
Vehicle_2;9020006;3559;10;eded;5.190000057220459
Vehicle_2;9020006;3560;10;ed;5.190000057220459
Vehicle_2;9020006;3561;10;ed;5.190000057220459
Vehicle_2;9020006;3562;10;ede;5.190000057220459
Vehicle_2;9020006;3563;10;e;5.190000057220459
Vehicle_2;9020006;3564;10;ede;1.2089998722076416
Vehicle_2;9020006;3565;10;ede;1.2089998722076416
Vehicle_2;9020006;3566;10;edede;1.2230000495910645
Vehicle_2;9020006;3567;10;ededed;1.2230000495910645
Vehicle_2;9020006;3568;10;edede;1.2230000495910645
Vehicle_2;9020006;3569;10;eded;1.2230000495910645
Vehicle_2;9020006;3570;10;ed;1.2230000495910645
Vehicle_2;9020006;3571;10;eded;1.2230000495910645
Vehicle_2;9020006;3572;10;ed;1.2230000495910645
Vehicle_2;9020006;3573;10;ede;1.2230000495910645
Vehicle_2;9020006;3574;10;edede;1.2230000495910645
Vehicle_2;9020006;3575;10;edede;1.1989998817443848
Vehicle_2;9020006;3576;10;edede;1.1989998817443848
Vehicle_2;9020006;3577;10;edede;1.1989998817443848
Vehicle_2;9020006;3578;10;eded;1.1989998817443848
Vehicle_2;9020006;3579;10;ede;1.1989998817443848
Vehicle_2;9020006;3580;10;edede;1.1989998817443848
Vehicle_2;9020006;3581;10;edede;1.1989998817443848
Vehicle_2;9020006;3582;10;edede;1.2039999961853027
Vehicle_2;9020006;3583;10;edede;1.2039999961853027
Vehicle_2;9020006;3584;10;edede;1.2039999961853027
Vehicle_2;9020006;3585;10;ede;1.2039999961853027
Vehicle_2;9020006;3586;10;eded;1.2039999961853027
Vehicle_2;9020006;3587;10;edede;1.2039999961853027
Vehicle_2;9020006;3588;10;edede;1.2039999961853027
Vehicle_2;9020006;3589;10;eded;1.2039999961853027
Vehicle_2;9020006;3590;10;eded;1.2079999446868896
Vehicle_2;9020006;3591;10;ede;1.2079999446868896
Vehicle_2;9020006;3592;10;ede;1.2079999446868896
Vehicle_2;9020006;3593;10;eded;1.2079999446868896
Vehicle_2;9020006;3594;10;eded;1.2079999446868896
Vehicle_2;9020006;3595;10;ede;1.2079999446868896
Vehicle_2;9020006;3596;10;ede;1.2079999446868896
Vehicle_2;9020006;3597;10;ede;1.2079999446868896
Vehicle_2;9020006;3598;10;ede;1.249000072479248
Vehicle_2;9020006;3599;10;eded;1.249000072479248
Vehicle_2;9020006;3600;10;edede;1.249000072479248
Vehicle_2;9020006;3601;10;edede;1.249000072479248
Vehicle_2;9020006;3602;10;ededede;1.249000072479248
Vehicle_2;9020006;3603;10;ededed;1.249000072479248
Vehicle_2;9020006;3604;10;ededede;1.249000072479248
Vehicle_2;9020006;3605;10;eded;1.249000072479248
Vehicle_2;9020006;3606;10;ede;1.249000072479248
Vehicle_2;9020006;3607;10;ed;1.190999984741211
Vehicle_2;9020006;3608;10;ed;1.190999984741211
Vehicle_2;9020006;3609;10;ed;1.190999984741211
Vehicle_2;9020006;3610;10;ed;1.190999984741211
Vehicle_2;9020006;3611;10;ede;1.190999984741211
Vehicle_2;9020006;3612;10;ede;1.190999984741211
Vehicle_2;9020006;3613;10;ede;1.190999984741211
Vehicle_2;9020006;3614;10;ede;1.2059998512268066
Vehicle_2;9020006;3615;10;eded;1.2059998512268066
Vehicle_2;9020006;3616;10;ede;1.2059998512268066
Vehicle_2;9020006;3617;10;ede;1.2059998512268066
Vehicle_2;9020006;3618;10;eded;1.2059998512268066
Vehicle_2;9020006;3619;10;ede;1.2059998512268066
Vehicle_2;9020006;3620;10;ede;1.2059998512268066
Vehicle_2;9020006;3621;10;ede;1.7620000839233398
Vehicle_2;9020006;3622;10;eded;1.7620000839233398
Vehicle_2;9020006;3623;10;ed;2.002999782562256
Vehicle_2;9020006;3624;10;edede;2.002999782562256
Vehicle_2;9020006;3625;10;ededed;2.002999782562256
Vehicle_2;9020006;3626;10;edede;2.002999782562256
Vehicle_2;9020006;3627;10;ede;2.002999782562256
Vehicle_2;9020006;3628;10;eded;2.002999782562256
Vehicle_2;9020006;3629;10;eded;2.002999782562256
Vehicle_2;9020006;3630;10;eded;2.002999782562256
Vehicle_2;9020006;3631;10;eded;2.002999782562256
Vehicle_2;9020006;3632;10;ede;1.2400000095367432
Vehicle_2;9020006;3633;10;ede;1.2400000095367432
Vehicle_2;9020006;3634;10;ede;1.2400000095367432
Vehicle_2;9020006;3635;10;eded;1.2400000095367432
Vehicle_2;9020006;3636;10;e;1.2400000095367432
Vehicle_2;9020006;3637;10;ede;1.2400000095367432
Vehicle_2;9020006;3638;10;edede;1.1979999542236328
Vehicle_2;9020006;3639;10;edede;1.1979999542236328
Vehicle_2;9020006;3640;10;ededed;1.1979999542236328
Vehicle_2;9020006;3641;10;ededed;1.437000036239624
Vehicle_2;9020006;3642;10;ededed;1.437000036239624
Vehicle_2;9020006;3643;10;edede;1.437000036239624
Vehicle_2;9020006;3644;10;edede;1.437000036239624
Vehicle_2;9020006;3645;10;eded;1.437000036239624
Vehicle_2;9020006;3646;10;edede;1.437000036239624
Vehicle_2;9020006;3647;10;eded;1.437000036239624
Vehicle_2;9020006;3648;10;eded;1.437000036239624
Vehicle_2;9020006;3649;10;eded;1.437000036239624
Vehicle_2;9020006;3650;10;eded;1.2190001010894775
Vehicle_2;9020006;3651;10;eded;1.996000051498413
Vehicle_2;9020006;3652;10;ede;1.996000051498413
Vehicle_2;9020006;3653;10;ede;1.996000051498413
Vehicle_2;9020006;3654;10;ede;1.996000051498413
Vehicle_2;9020006;3655;10;ede;1.996000051498413
Vehicle_2;9020006;3656;10;eded;1.996000051498413
Vehicle_2;9020006;3657;10;edede;1.996000051498413
Vehicle_2;9020006;3658;10;ededed;1.996000051498413
Vehicle_2;9020006;3659;10;edede;1.996000051498413
Vehicle_2;9020006;3660;10;eded;1.054999828338623
Vehicle_2;9020006;3661;10;eded;1.054999828338623
Vehicle_2;9020006;3662;10;eded;1.0529999732971191
Vehicle_2;9020006;3663;10;eded;1.0529999732971191
Vehicle_2;9020006;3664;10;edede;1.0529999732971191
Vehicle_2;9020006;3665;10;eded;1.0529999732971191
Vehicle_2;9020006;3666;10;eded;1.0490000247955322
Vehicle_2;9020006;3667;10;eded;1.0490000247955322
Vehicle_2;9020006;3668;10;ede;1.0490000247955322
Vehicle_2;9020006;3669;10;ede;1.0490000247955322
Vehicle_2;9020006;3670;10;e;1.0430002212524414
Vehicle_2;9020006;3671;10;ed;1.055999994277954
Vehicle_2;9020006;3672;10;ed;1.055999994277954
Vehicle_2;9020006;3673;10;ede;1.0679998397827148
Vehicle_2;9020006;3674;10;eded;1.0679998397827148
Vehicle_2;9020006;3675;10;eded;1.0679998397827148
Vehicle_2;9020006;3676;10;edede;1.0679998397827148
Vehicle_2;9020006;3677;10;ededed;1.0679998397827148
Vehicle_2;9020006;3678;10;ededed;1.0679998397827148
Vehicle_2;9020006;3679;10;edede;1.0679998397827148
Vehicle_2;9020006;3680;10;edede;1.0679998397827148
Vehicle_2;9020006;3681;10;e;1.0679998397827148
Vehicle_2;9020006;3682;10;e;1.0420000553131104
Vehicle_2;9020006;3683;10;ed;1.0420000553131104
Vehicle_2;9020006;3684;10;ed;1.0369999408721924
Vehicle_2;9020006;3685;10;ede;1.0420000553131104
Vehicle_2;9020006;3686;10;ede;1.0420000553131104
Vehicle_2;9020006;3687;10;ed;1.0479998588562012
Vehicle_2;9020006;3688;10;e;1.0479998588562012
Vehicle_2;9020006;3689;10;e;1.0479998588562012
Vehicle_2;9020006;3690;10;e;1.0479998588562012
Vehicle_2;9020006;3691;10;e;1.0479998588562012
Vehicle_2;9020006;3692;10;ed;1.0479998588562012
Vehicle_2;9020006;3693;10;ed;1.0479998588562012
Vehicle_2;9020006;3694;10;e;1.188999891281128
Vehicle_2;9020006;3695;10;e;1.188999891281128
Vehicle_2;9020006;3696;10;ed;1.188999891281128
Vehicle_2;9020006;3697;10;ed;1.188999891281128
Vehicle_2;9020006;3698;10;ede;1.188999891281128
Vehicle_2;9020006;3699;10;ede;1.188999891281128
Vehicle_2;9020006;3700;10;ede;1.188999891281128
Vehicle_2;9020006;3701;10;eded;1.188999891281128
Vehicle_2;9020006;3702;10;ede;1.188999891281128
Vehicle_2;9020006;3703;10;ede;1.188000202178955
Vehicle_2;9020006;3704;10;ede;1.188000202178955
Vehicle_2;9020006;3705;10;ed;1.188000202178955
Vehicle_2;9020006;3706;10;ed;1.188000202178955
Vehicle_2;9020006;3707;10;ed;1.188000202178955
Vehicle_2;9020006;3708;10;ed;1.188000202178955
Vehicle_2;9020006;3709;10;e;1.2799999713897705
Vehicle_2;9020006;3710;10;e;1.2799999713897705
Vehicle_2;9020006;3711;10;edede;1.2799999713897705
Vehicle_2;9020006;3712;10;edede;1.2799999713897705
Vehicle_2;9020006;3713;10;eded;1.2799999713897705
Vehicle_2;9020006;3714;10;ede;1.2799999713897705
Vehicle_2;9020006;3715;10;ede;1.2799999713897705
Vehicle_2;9020006;3716;10;ede;1.2799999713897705
Vehicle_2;9020006;3717;10;ede;1.2799999713897705
Vehicle_2;9020006;3718;10;ede;1.063999891281128
Vehicle_2;9020006;3719;10;ede;1.0649998188018799
Vehicle_2;9020006;3720;10;ede;1.0649998188018799
Vehicle_2;9020006;3721;10;e;1.0649998188018799
Vehicle_2;9020006;3722;10;e;1.0649998188018799
Vehicle_2;9020006;3723;10;ede;1.0649998188018799
Vehicle_2;9020006;3724;10;ede;1.0649998188018799
Vehicle_2;9020006;3725;10;e;1.0649998188018799
Vehicle_2;9020006;3726;10;e;1.448000192642212
Vehicle_2;9020006;3727;10;ed;1.448000192642212
Vehicle_2;9020006;3728;10;ed;1.448000192642212
Vehicle_2;9020006;3729;10;ede;1.448000192642212
Vehicle_2;9020006;3730;10;ede;1.448000192642212
Vehicle_2;9020006;3731;10;edede;1.448000192642212
Vehicle_2;9020006;3732;10;eded;1.448000192642212
Vehicle_2;9020006;3733;10;eded;1.448000192642212
Vehicle_2;9020006;3734;10;ede;1.448000192642212
Vehicle_2;9020006;3735;10;ede;1.189000129699707
Vehicle_2;9020006;3736;10;ede;1.189000129699707
Vehicle_2;9020006;3737;10;eded;1.189000129699707
Vehicle_2;9020006;3738;10;edede;1.189000129699707
Vehicle_2;9020006;3739;10;ede;1.9950001239776611
Vehicle_2;9020006;3740;10;e;1.9950001239776611
Vehicle_2;9020006;3741;10;e;1.9950001239776611
Vehicle_2;9020006;3742;10;e;1.9950001239776611
Vehicle_2;9020006;3743;10;e;1.9950001239776611
Vehicle_2;9020006;3744;10;e;1.9950001239776611
Vehicle_2;9020006;3745;10;e;1.9950001239776611
Vehicle_2;9020006;3746;10;e;1.9950001239776611
Vehicle_2;9020006;3747;10;e;1.9950001239776611
Vehicle_2;9020006;3748;10;ed;1.0540001392364502
Vehicle_2;9020006;3749;10;ed;1.0540001392364502
Vehicle_2;9020006;3750;10;e;1.055999994277954
Vehicle_2;9020006;3751;10;e;1.055999994277954
Vehicle_2;9020006;3752;10;e;1.055999994277954
Vehicle_2;9020006;3753;10;e;1.055999994277954
Vehicle_2;9020006;3754;10;e;1.7930002212524414
Vehicle_2;9020006;3755;10;e;1.7930002212524414
Vehicle_2;9020006;3756;10;edede;1.7930002212524414
Vehicle_2;9020006;3757;10;edede;1.7930002212524414
Vehicle_2;9020006;3758;10;e;1.7930002212524414
Vehicle_2;9020006;3759;10;e;1.7930002212524414
Vehicle_2;9020006;3760;10;e;1.7930002212524414
Vehicle_2;9020006;3761;10;e;1.7930002212524414
Vehicle_2;9020006;3762;10;e;1.7930002212524414
Vehicle_2;9020006;3763;10;e;1.2140002250671387
Vehicle_2;9020006;3764;10;e;1.2140002250671387
Vehicle_2;9020006;3765;10;e;1.2140002250671387
Vehicle_2;9020006;3766;10;e;1.2140002250671387
Vehicle_2;9020006;3767;10;e;1.2140002250671387
Vehicle_2;9020006;3768;10;e;1.2140002250671387
Vehicle_2;9020006;3769;10;e;1.2140002250671387
Vehicle_2;9020006;3770;10;e;1.2140002250671387
Vehicle_2;9020006;3771;10;e;1.2140002250671387
Vehicle_2;9020006;3772;10;e;1.2029998302459717
Vehicle_2;9020006;3773;10;e;1.2029998302459717
Vehicle_2;9020006;3774;10;ede;1.2029998302459717
Vehicle_2;9020006;3775;10;ede;1.2029998302459717
Vehicle_2;9020006;3776;10;ede;1.2029998302459717
Vehicle_2;9020006;3777;10;e;1.2029998302459717
Vehicle_2;9020006;3778;10;e;1.2029998302459717
Vehicle_2;9020006;3779;10;ed;1.2029998302459717
Vehicle_2;9020006;3780;10;eda;1.741999864578247
Vehicle_2;9020006;3781;10;eda4;1.741999864578247
Vehicle_2;9020006;3782;10;eda4;1.741999864578247
Vehicle_2;9020006;3783;10;eda4d;1.741999864578247
