vehicle;ride;pos;ws;marker;time_delay
Vehicle_2;9151388;0;15;ededede;1.6660001277923584
Vehicle_2;9151388;1;15;edede;1.6660001277923584
Vehicle_2;9151388;2;15;ededede;1.2030000686645508
Vehicle_2;9151388;3;15;eded;1.2030000686645508
Vehicle_2;9151388;4;15;e;1.2030000686645508
Vehicle_2;9151388;5;15;e;1.2030000686645508
Vehicle_2;9151388;6;15;e;1.192000150680542
Vehicle_2;9151388;7;15;e;1.192000150680542
Vehicle_2;9151388;8;15;e;1.2000000476837158
Vehicle_2;9151388;9;15;ede;1.2000000476837158
Vehicle_2;9151388;10;15;b7b6de;1.2090001106262207
Vehicle_2;9151388;11;15;a12;1.2090001106262207
Vehicle_2;9151388;12;15;b2;1.2090001106262207
Vehicle_2;9151388;13;15;b2;1.5169999599456787
Vehicle_2;9151388;14;15;b2;1.5169999599456787
Vehicle_2;9151388;15;15;e;1.5169999599456787
Vehicle_2;9151388;16;15;e;1.5169999599456787
Vehicle_2;9151388;17;15;e;1.5169999599456787
Vehicle_2;9151388;18;15;e;1.5169999599456787
Vehicle_2;9151388;19;15;e;1.5169999599456787
Vehicle_2;9151388;20;15;edede;1.5169999599456787
Vehicle_2;9151388;21;15;edede;1.5169999599456787
Vehicle_2;9151388;22;15;ede;1.5169999599456787
Vehicle_2;9151388;23;15;ede;1.5169999599456787
Vehicle_2;9151388;24;15;ede;1.5169999599456787
Vehicle_2;9151388;25;15;ede;1.5169999599456787
Vehicle_2;9151388;26;15;ede;1.5169999599456787
Vehicle_2;9151388;27;15;ede;1.2379999160766602
Vehicle_2;9151388;28;15;e;1.2379999160766602
Vehicle_2;9151388;29;15;e;1.5479998588562012
Vehicle_2;9151388;30;15;e;1.5479998588562012
Vehicle_2;9151388;31;15;ede;1.5479998588562012
Vehicle_2;9151388;32;15;ede;1.5479998588562012
Vehicle_2;9151388;33;15;edede;1.5479998588562012
Vehicle_2;9151388;34;15;ede;1.5479998588562012
Vehicle_2;9151388;35;15;eded;1.5479998588562012
Vehicle_2;9151388;36;15;edede;1.5479998588562012
Vehicle_2;9151388;37;15;ededed;1.5479998588562012
Vehicle_2;9151388;38;15;ededede;1.5479998588562012
Vehicle_2;9151388;39;15;ededede;1.6570000648498535
Vehicle_2;9151388;40;15;edede;1.6570000648498535
Vehicle_2;9151388;41;15;ededed;1.7430000305175781
Vehicle_2;9151388;42;15;ededed;1.7430000305175781
Vehicle_2;9151388;43;15;edede;1.7430000305175781
Vehicle_2;9151388;44;15;edede;1.7430000305175781
Vehicle_2;9151388;45;15;edede;1.7430000305175781
Vehicle_2;9151388;46;15;edede;1.7430000305175781
Vehicle_2;9151388;47;15;edede;1.7430000305175781
Vehicle_2;9151388;48;15;eded;1.7430000305175781
Vehicle_2;9151388;49;15;edede;1.7430000305175781
Vehicle_2;9151388;50;15;edede;1.7430000305175781
Vehicle_2;9151388;51;15;ededede;1.7430000305175781
Vehicle_2;9151388;52;15;edede;1.7430000305175781
Vehicle_2;9151388;53;15;edede;1.7430000305175781
Vehicle_2;9151388;54;15;edede;1.7430000305175781
Vehicle_2;9151388;55;15;edede;1.2239999771118164
Vehicle_2;9151388;56;15;edede;1.2239999771118164
Vehicle_2;9151388;57;15;ed;1.2239999771118164
Vehicle_2;9151388;58;15;e;1.2239999771118164
Vehicle_2;9151388;59;15;e;1.2239999771118164
Vehicle_2;9151388;60;15;e;1.184000015258789
Vehicle_2;9151388;61;15;ede;1.184000015258789
Vehicle_2;9151388;62;15;edede;1.1850001811981201
Vehicle_2;9151388;63;15;e;1.1850001811981201
Vehicle_2;9151388;64;15;e;1.439000129699707
Vehicle_2;9151388;65;15;e;1.439000129699707
Vehicle_2;9151388;66;15;ede;1.439000129699707
Vehicle_2;9151388;67;15;ede;1.439000129699707
Vehicle_2;9151388;68;15;ede;1.439000129699707
Vehicle_2;9151388;69;15;edede;1.439000129699707
Vehicle_2;9151388;70;15;ededed;1.439000129699707
Vehicle_2;9151388;71;15;ededed;2.0420000553131104
Vehicle_2;9151388;72;15;eded;2.0420000553131104
Vehicle_2;9151388;73;15;edede;2.0420000553131104
Vehicle_2;9151388;74;15;ededede;2.0420000553131104
Vehicle_2;9151388;75;15;ededed;2.0420000553131104
Vehicle_2;9151388;76;15;edede;2.0420000553131104
Vehicle_2;9151388;77;15;ed;2.0420000553131104
Vehicle_2;9151388;78;15;ede;2.0420000553131104
Vehicle_2;9151388;79;15;ededed;2.0420000553131104
Vehicle_2;9151388;80;15;eded;2.0420000553131104
Vehicle_2;9151388;81;15;ede;2.0420000553131104
Vehicle_2;9151388;82;15;ede;2.0420000553131104
Vehicle_2;9151388;83;15;eded;2.0420000553131104
Vehicle_2;9151388;84;15;eded;2.0420000553131104
Vehicle_2;9151388;85;15;eded;1.7609999179840088
Vehicle_2;9151388;86;15;eded;1.7609999179840088
Vehicle_2;9151388;87;15;eded;1.7609999179840088
Vehicle_2;9151388;88;15;eded;1.7609999179840088
Vehicle_2;9151388;89;15;ede;1.7609999179840088
Vehicle_2;9151388;90;15;eded;1.7609999179840088
Vehicle_2;9151388;91;15;edede;1.7609999179840088
Vehicle_2;9151388;92;15;edede;1.7609999179840088
Vehicle_2;9151388;93;15;edede;1.7609999179840088
Vehicle_2;9151388;94;15;edede;1.7609999179840088
Vehicle_2;9151388;95;15;ededed;1.2060000896453857
Vehicle_2;9151388;96;15;ededede;1.434000015258789
Vehicle_2;9151388;97;15;ededede;1.434000015258789
Vehicle_2;9151388;98;15;ededed;1.434000015258789
Vehicle_2;9151388;99;15;edede;1.434000015258789
Vehicle_2;9151388;100;15;ededed;1.434000015258789
Vehicle_2;9151388;101;15;ededede;1.434000015258789
Vehicle_2;9151388;102;15;edededed;1.434000015258789
Vehicle_2;9151388;103;15;ededede;1.434000015258789
Vehicle_2;9151388;104;15;edededed;1.434000015258789
Vehicle_2;9151388;105;15;ededed;1.434000015258789
Vehicle_2;9151388;106;15;ededede;1.434000015258789
Vehicle_2;9151388;107;15;edede;1.434000015258789
Vehicle_2;9151388;108;15;eded;1.434000015258789
Vehicle_2;9151388;109;15;ededed;1.434000015258789
Vehicle_2;9151388;110;15;eded;1.2190001010894775
Vehicle_2;9151388;111;15;ededed;1.2190001010894775
Vehicle_2;9151388;112;15;ededede;1.1999998092651367
Vehicle_2;9151388;113;15;ededede;1.1999998092651367
Vehicle_2;9151388;114;15;ededed;1.1999998092651367
Vehicle_2;9151388;115;15;edede;1.1999998092651367
Vehicle_2;9151388;116;15;edede;1.2030000686645508
Vehicle_2;9151388;117;15;edede;1.2030000686645508
Vehicle_2;9151388;118;15;edede;1.2030000686645508
Vehicle_2;9151388;119;15;edede;1.2030000686645508
Vehicle_2;9151388;120;15;edede;1.2159998416900635
Vehicle_2;9151388;121;15;edede;1.2159998416900635
Vehicle_2;9151388;122;15;edede;1.2159998416900635
Vehicle_2;9151388;123;15;edede;1.2159998416900635
Vehicle_2;9151388;124;15;edede;1.2159998416900635
Vehicle_2;9151388;125;15;ededed;1.2159998416900635
Vehicle_2;9151388;126;15;ededede;1.2159998416900635
Vehicle_2;9151388;127;15;ededede;1.2159998416900635
Vehicle_2;9151388;128;15;ede;1.2159998416900635
Vehicle_2;9151388;129;15;eded;1.2159998416900635
Vehicle_2;9151388;130;15;eded;1.2159998416900635
Vehicle_2;9151388;131;15;edede;1.2159998416900635
Vehicle_2;9151388;132;15;edede;1.2159998416900635
Vehicle_2;9151388;133;15;ededed;1.2159998416900635
Vehicle_2;9151388;134;15;ededede;1.2009999752044678
Vehicle_2;9151388;135;15;ededed;1.2009999752044678
Vehicle_2;9151388;136;15;ededed;1.441999912261963
Vehicle_2;9151388;137;15;ededed;1.7599999904632568
Vehicle_2;9151388;138;15;ededede;1.7599999904632568
Vehicle_2;9151388;139;15;ededede;1.7599999904632568
Vehicle_2;9151388;140;15;edededed;1.7599999904632568
Vehicle_2;9151388;141;15;edededede;1.7599999904632568
Vehicle_2;9151388;142;15;edededede;1.7599999904632568
Vehicle_2;9151388;143;15;edededede;1.7599999904632568
Vehicle_2;9151388;144;15;edededede;1.7599999904632568
Vehicle_2;9151388;145;15;ededededed;1.7599999904632568
Vehicle_2;9151388;146;15;ededededed;1.7599999904632568
Vehicle_2;9151388;147;15;ededededede;1.7599999904632568
Vehicle_2;9151388;148;15;ededededed;1.7599999904632568
Vehicle_2;9151388;149;15;edededede;1.7599999904632568
Vehicle_2;9151388;150;15;ededede;1.7599999904632568
Vehicle_2;9151388;151;15;ededede;1.5109999179840088
Vehicle_2;9151388;152;15;edededed;2.0809998512268066
Vehicle_2;9151388;153;15;edededed;2.0809998512268066
Vehicle_2;9151388;154;15;ededede;2.0809998512268066
Vehicle_2;9151388;155;15;ededed;2.0809998512268066
Vehicle_2;9151388;156;15;ededede;2.0809998512268066
Vehicle_2;9151388;157;15;ededed;2.0809998512268066
Vehicle_2;9151388;158;15;edede;2.0809998512268066
Vehicle_2;9151388;159;15;edede;2.0809998512268066
Vehicle_2;9151388;160;15;eded;2.0809998512268066
Vehicle_2;9151388;161;15;edede;2.0809998512268066
Vehicle_2;9151388;162;15;edede;2.0809998512268066
Vehicle_2;9151388;163;15;edede;2.0809998512268066
Vehicle_2;9151388;164;15;edede;2.0809998512268066
Vehicle_2;9151388;165;15;edede;2.0809998512268066
Vehicle_2;9151388;166;15;edede;1.2739999294281006
Vehicle_2;9151388;167;15;ededed;1.2739999294281006
Vehicle_2;9151388;168;15;ededede;1.2739999294281006
Vehicle_2;9151388;169;15;ededede;1.2739999294281006
Vehicle_2;9151388;170;15;ededede;1.2739999294281006
Vehicle_2;9151388;171;15;eded;1.2739999294281006
Vehicle_2;9151388;172;15;ededede;1.2739999294281006
Vehicle_2;9151388;173;15;edededed;1.2739999294281006
Vehicle_2;9151388;174;15;edededed;1.2739999294281006
Vehicle_2;9151388;175;15;edededede;1.2739999294281006
Vehicle_2;9151388;176;15;ededededed;1.2739999294281006
Vehicle_2;9151388;177;15;edededede;1.252000093460083
Vehicle_2;9151388;178;15;ede;1.252000093460083
Vehicle_2;9151388;179;15;ede;1.252000093460083
Vehicle_2;9151388;180;15;eded;1.252000093460083
Vehicle_2;9151388;181;15;eded;1.252000093460083
Vehicle_2;9151388;182;15;edede;1.252000093460083
Vehicle_2;9151388;183;15;edede;1.252000093460083
Vehicle_2;9151388;184;15;ededed;1.252000093460083
Vehicle_2;9151388;185;15;edede;1.252000093460083
Vehicle_2;9151388;186;15;eded;1.252000093460083
Vehicle_2;9151388;187;15;edede;1.252000093460083
Vehicle_2;9151388;188;15;edede;1.252000093460083
Vehicle_2;9151388;189;15;edede;1.252000093460083
Vehicle_2;9151388;190;15;edede;1.252000093460083
Vehicle_2;9151388;191;15;ededede;1.1989998817443848
Vehicle_2;9151388;192;15;ededede;1.1989998817443848
Vehicle_2;9151388;193;15;ededed;1.1989998817443848
Vehicle_2;9151388;194;15;edededede;1.1759998798370361
Vehicle_2;9151388;195;15;ededededed;1.1759998798370361
Vehicle_2;9151388;196;15;ededededede;2.246999979019165
Vehicle_2;9151388;197;15;ededededede;2.246999979019165
Vehicle_2;9151388;198;15;ededededed;2.246999979019165
Vehicle_2;9151388;199;15;ededededed;2.246999979019165
Vehicle_2;9151388;200;15;ededede;2.246999979019165
Vehicle_2;9151388;201;15;ededede;2.246999979019165
Vehicle_2;9151388;202;15;ededed;2.246999979019165
Vehicle_2;9151388;203;15;ededed;2.246999979019165
Vehicle_2;9151388;204;15;edede;2.246999979019165
Vehicle_2;9151388;205;15;edede;2.246999979019165
Vehicle_2;9151388;206;15;eded;2.246999979019165
Vehicle_2;9151388;207;15;ede;2.246999979019165
Vehicle_2;9151388;208;15;ed;2.246999979019165
Vehicle_2;9151388;209;15;ed;2.246999979019165
Vehicle_2;9151388;210;15;ed;1.184999942779541
Vehicle_2;9151388;211;15;ed;1.184999942779541
Vehicle_2;9151388;212;15;ed;1.184999942779541
Vehicle_2;9151388;213;15;ed;1.184999942779541
Vehicle_2;9151388;214;15;ede;1.184999942779541
Vehicle_2;9151388;215;15;ede;1.184999942779541
Vehicle_2;9151388;216;15;eded;1.184999942779541
Vehicle_2;9151388;217;15;edede;1.184999942779541
Vehicle_2;9151388;218;15;ededed;1.1970000267028809
Vehicle_2;9151388;219;15;edede;1.1970000267028809
Vehicle_2;9151388;220;15;ede;1.2709999084472656
Vehicle_2;9151388;221;15;ede;1.2709999084472656
Vehicle_2;9151388;222;15;ede;1.2709999084472656
Vehicle_2;9151388;223;15;ede;1.2709999084472656
Vehicle_2;9151388;224;15;ede;1.2709999084472656
Vehicle_2;9151388;225;15;ede;1.2709999084472656
Vehicle_2;9151388;226;15;ede;1.2709999084472656
Vehicle_2;9151388;227;15;ede;1.2709999084472656
Vehicle_2;9151388;228;15;ede;1.2709999084472656
Vehicle_2;9151388;229;15;ede;1.2709999084472656
Vehicle_2;9151388;230;15;eded;1.2709999084472656
Vehicle_2;9151388;231;15;eded;1.2709999084472656
Vehicle_2;9151388;232;15;eded;1.2709999084472656
Vehicle_2;9151388;233;15;eded;1.2709999084472656
Vehicle_2;9151388;234;15;eded;1.2639999389648438
Vehicle_2;9151388;235;15;edede;1.2639999389648438
Vehicle_2;9151388;236;15;eded;1.2639999389648438
Vehicle_2;9151388;237;15;eded;1.2639999389648438
Vehicle_2;9151388;238;15;eded;1.2639999389648438
Vehicle_2;9151388;239;15;ede;1.2639999389648438
Vehicle_2;9151388;240;15;ededede;1.2639999389648438
Vehicle_2;9151388;241;15;edededed;1.2639999389648438
Vehicle_2;9151388;242;15;ededed;1.2230000495910645
Vehicle_2;9151388;243;15;ededed;1.2230000495910645
Vehicle_2;9151388;244;15;ededed;1.2339999675750732
Vehicle_2;9151388;245;15;ededede;3.693000078201294
Vehicle_2;9151388;246;15;ededede;3.693000078201294
Vehicle_2;9151388;247;15;ededede;3.693000078201294
Vehicle_2;9151388;248;15;ededede;3.693000078201294
Vehicle_2;9151388;249;15;ededede8;3.693000078201294
Vehicle_2;9151388;250;15;edededa5;3.693000078201294
Vehicle_2;9151388;251;15;edede84d;3.693000078201294
Vehicle_2;9151388;252;15;ededa5e;3.693000078201294
Vehicle_2;9151388;253;15;ededa5e;3.693000078201294
Vehicle_2;9151388;254;15;ede84d;3.693000078201294
Vehicle_2;9151388;255;15;ede84d;3.693000078201294
Vehicle_2;9151388;256;15;ede84d;3.693000078201294
Vehicle_2;9151388;257;15;eda5e;3.693000078201294
Vehicle_2;9151388;258;15;e84de;3.693000078201294
Vehicle_2;9151388;259;15;e84de;1.43399977684021
Vehicle_2;9151388;260;15;a5ed;1.43399977684021
Vehicle_2;9151388;261;15;a5ed;1.43399977684021
Vehicle_2;9151388;262;15;12;1.43399977684021
Vehicle_2;9151388;263;15;ed;1.1970000267028809
Vehicle_2;9151388;264;15;ed;1.2039999961853027
Vehicle_2;9151388;265;15;ed;1.2039999961853027
Vehicle_2;9151388;266;15;ede;1.2039999961853027
Vehicle_2;9151388;267;15;eded;1.2039999961853027
Vehicle_2;9151388;268;15;edede;1.2240002155303955
Vehicle_2;9151388;269;15;edede;1.2240002155303955
Vehicle_2;9151388;270;15;edede;1.2240002155303955
Vehicle_2;9151388;271;15;ededed;1.2240002155303955
Vehicle_2;9151388;272;15;ededed;1.2240002155303955
Vehicle_2;9151388;273;15;e;1.2240002155303955
Vehicle_2;9151388;274;15;e;1.2240002155303955
Vehicle_2;9151388;275;15;e;1.2240002155303955
Vehicle_2;9151388;276;15;ed;1.2240002155303955
Vehicle_2;9151388;277;15;ed;1.2240002155303955
Vehicle_2;9151388;278;15;ed;1.2240002155303955
Vehicle_2;9151388;279;15;ed;1.2240002155303955
Vehicle_2;9151388;280;15;ede;1.2240002155303955
Vehicle_2;9151388;281;15;ede;1.2240002155303955
Vehicle_2;9151388;282;15;eded;1.2030000686645508
Vehicle_2;9151388;283;15;ede;1.2030000686645508
Vehicle_2;9151388;284;15;ede;1.2030000686645508
Vehicle_2;9151388;285;15;ede;1.2030000686645508
Vehicle_2;9151388;286;15;ede;1.2030000686645508
Vehicle_2;9151388;287;15;ede;1.2030000686645508
Vehicle_2;9151388;288;15;ede;1.2030000686645508
Vehicle_2;9151388;289;15;ed;1.2030000686645508
Vehicle_2;9151388;290;15;ed;1.2030000686645508
Vehicle_2;9151388;291;15;ede;1.2030000686645508
Vehicle_2;9151388;292;15;ede;1.2030000686645508
Vehicle_2;9151388;293;15;ede;1.2030000686645508
Vehicle_2;9151388;294;15;ede;1.2030000686645508
Vehicle_2;9151388;295;15;ede;1.2030000686645508
Vehicle_2;9151388;296;15;eded;1.2030000686645508
Vehicle_2;9151388;297;15;ededed;1.2030000686645508
Vehicle_2;9151388;298;15;ede;1.2030000686645508
Vehicle_2;9151388;299;15;ede;1.2030000686645508
Vehicle_2;9151388;300;15;ede;1.2030000686645508
Vehicle_2;9151388;301;15;ede;1.2030000686645508
Vehicle_2;9151388;302;15;ede;1.9689998626708984
Vehicle_2;9151388;303;15;ede;1.9689998626708984
Vehicle_2;9151388;304;15;ed;1.9689998626708984
Vehicle_2;9151388;305;15;ede;1.9689998626708984
Vehicle_2;9151388;306;15;ede;1.9689998626708984
Vehicle_2;9151388;307;15;ede;1.9689998626708984
Vehicle_2;9151388;308;15;eded;1.9689998626708984
Vehicle_2;9151388;309;15;ede;1.9689998626708984
Vehicle_2;9151388;310;15;ede;1.9689998626708984
Vehicle_2;9151388;311;15;ede;1.9689998626708984
Vehicle_2;9151388;312;15;ede;1.9689998626708984
Vehicle_2;9151388;313;15;eded;1.9689998626708984
Vehicle_2;9151388;314;15;edede;1.9689998626708984
Vehicle_2;9151388;315;15;edede;1.9689998626708984
Vehicle_2;9151388;316;15;edededed;1.2840001583099365
Vehicle_2;9151388;317;15;edede;1.2840001583099365
Vehicle_2;9151388;318;15;eded;1.2840001583099365
Vehicle_2;9151388;319;15;eded;1.2840001583099365
Vehicle_2;9151388;320;15;eded;1.2840001583099365
Vehicle_2;9151388;321;15;ede;1.2840001583099365
Vehicle_2;9151388;322;15;ede;1.2840001583099365
Vehicle_2;9151388;323;15;ede;1.2840001583099365
Vehicle_2;9151388;324;15;edede;1.2840001583099365
Vehicle_2;9151388;325;15;edede;1.2840001583099365
Vehicle_2;9151388;326;15;ede;1.2840001583099365
Vehicle_2;9151388;327;15;ede;1.1929998397827148
Vehicle_2;9151388;328;15;eded;1.193000078201294
Vehicle_2;9151388;329;15;eded;1.193000078201294
Vehicle_2;9151388;330;15;eded;1.2130000591278076
Vehicle_2;9151388;331;15;eded;1.2130000591278076
Vehicle_2;9151388;332;15;ede;1.2130000591278076
Vehicle_2;9151388;333;15;ede;1.2130000591278076
Vehicle_2;9151388;334;15;eded;1.2130000591278076
Vehicle_2;9151388;335;15;ed;1.2130000591278076
Vehicle_2;9151388;336;15;ed;1.2130000591278076
Vehicle_2;9151388;337;15;ed;1.2130000591278076
Vehicle_2;9151388;338;15;ed;1.2130000591278076
Vehicle_2;9151388;339;15;ede;1.2130000591278076
Vehicle_2;9151388;340;15;ede;1.2130000591278076
Vehicle_2;9151388;341;15;ede;1.2130000591278076
Vehicle_2;9151388;342;15;ed;1.2130000591278076
Vehicle_2;9151388;343;15;ed;1.2130000591278076
Vehicle_2;9151388;344;15;ed;1.2039999961853027
Vehicle_2;9151388;345;15;ede;1.2039999961853027
Vehicle_2;9151388;346;15;ede;1.2070000171661377
Vehicle_2;9151388;347;15;ede;1.2070000171661377
Vehicle_2;9151388;348;15;eded;1.2070000171661377
Vehicle_2;9151388;349;15;eded;1.2070000171661377
Vehicle_2;9151388;350;15;eded;1.2070000171661377
Vehicle_2;9151388;351;15;eded;1.2070000171661377
Vehicle_2;9151388;352;15;ede;1.2070000171661377
Vehicle_2;9151388;353;15;eded;1.2070000171661377
Vehicle_2;9151388;354;15;edede;1.2070000171661377
Vehicle_2;9151388;355;15;edede;1.2070000171661377
Vehicle_2;9151388;356;15;edede;1.2070000171661377
Vehicle_2;9151388;357;15;edededede;1.2070000171661377
Vehicle_2;9151388;358;15;eded;1.2070000171661377
Vehicle_2;9151388;359;15;ede;1.2070000171661377
Vehicle_2;9151388;360;15;eded;1.2009999752044678
Vehicle_2;9151388;361;15;eded;1.2009999752044678
Vehicle_2;9151388;362;15;eded;1.6790001392364502
Vehicle_2;9151388;363;15;eded;1.6790001392364502
Vehicle_2;9151388;364;15;eded;1.6790001392364502
Vehicle_2;9151388;365;15;eded;1.6790001392364502
Vehicle_2;9151388;366;15;eded;1.6790001392364502
Vehicle_2;9151388;367;15;eded;1.6790001392364502
Vehicle_2;9151388;368;15;eded;1.6790001392364502
Vehicle_2;9151388;369;15;eded;1.6790001392364502
Vehicle_2;9151388;370;15;ede;1.6790001392364502
Vehicle_2;9151388;371;15;edede;1.6790001392364502
Vehicle_2;9151388;372;15;edede;1.6790001392364502
Vehicle_2;9151388;373;15;ededed;1.6790001392364502
Vehicle_2;9151388;374;15;edede;1.6790001392364502
Vehicle_2;9151388;375;15;edede;1.6790001392364502
Vehicle_2;9151388;376;15;ededed;1.2100000381469727
Vehicle_2;9151388;377;15;ededed;1.2100000381469727
Vehicle_2;9151388;378;15;ededed;1.2000000476837158
Vehicle_2;9151388;379;15;ededede;1.2000000476837158
Vehicle_2;9151388;380;15;ededede;1.7360000610351562
Vehicle_2;9151388;381;15;edededed;1.7360000610351562
Vehicle_2;9151388;382;15;ededede;1.9530000686645508
Vehicle_2;9151388;383;15;ededed;1.9530000686645508
Vehicle_2;9151388;384;15;edede;1.9530000686645508
Vehicle_2;9151388;385;15;ededed;1.9530000686645508
Vehicle_2;9151388;386;15;edede;1.9530000686645508
Vehicle_2;9151388;387;15;eded;1.9530000686645508
Vehicle_2;9151388;388;15;eded;1.9530000686645508
Vehicle_2;9151388;389;15;ede;1.9530000686645508
Vehicle_2;9151388;390;15;ede;1.9530000686645508
Vehicle_2;9151388;391;15;ede;1.9530000686645508
Vehicle_2;9151388;392;15;ed;1.9530000686645508
Vehicle_2;9151388;393;15;ed;1.9530000686645508
Vehicle_2;9151388;394;15;e;1.9530000686645508
Vehicle_2;9151388;395;15;edede;1.9530000686645508
Vehicle_2;9151388;396;15;eded;1.3840000629425049
Vehicle_2;9151388;397;15;eded;1.3840000629425049
Vehicle_2;9151388;398;15;eded;1.3840000629425049
Vehicle_2;9151388;399;15;ede;1.2080001831054688
Vehicle_2;9151388;400;15;ede;1.2080001831054688
Vehicle_2;9151388;401;15;edede;1.2080001831054688
Vehicle_2;9151388;402;15;ede;1.2080001831054688
Vehicle_2;9151388;403;15;eded;1.2080001831054688
Vehicle_2;9151388;404;15;edede;1.2080001831054688
Vehicle_2;9151388;405;15;ededed;1.2039999961853027
Vehicle_2;9151388;406;15;ededed;1.2039999961853027
Vehicle_2;9151388;407;15;ededed;1.2039999961853027
Vehicle_2;9151388;408;15;ededed;1.2039999961853027
Vehicle_2;9151388;409;15;ededed;1.2039999961853027
Vehicle_2;9151388;410;15;edede;1.2039999961853027
Vehicle_2;9151388;411;15;eded;1.2030000686645508
Vehicle_2;9151388;412;15;ede;1.2030000686645508
Vehicle_2;9151388;413;15;edede;1.2030000686645508
Vehicle_2;9151388;414;15;eded;1.2030000686645508
Vehicle_2;9151388;415;15;edede;1.1990001201629639
Vehicle_2;9151388;416;15;eded;1.1990001201629639
Vehicle_2;9151388;417;15;ede;1.1990001201629639
Vehicle_2;9151388;418;15;ede;1.1990001201629639
Vehicle_2;9151388;419;15;ede;1.1990001201629639
Vehicle_2;9151388;420;15;ede;1.1990001201629639
Vehicle_2;9151388;421;15;edede;1.1990001201629639
Vehicle_2;9151388;422;15;edede;1.7929999828338623
Vehicle_2;9151388;423;15;edede;1.7929999828338623
Vehicle_2;9151388;424;15;edede;1.7929999828338623
Vehicle_2;9151388;425;15;edede;1.7929999828338623
Vehicle_2;9151388;426;15;edede;1.7929999828338623
Vehicle_2;9151388;427;15;eded;1.7929999828338623
Vehicle_2;9151388;428;15;eded;1.7929999828338623
Vehicle_2;9151388;429;15;edede;1.7929999828338623
Vehicle_2;9151388;430;15;ededed;1.7929999828338623
Vehicle_2;9151388;431;15;ededed;1.7929999828338623
Vehicle_2;9151388;432;15;ededed;1.7929999828338623
Vehicle_2;9151388;433;15;ededede;1.7929999828338623
Vehicle_2;9151388;434;15;ededede;1.7929999828338623
Vehicle_2;9151388;435;15;ededede;1.7929999828338623
Vehicle_2;9151388;436;15;ededed;1.687999963760376
Vehicle_2;9151388;437;15;ededed;1.687999963760376
Vehicle_2;9151388;438;15;ededede;1.687999963760376
Vehicle_2;9151388;439;15;ededede;1.687999963760376
Vehicle_2;9151388;440;15;ededed;1.687999963760376
Vehicle_2;9151388;441;15;edede;1.687999963760376
Vehicle_2;9151388;442;15;eded;1.687999963760376
Vehicle_2;9151388;443;15;ededede;6.1579999923706055
Vehicle_2;9151388;444;15;edededed;6.1579999923706055
Vehicle_2;9151388;445;15;ededed;6.1579999923706055
Vehicle_2;9151388;446;15;ededededed;6.1579999923706055
Vehicle_2;9151388;447;15;edededede;6.1579999923706055
Vehicle_2;9151388;448;15;edededede;6.1579999923706055
Vehicle_2;9151388;449;15;edede;6.1579999923706055
Vehicle_2;9151388;450;15;edede;6.1579999923706055
Vehicle_2;9151388;451;15;eded;6.1579999923706055
Vehicle_2;9151388;452;15;eded;6.1579999923706055
Vehicle_2;9151388;453;15;edede;6.1579999923706055
Vehicle_2;9151388;454;15;ededed;6.1579999923706055
Vehicle_2;9151388;455;15;ededede;6.1579999923706055
Vehicle_2;9151388;456;15;ededede;6.1579999923706055
Vehicle_2;9151388;457;15;edede;2.1969997882843018
Vehicle_2;9151388;458;15;ededed;2.1969997882843018
Vehicle_2;9151388;459;15;ededede;2.1969997882843018
Vehicle_2;9151388;460;15;ededed;2.1969997882843018
Vehicle_2;9151388;461;15;ededed;2.1969997882843018
Vehicle_2;9151388;462;15;ededed;2.1969997882843018
Vehicle_2;9151388;463;15;edede;2.1969997882843018
Vehicle_2;9151388;464;15;eded;2.1969997882843018
Vehicle_2;9151388;465;15;ede;2.1969997882843018
Vehicle_2;9151388;466;15;ede;1.2129998207092285
Vehicle_2;9151388;467;15;ededede;1.2129998207092285
Vehicle_2;9151388;468;15;edededed;1.319000005722046
Vehicle_2;9151388;469;15;ededede;2.1510000228881836
Vehicle_2;9151388;470;15;ededed;2.1510000228881836
Vehicle_2;9151388;471;15;ed;2.1510000228881836
Vehicle_2;9151388;472;15;e;2.1510000228881836
Vehicle_2;9151388;473;15;e;2.1510000228881836
Vehicle_2;9151388;474;15;e;2.1510000228881836
Vehicle_2;9151388;475;15;e;2.1510000228881836
Vehicle_2;9151388;476;15;e;2.1510000228881836
Vehicle_2;9151388;477;15;e;2.1510000228881836
Vehicle_2;9151388;478;15;e;2.1510000228881836
Vehicle_2;9151388;479;15;e;2.1510000228881836
Vehicle_2;9151388;480;15;e;2.1510000228881836
Vehicle_2;9151388;481;15;ededede;2.1510000228881836
Vehicle_2;9151388;482;15;ededede;2.1510000228881836
Vehicle_2;9151388;483;15;edededed;1.2979998588562012
Vehicle_2;9151388;484;15;edededed;1.2979998588562012
Vehicle_2;9151388;485;15;ededede;2.2179999351501465
Vehicle_2;9151388;486;15;edede;2.2179999351501465
Vehicle_2;9151388;487;15;edede;2.2179999351501465
Vehicle_2;9151388;488;15;edede;2.2179999351501465
Vehicle_2;9151388;489;15;e;2.2179999351501465
Vehicle_2;9151388;490;15;ede;2.2179999351501465
Vehicle_2;9151388;491;15;eded;2.2179999351501465
Vehicle_2;9151388;492;15;eded;2.2179999351501465
Vehicle_2;9151388;493;15;eded;2.2179999351501465
Vehicle_2;9151388;494;15;eded;2.2179999351501465
Vehicle_2;9151388;495;15;eded;2.2179999351501465
Vehicle_2;9151388;496;15;ed;2.2179999351501465
Vehicle_2;9151388;497;15;ede;2.2179999351501465
Vehicle_2;9151388;498;15;ed;2.2179999351501465
Vehicle_2;9151388;499;15;ede;1.8269999027252197
Vehicle_2;9151388;500;15;ede;2.0759999752044678
Vehicle_2;9151388;501;15;eded;2.0759999752044678
Vehicle_2;9151388;502;15;ededed;2.0759999752044678
Vehicle_2;9151388;503;15;ededed;2.0759999752044678
Vehicle_2;9151388;504;15;ededed;2.0759999752044678
Vehicle_2;9151388;505;15;ededed;2.0759999752044678
Vehicle_2;9151388;506;15;edede;2.0759999752044678
Vehicle_2;9151388;507;15;edede;2.0759999752044678
Vehicle_2;9151388;508;15;ededed;2.0759999752044678
Vehicle_2;9151388;509;15;ededed;2.0759999752044678
Vehicle_2;9151388;510;15;edede;2.0759999752044678
Vehicle_2;9151388;511;15;edede;2.0759999752044678
Vehicle_2;9151388;512;15;eded;2.0759999752044678
Vehicle_2;9151388;513;15;eded;2.0759999752044678
Vehicle_2;9151388;514;15;eded;1.7109999656677246
Vehicle_2;9151388;515;15;eded;1.7109999656677246
Vehicle_2;9151388;516;15;eded;1.7109999656677246
Vehicle_2;9151388;517;15;eded;1.7109999656677246
Vehicle_2;9151388;518;15;ede;1.7109999656677246
Vehicle_2;9151388;519;15;edede;1.7109999656677246
Vehicle_2;9151388;520;15;edede;1.7109999656677246
Vehicle_2;9151388;521;15;ed;1.1999998092651367
Vehicle_2;9151388;522;15;eded;1.1999998092651367
Vehicle_2;9151388;523;15;edede;1.1999998092651367
Vehicle_2;9151388;524;15;ededed;1.1999998092651367
Vehicle_2;9151388;525;15;ededede;5.207000017166138
Vehicle_2;9151388;526;15;ededede;5.207000017166138
Vehicle_2;9151388;527;15;edededed;5.207000017166138
Vehicle_2;9151388;528;15;edededed;5.207000017166138
Vehicle_2;9151388;529;15;edededed;5.207000017166138
Vehicle_2;9151388;530;15;edededed;5.207000017166138
Vehicle_2;9151388;531;15;edededede;5.207000017166138
Vehicle_2;9151388;532;15;ededededed;5.207000017166138
Vehicle_2;9151388;533;15;edededede;5.207000017166138
Vehicle_2;9151388;534;15;ededededed;5.207000017166138
Vehicle_2;9151388;535;15;ededededede;5.207000017166138
Vehicle_2;9151388;536;15;edededed;5.207000017166138
Vehicle_2;9151388;537;15;ededede;5.207000017166138
Vehicle_2;9151388;538;15;ededede;5.207000017166138
Vehicle_2;9151388;539;15;ededede;1.7030000686645508
Vehicle_2;9151388;540;15;ededed;1.7030000686645508
Vehicle_2;9151388;541;15;ededed;1.688999891281128
Vehicle_2;9151388;542;15;ededede;1.688999891281128
Vehicle_2;9151388;543;15;edededed;1.688999891281128
Vehicle_2;9151388;544;15;edededed;1.2089998722076416
Vehicle_2;9151388;545;15;ededede;1.2089998722076416
Vehicle_2;9151388;546;15;ededede;1.2089998722076416
Vehicle_2;9151388;547;15;ededed;1.2089998722076416
Vehicle_2;9151388;548;15;edede;1.2089998722076416
Vehicle_2;9151388;549;15;ededede;1.2089998722076416
Vehicle_2;9151388;550;15;ede;1.2089998722076416
Vehicle_2;9151388;551;15;ede;3.378000020980835
Vehicle_2;9151388;552;15;ede;3.378000020980835
Vehicle_2;9151388;553;15;ede;3.378000020980835
Vehicle_2;9151388;554;15;ede;3.378000020980835
Vehicle_2;9151388;555;15;e;3.378000020980835
Vehicle_2;9151388;556;15;edede;3.378000020980835
Vehicle_2;9151388;557;15;edede;3.378000020980835
Vehicle_2;9151388;558;15;ededed;3.378000020980835
Vehicle_2;9151388;559;15;ededede;3.378000020980835
Vehicle_2;9151388;560;15;ededede;3.378000020980835
Vehicle_2;9151388;561;15;edede;3.378000020980835
Vehicle_2;9151388;562;15;edede;3.378000020980835
Vehicle_2;9151388;563;15;ede;3.378000020980835
Vehicle_2;9151388;564;15;ede;3.378000020980835
Vehicle_2;9151388;565;15;ede;3.2770001888275146
Vehicle_2;9151388;566;15;ede;3.2770001888275146
Vehicle_2;9151388;567;15;eded;3.2770001888275146
Vehicle_2;9151388;568;15;edede;3.2770001888275146
Vehicle_2;9151388;569;15;eded;3.2770001888275146
Vehicle_2;9151388;570;15;ede;3.2770001888275146
Vehicle_2;9151388;571;15;ede;3.2770001888275146
Vehicle_2;9151388;572;15;edededede;2.808000087738037
Vehicle_2;9151388;573;15;ededed;2.808000087738037
Vehicle_2;9151388;574;15;ededed;2.808000087738037
Vehicle_2;9151388;575;15;edede;2.808000087738037
Vehicle_2;9151388;576;15;eded;2.808000087738037
Vehicle_2;9151388;577;15;ede;2.808000087738037
Vehicle_2;9151388;578;15;ede;2.808000087738037
Vehicle_2;9151388;579;15;e;2.3430001735687256
Vehicle_2;9151388;580;15;e;2.3430001735687256
Vehicle_2;9151388;581;15;e;2.3430001735687256
Vehicle_2;9151388;582;15;e;1.8670001029968262
Vehicle_2;9151388;583;15;e;1.8670001029968262
Vehicle_2;9151388;584;15;ede;1.8670001029968262
Vehicle_2;9151388;585;15;ede;1.8670001029968262
Vehicle_2;9151388;586;15;ede;1.2009999752044678
Vehicle_2;9151388;587;15;e;1.2009999752044678
Vehicle_2;9151388;588;15;e;1.2009999752044678
Vehicle_2;9151388;589;15;ed;1.2009999752044678
Vehicle_2;9151388;590;15;ede;1.2009999752044678
Vehicle_2;9151388;591;15;eded;1.2009999752044678
Vehicle_2;9151388;592;15;edededede;1.2009999752044678
Vehicle_2;9151388;593;15;edede;1.2009999752044678
Vehicle_2;9151388;594;15;eded;1.2009999752044678
Vehicle_2;9151388;595;15;ede;1.2009999752044678
Vehicle_2;9151388;596;15;ede;1.2009999752044678
Vehicle_2;9151388;597;15;ede;1.2009999752044678
Vehicle_2;9151388;598;15;ede;1.2009999752044678
Vehicle_2;9151388;599;15;e;1.2139999866485596
Vehicle_2;9151388;600;15;ede;1.2139999866485596
Vehicle_2;9151388;601;15;edede;1.9920001029968262
Vehicle_2;9151388;602;15;edede;1.9920001029968262
Vehicle_2;9151388;603;15;ededed;1.9920001029968262
Vehicle_2;9151388;604;15;ededed;1.9920001029968262
Vehicle_2;9151388;605;15;ededed;1.9920001029968262
Vehicle_2;9151388;606;15;ededed;1.9920001029968262
Vehicle_2;9151388;607;15;edede;1.9920001029968262
Vehicle_2;9151388;608;15;eded;1.9920001029968262
Vehicle_2;9151388;609;15;edede;1.9920001029968262
Vehicle_2;9151388;610;15;ede;1.9920001029968262
Vehicle_2;9151388;611;15;ed;1.9920001029968262
Vehicle_2;9151388;612;15;e;1.9920001029968262
Vehicle_2;9151388;613;15;e;1.9920001029968262
Vehicle_2;9151388;614;15;e;1.9920001029968262
Vehicle_2;9151388;615;15;e;1.2009999752044678
Vehicle_2;9151388;616;15;e;1.2009999752044678
Vehicle_2;9151388;617;15;e;1.2009999752044678
Vehicle_2;9151388;618;15;e;1.2000000476837158
Vehicle_2;9151388;619;15;e;1.2000000476837158
Vehicle_2;9151388;620;15;e;1.2000000476837158
Vehicle_2;9151388;621;15;e;1.2000000476837158
Vehicle_2;9151388;622;15;ed;1.2000000476837158
Vehicle_2;9151388;623;15;ed;1.2000000476837158
Vehicle_2;9151388;624;15;ed;1.2000000476837158
Vehicle_2;9151388;625;15;ed;1.2000000476837158
Vehicle_2;9151388;626;15;ed;1.2000000476837158
Vehicle_2;9151388;627;15;e;1.2000000476837158
Vehicle_2;9151388;628;15;e;1.2000000476837158
Vehicle_2;9151388;629;15;e;1.2000000476837158
Vehicle_2;9151388;630;15;ede;1.2000000476837158
Vehicle_2;9151388;631;15;ede;1.2000000476837158
Vehicle_2;9151388;632;15;e;1.2000000476837158
Vehicle_2;9151388;633;15;e;1.2000000476837158
Vehicle_2;9151388;634;15;ede;1.1990001201629639
Vehicle_2;9151388;635;15;ede;1.1990001201629639
Vehicle_2;9151388;636;15;ede;1.1990001201629639
Vehicle_2;9151388;637;15;e;1.1990001201629639
Vehicle_2;9151388;638;15;e;1.1990001201629639
Vehicle_2;9151388;639;15;edede;1.1990001201629639
Vehicle_2;9151388;640;15;edede;1.1990001201629639
Vehicle_2;9151388;641;15;e;1.1990001201629639
Vehicle_2;9151388;642;15;e;1.1990001201629639
Vehicle_2;9151388;643;15;e;1.1990001201629639
Vehicle_2;9151388;644;15;e;1.2000000476837158
Vehicle_2;9151388;645;15;e;1.2000000476837158
Vehicle_2;9151388;646;15;e;1.2000000476837158
Vehicle_2;9151388;647;15;ede;1.2000000476837158
Vehicle_2;9151388;648;15;e;1.2000000476837158
Vehicle_2;9151388;649;15;e;1.2000000476837158
Vehicle_2;9151388;650;15;e;1.2000000476837158
Vehicle_2;9151388;651;15;e;1.2000000476837158
Vehicle_2;9151388;652;15;e;1.2000000476837158
Vehicle_2;9151388;653;15;e;1.2000000476837158
Vehicle_2;9151388;654;15;e;1.2000000476837158
Vehicle_2;9151388;655;15;e;1.2000000476837158
Vehicle_2;9151388;656;15;e;1.2000000476837158
Vehicle_2;9151388;657;15;e;1.2000000476837158
Vehicle_2;9151388;658;15;e;1.2000000476837158
Vehicle_2;9151388;659;15;e;1.2000000476837158
Vehicle_2;9151388;660;15;e;1.2009999752044678
Vehicle_2;9151388;661;15;e;1.2009999752044678
Vehicle_2;9151388;662;15;ed;1.2009999752044678
Vehicle_2;9151388;663;15;ed;1.2009999752044678
Vehicle_2;9151388;664;15;ed;1.2009999752044678
Vehicle_2;9151388;665;15;ed;2.888000011444092
Vehicle_2;9151388;666;15;ed;2.888000011444092
Vehicle_2;9151388;667;15;e;9.523000001907349
Vehicle_2;9151388;668;15;ed;9.523000001907349
Vehicle_2;9151388;669;15;ed;9.523000001907349
Vehicle_2;9151388;670;15;ed;9.523000001907349
Vehicle_2;9151388;671;15;ed;9.523000001907349
Vehicle_2;9151388;672;15;ed;9.523000001907349
Vehicle_2;9151388;673;15;ed;9.523000001907349
Vehicle_2;9151388;674;15;ed;9.523000001907349
Vehicle_2;9151388;675;15;e;9.523000001907349
Vehicle_2;9151388;676;15;e;9.523000001907349
Vehicle_2;9151388;677;15;e;9.523000001907349
Vehicle_2;9151388;678;15;e;9.523000001907349
Vehicle_2;9151388;679;15;e;9.523000001907349
Vehicle_2;9151388;680;15;e;9.523000001907349
Vehicle_2;9151388;681;15;ede;1.2000000476837158
Vehicle_2;9151388;682;15;ede;1.2000000476837158
Vehicle_2;9151388;683;15;ede;1.2000000476837158
Vehicle_2;9151388;684;15;ede;1.2000000476837158
Vehicle_2;9151388;685;15;ede;1.2000000476837158
Vehicle_2;9151388;686;15;e;1.2000000476837158
Vehicle_2;9151388;687;15;e;1.2000000476837158
Vehicle_2;9151388;688;15;e;1.2000000476837158
Vehicle_2;9151388;689;15;e;1.2000000476837158
Vehicle_2;9151388;690;15;e;1.2000000476837158
Vehicle_2;9151388;691;15;ed;1.2079999446868896
Vehicle_2;9151388;692;15;ede;1.2079999446868896
Vehicle_2;9151388;693;15;eded;1.2079999446868896
Vehicle_2;9151388;694;15;eded;1.2079999446868896
Vehicle_2;9151388;695;15;ede;1.2079999446868896
Vehicle_2;9151388;696;15;ede;1.2079999446868896
Vehicle_2;9151388;697;15;ede;23.72099995613098
Vehicle_2;9151388;698;15;eded;23.72099995613098
Vehicle_2;9151388;699;15;eded;23.72099995613098
Vehicle_2;9151388;700;15;eded;23.72099995613098
Vehicle_2;9151388;701;15;eded;23.72099995613098
Vehicle_2;9151388;702;15;eded;23.72099995613098
Vehicle_2;9151388;703;15;e;23.72099995613098
Vehicle_2;9151388;704;15;e;23.72099995613098
Vehicle_2;9151388;705;15;e;23.72099995613098
Vehicle_2;9151388;706;15;e;23.72099995613098
Vehicle_2;9151388;707;15;e;23.72099995613098
Vehicle_2;9151388;708;15;e;23.72099995613098
Vehicle_2;9151388;709;15;e;23.72099995613098
Vehicle_2;9151388;710;15;e;23.72099995613098
Vehicle_2;9151388;711;15;eded;7.438999891281128
Vehicle_2;9151388;712;15;ede;11.52899980545044
Vehicle_2;9151388;713;15;ede;11.52899980545044
Vehicle_2;9151388;714;15;e;11.52899980545044
Vehicle_2;9151388;715;15;e;11.52899980545044
Vehicle_2;9151388;716;15;e;11.52899980545044
Vehicle_2;9151388;717;15;e;11.52899980545044
Vehicle_2;9151388;718;15;e;11.52899980545044
Vehicle_2;9151388;719;15;e;11.52899980545044
Vehicle_2;9151388;720;15;e;11.52899980545044
Vehicle_2;9151388;721;15;e;11.52899980545044
Vehicle_2;9151388;722;15;e;11.52899980545044
Vehicle_2;9151388;723;15;e;11.52899980545044
Vehicle_2;9151388;724;15;ede;11.52899980545044
Vehicle_2;9151388;725;15;ede;11.52899980545044
Vehicle_2;9151388;726;15;e;2.7829999923706055
Vehicle_2;9151388;727;15;e;2.7829999923706055
Vehicle_2;9151388;728;15;e;4.044000148773193
Vehicle_2;9151388;729;15;e;56.33699989318848
Vehicle_2;9151388;730;15;ed;56.33699989318848
Vehicle_2;9151388;731;15;ede;56.33699989318848
Vehicle_2;9151388;732;15;ede;56.33699989318848
Vehicle_2;9151388;733;15;ede;56.33699989318848
Vehicle_2;9151388;734;15;eded;56.33699989318848
Vehicle_2;9151388;735;15;ede;56.33699989318848
Vehicle_2;9151388;736;15;ede;56.33699989318848
Vehicle_2;9151388;737;15;e;56.33699989318848
Vehicle_2;9151388;738;15;e;56.33699989318848
Vehicle_2;9151388;739;15;e;56.33699989318848
Vehicle_2;9151388;740;15;e;56.33699989318848
Vehicle_2;9151388;741;15;e;56.33699989318848
Vehicle_2;9151388;742;15;e;56.33699989318848
Vehicle_2;9151388;743;15;e;31.230000019073486
Vehicle_2;9151388;744;15;e;31.230000019073486
Vehicle_2;9151388;745;15;e;31.230000019073486
Vehicle_2;9151388;746;15;e;31.230000019073486
Vehicle_2;9151388;747;15;e;31.230000019073486
Vehicle_2;9151388;748;15;ed;2.200000047683716
Vehicle_2;9151388;749;15;ed;2.200000047683716
Vehicle_2;9151388;750;15;ed;2.200000047683716
Vehicle_2;9151388;751;15;ed;2.200000047683716
Vehicle_2;9151388;752;15;e;3.0220000743865967
Vehicle_2;9151388;753;15;e;3.0220000743865967
Vehicle_2;9151388;754;15;e;3.0220000743865967
Vehicle_2;9151388;755;15;e;3.0220000743865967
Vehicle_2;9151388;756;15;e;3.0220000743865967
Vehicle_2;9151388;757;15;e;3.0220000743865967
Vehicle_2;9151388;758;15;e;3.0220000743865967
Vehicle_2;9151388;759;15;e;3.0220000743865967
Vehicle_2;9151388;760;15;ede;3.0220000743865967
Vehicle_2;9151388;761;15;edede;3.0220000743865967
Vehicle_2;9151388;762;15;ededede;3.0220000743865967
Vehicle_2;9151388;763;15;edede;3.0220000743865967
Vehicle_2;9151388;764;15;ede;3.0220000743865967
Vehicle_2;9151388;765;15;e;3.0220000743865967
Vehicle_2;9151388;766;15;ede;2.4130001068115234
Vehicle_2;9151388;767;15;e;1.440999984741211
Vehicle_2;9151388;768;15;e;1.440999984741211
Vehicle_2;9151388;769;15;e;1.440999984741211
Vehicle_2;9151388;770;15;e;1.440999984741211
Vehicle_2;9151388;771;15;e;1.440999984741211
Vehicle_2;9151388;772;15;eded;2.008999824523926
Vehicle_2;9151388;773;15;edede;2.008999824523926
Vehicle_2;9151388;774;15;ede;2.008999824523926
Vehicle_2;9151388;775;15;ede;2.378000020980835
Vehicle_2;9151388;776;15;ede;2.378000020980835
Vehicle_2;9151388;777;15;ede;2.378000020980835
Vehicle_2;9151388;778;15;ede;2.378000020980835
Vehicle_2;9151388;779;15;ede;2.378000020980835
Vehicle_2;9151388;780;15;ede;2.378000020980835
Vehicle_2;9151388;781;15;ede;2.378000020980835
Vehicle_2;9151388;782;15;ede;2.378000020980835
Vehicle_2;9151388;783;15;ed;2.378000020980835
Vehicle_2;9151388;784;15;ede;2.378000020980835
Vehicle_2;9151388;785;15;ed;2.378000020980835
Vehicle_2;9151388;786;15;e;2.378000020980835
Vehicle_2;9151388;787;15;e;2.378000020980835
Vehicle_2;9151388;788;15;e;2.378000020980835
Vehicle_2;9151388;789;15;e;2.0139999389648438
Vehicle_2;9151388;790;15;ed;2.0139999389648438
Vehicle_2;9151388;791;15;ed;2.0139999389648438
Vehicle_2;9151388;792;15;ed;2.0139999389648438
Vehicle_2;9151388;793;15;ed;2.0139999389648438
Vehicle_2;9151388;794;15;e;2.0139999389648438
Vehicle_2;9151388;795;15;e;2.0139999389648438
Vehicle_2;9151388;796;15;e;2.0139999389648438
Vehicle_2;9151388;797;15;e;2.0139999389648438
Vehicle_2;9151388;798;15;e;2.0139999389648438
Vehicle_2;9151388;799;15;e;2.0139999389648438
Vehicle_2;9151388;800;15;ede;2.0139999389648438
Vehicle_2;9151388;801;15;ededede;10.004000186920166
Vehicle_2;9151388;802;15;edede;10.004000186920166
Vehicle_2;9151388;803;15;e;10.004000186920166
Vehicle_2;9151388;804;15;e;10.004000186920166
Vehicle_2;9151388;805;15;e;10.004000186920166
Vehicle_2;9151388;806;15;e;10.004000186920166
Vehicle_2;9151388;807;15;e;10.004000186920166
Vehicle_2;9151388;808;15;e;10.004000186920166
Vehicle_2;9151388;809;15;e;10.004000186920166
Vehicle_2;9151388;810;15;e;10.004000186920166
Vehicle_2;9151388;811;15;e;10.004000186920166
Vehicle_2;9151388;812;15;e;10.004000186920166
Vehicle_2;9151388;813;15;ed;10.004000186920166
Vehicle_2;9151388;814;15;ede;10.004000186920166
Vehicle_2;9151388;815;15;ed;3.450000047683716
Vehicle_2;9151388;816;15;ed;3.450000047683716
Vehicle_2;9151388;817;15;ed;3.450000047683716
Vehicle_2;9151388;818;15;ed;3.450000047683716
Vehicle_2;9151388;819;15;ed;3.450000047683716
Vehicle_2;9151388;820;15;ed;3.450000047683716
Vehicle_2;9151388;821;15;ede;3.450000047683716
Vehicle_2;9151388;822;15;eded;3.450000047683716
Vehicle_2;9151388;823;15;ed;1.2000000476837158
Vehicle_2;9151388;824;15;ede;1.2000000476837158
Vehicle_2;9151388;825;15;edede;1.2000000476837158
Vehicle_2;9151388;826;15;edede;1.2000000476837158
Vehicle_2;9151388;827;15;ede;1.2000000476837158
Vehicle_2;9151388;828;15;ede;3.2690000534057617
Vehicle_2;9151388;829;15;e;3.2690000534057617
Vehicle_2;9151388;830;15;e;3.2690000534057617
Vehicle_2;9151388;831;15;e;3.2690000534057617
Vehicle_2;9151388;832;15;e;3.2690000534057617
Vehicle_2;9151388;833;15;e;3.2690000534057617
Vehicle_2;9151388;834;15;e;3.2690000534057617
Vehicle_2;9151388;835;15;e;3.2690000534057617
Vehicle_2;9151388;836;15;ed;3.2690000534057617
Vehicle_2;9151388;837;15;ed;3.2690000534057617
Vehicle_2;9151388;838;15;ede;3.2690000534057617
Vehicle_2;9151388;839;15;ede;3.2690000534057617
Vehicle_2;9151388;840;15;eded;3.2690000534057617
Vehicle_2;9151388;841;15;eded;3.2690000534057617
Vehicle_2;9151388;842;15;eded;1.4179999828338623
Vehicle_2;9151388;843;15;ede;1.4179999828338623
Vehicle_2;9151388;844;15;ede;1.4179999828338623
Vehicle_2;9151388;845;15;ede;1.4179999828338623
Vehicle_2;9151388;846;15;ede;1.4179999828338623
Vehicle_2;9151388;847;15;ede;1.4179999828338623
Vehicle_2;9151388;848;15;edede;2.0
Vehicle_2;9151388;849;15;eded;2.0
Vehicle_2;9151388;850;15;ede;2.0
Vehicle_2;9151388;851;15;ede;2.0
Vehicle_2;9151388;852;15;e;2.0
Vehicle_2;9151388;853;15;e;2.0
Vehicle_2;9151388;854;15;e;2.0
Vehicle_2;9151388;855;15;e;2.0
Vehicle_2;9151388;856;15;e;2.0
Vehicle_2;9151388;857;15;e;2.0
Vehicle_2;9151388;858;15;e;2.0
Vehicle_2;9151388;859;15;e;2.0
Vehicle_2;9151388;860;15;e;2.0
Vehicle_2;9151388;861;15;e;2.0
Vehicle_2;9151388;862;15;e;1.2130000591278076
Vehicle_2;9151388;863;15;edede;1.2080001831054688
Vehicle_2;9151388;864;15;edede;1.2080001831054688
Vehicle_2;9151388;865;15;ededed;1.2080001831054688
Vehicle_2;9151388;866;15;ededed;1.2080001831054688
Vehicle_2;9151388;867;15;edede;1.2080001831054688
Vehicle_2;9151388;868;15;eded;1.2080001831054688
Vehicle_2;9151388;869;15;eded;1.2080001831054688
Vehicle_2;9151388;870;15;eded;1.2080001831054688
Vehicle_2;9151388;871;15;edede;1.2100000381469727
Vehicle_2;9151388;872;15;edede;1.2100000381469727
Vehicle_2;9151388;873;15;eded;1.2100000381469727
Vehicle_2;9151388;874;15;ede;1.2100000381469727
Vehicle_2;9151388;875;15;ede;1.2100000381469727
Vehicle_2;9151388;876;15;ed;1.2100000381469727
Vehicle_2;9151388;877;15;ed;1.2100000381469727
Vehicle_2;9151388;878;15;ed;1.2100000381469727
Vehicle_2;9151388;879;15;ed;1.2100000381469727
Vehicle_2;9151388;880;15;ed;1.2100000381469727
Vehicle_2;9151388;881;15;ed;1.2100000381469727
Vehicle_2;9151388;882;15;ed;1.2100000381469727
Vehicle_2;9151388;883;15;ed;1.2100000381469727
Vehicle_2;9151388;884;15;e;1.2100000381469727
Vehicle_2;9151388;885;15;e;1.2009999752044678
Vehicle_2;9151388;886;15;e;1.2009999752044678
Vehicle_2;9151388;887;15;ed;2.013000011444092
Vehicle_2;9151388;888;15;ed;2.013000011444092
Vehicle_2;9151388;889;15;ed;2.013000011444092
Vehicle_2;9151388;890;15;ed;2.013000011444092
Vehicle_2;9151388;891;15;e;2.013000011444092
Vehicle_2;9151388;892;15;e;2.013000011444092
Vehicle_2;9151388;893;15;e;2.013000011444092
Vehicle_2;9151388;894;15;ed;2.013000011444092
Vehicle_2;9151388;895;15;ed;2.013000011444092
Vehicle_2;9151388;896;15;ed;2.013000011444092
Vehicle_2;9151388;897;15;ed;2.013000011444092
Vehicle_2;9151388;898;15;ed;2.013000011444092
Vehicle_2;9151388;899;15;ed;2.013000011444092
Vehicle_2;9151388;900;15;e;2.013000011444092
Vehicle_2;9151388;901;15;ed;1.2009999752044678
Vehicle_2;9151388;902;15;ed;1.2009999752044678
Vehicle_2;9151388;903;15;ed;1.2009999752044678
Vehicle_2;9151388;904;15;ed;1.2009999752044678
Vehicle_2;9151388;905;15;ed;1.2009999752044678
Vehicle_2;9151388;906;15;ed;1.2009999752044678
Vehicle_2;9151388;907;15;e;1.2009999752044678
Vehicle_2;9151388;908;15;e;1.2009999752044678
Vehicle_2;9151388;909;15;e;1.2009999752044678
Vehicle_2;9151388;910;15;e;1.2009999752044678
Vehicle_2;9151388;911;15;ed;1.2009999752044678
Vehicle_2;9151388;912;15;ede;1.2009999752044678
Vehicle_2;9151388;913;15;edede;1.2009999752044678
Vehicle_2;9151388;914;15;ede;1.2009999752044678
Vehicle_2;9151388;915;15;ede;1.2009999752044678
Vehicle_2;9151388;916;15;edede;1.2000000476837158
Vehicle_2;9151388;917;15;ededed;1.2000000476837158
Vehicle_2;9151388;918;15;ededede;1.2000000476837158
Vehicle_2;9151388;919;15;ededede;1.2000000476837158
Vehicle_2;9151388;920;15;ededede;1.2790000438690186
Vehicle_2;9151388;921;15;edede;1.2790000438690186
Vehicle_2;9151388;922;15;ededed;1.2790000438690186
Vehicle_2;9151388;923;15;edede;1.2790000438690186
Vehicle_2;9151388;924;15;edede;1.444000005722046
Vehicle_2;9151388;925;15;ede;1.444000005722046
Vehicle_2;9151388;926;15;edede;1.444000005722046
Vehicle_2;9151388;927;15;e;1.444000005722046
Vehicle_2;9151388;928;15;e;1.444000005722046
Vehicle_2;9151388;929;15;e;1.444000005722046
Vehicle_2;9151388;930;15;e;1.444000005722046
Vehicle_2;9151388;931;15;e;1.444000005722046
Vehicle_2;9151388;932;15;e;1.444000005722046
Vehicle_2;9151388;933;15;e;2.632999897003174
Vehicle_2;9151388;934;15;e;2.632999897003174
Vehicle_2;9151388;935;15;e;2.632999897003174
Vehicle_2;9151388;936;15;ed;2.632999897003174
Vehicle_2;9151388;937;15;ed;2.632999897003174
Vehicle_2;9151388;938;15;eded;2.632999897003174
Vehicle_2;9151388;939;15;eded;2.632999897003174
Vehicle_2;9151388;940;15;ede;4.937000036239624
Vehicle_2;9151388;941;15;ed;4.937000036239624
Vehicle_2;9151388;942;15;ed;4.937000036239624
Vehicle_2;9151388;943;15;ed;4.937000036239624
Vehicle_2;9151388;944;15;ed;4.937000036239624
Vehicle_2;9151388;945;15;e;4.937000036239624
Vehicle_2;9151388;946;15;e;4.937000036239624
Vehicle_2;9151388;947;15;e;4.937000036239624
Vehicle_2;9151388;948;15;e;4.937000036239624
Vehicle_2;9151388;949;15;ed;4.937000036239624
Vehicle_2;9151388;950;15;ed;4.937000036239624
Vehicle_2;9151388;951;15;ed;4.937000036239624
Vehicle_2;9151388;952;15;ed;4.937000036239624
Vehicle_2;9151388;953;15;ed;4.937000036239624
Vehicle_2;9151388;954;15;ed;2.2300000190734863
Vehicle_2;9151388;955;15;e;2.2300000190734863
Vehicle_2;9151388;956;15;e;2.2300000190734863
Vehicle_2;9151388;957;15;e;21.53600001335144
Vehicle_2;9151388;958;15;e;21.53600001335144
Vehicle_2;9151388;959;15;e;21.53600001335144
Vehicle_2;9151388;960;15;e;21.53600001335144
Vehicle_2;9151388;961;15;ede;21.53600001335144
Vehicle_2;9151388;962;15;ede;21.53600001335144
Vehicle_2;9151388;963;15;eded;21.53600001335144
Vehicle_2;9151388;964;15;eded;21.53600001335144
Vehicle_2;9151388;965;15;ede;21.53600001335144
Vehicle_2;9151388;966;15;ede;21.53600001335144
Vehicle_2;9151388;967;15;ede;21.53600001335144
Vehicle_2;9151388;968;15;ede;21.53600001335144
Vehicle_2;9151388;969;15;ede;21.53600001335144
Vehicle_2;9151388;970;15;ede;21.53600001335144
Vehicle_2;9151388;971;15;ede;2.246000051498413
Vehicle_2;9151388;972;15;ed;2.246000051498413
Vehicle_2;9151388;973;15;ed;2.246000051498413
Vehicle_2;9151388;974;15;ed;2.246000051498413
Vehicle_2;9151388;975;15;ed;2.246000051498413
Vehicle_2;9151388;976;15;ede;2.246000051498413
Vehicle_2;9151388;977;15;ede;2.246000051498413
Vehicle_2;9151388;978;15;ede;2.246000051498413
Vehicle_2;9151388;979;15;e;2.246000051498413
Vehicle_2;9151388;980;15;e;2.246000051498413
Vehicle_2;9151388;981;15;e;2.246000051498413
Vehicle_2;9151388;982;15;ed;2.246000051498413
Vehicle_2;9151388;983;15;ed;2.246000051498413
Vehicle_2;9151388;984;15;ed;2.246000051498413
Vehicle_2;9151388;985;15;ed;1.8659999370574951
Vehicle_2;9151388;986;15;eded;1.8659999370574951
Vehicle_2;9151388;987;15;ede;1.8659999370574951
Vehicle_2;9151388;988;15;ede;1.8659999370574951
Vehicle_2;9151388;989;15;e;1.8659999370574951
Vehicle_2;9151388;990;15;e;1.8659999370574951
Vehicle_2;9151388;991;15;ede;1.8659999370574951
Vehicle_2;9151388;992;15;edede;1.8659999370574951
Vehicle_2;9151388;993;15;ededed;1.8659999370574951
Vehicle_2;9151388;994;15;ededed;1.8659999370574951
Vehicle_2;9151388;995;15;edededed;1.5090000629425049
Vehicle_2;9151388;996;15;eded;1.5090000629425049
Vehicle_2;9151388;997;15;ede;1.5090000629425049
Vehicle_2;9151388;998;15;eded;1.5090000629425049
Vehicle_2;9151388;999;15;eded;1.5090000629425049
Vehicle_2;9151388;1000;15;eded;1.5090000629425049
Vehicle_2;9151388;1001;15;eded;1.5090000629425049
Vehicle_2;9151388;1002;15;eded;1.5090000629425049
Vehicle_2;9151388;1003;15;eded;1.5090000629425049
Vehicle_2;9151388;1004;15;eded;1.5090000629425049
Vehicle_2;9151388;1005;15;ede;1.5090000629425049
Vehicle_2;9151388;1006;15;ede;1.1979999542236328
Vehicle_2;9151388;1007;15;ede;1.1979999542236328
Vehicle_2;9151388;1008;15;eded;1.1979999542236328
Vehicle_2;9151388;1009;15;ede;1.1979999542236328
Vehicle_2;9151388;1010;15;ed;1.1979999542236328
Vehicle_2;9151388;1011;15;ed;1.1979999542236328
Vehicle_2;9151388;1012;15;ed;1.2170000076293945
Vehicle_2;9151388;1013;15;ed;1.2170000076293945
Vehicle_2;9151388;1014;15;ed;1.2170000076293945
Vehicle_2;9151388;1015;15;e;1.2170000076293945
Vehicle_2;9151388;1016;15;ed;1.252000093460083
Vehicle_2;9151388;1017;15;ed;1.252000093460083
Vehicle_2;9151388;1018;15;ede;1.252000093460083
Vehicle_2;9151388;1019;15;edede;1.5130000114440918
Vehicle_2;9151388;1020;15;ede;1.5130000114440918
Vehicle_2;9151388;1021;15;ede;1.5130000114440918
Vehicle_2;9151388;1022;15;e;1.5130000114440918
Vehicle_2;9151388;1023;15;e;1.5130000114440918
Vehicle_2;9151388;1024;15;e;1.5130000114440918
Vehicle_2;9151388;1025;15;e;1.5130000114440918
Vehicle_2;9151388;1026;15;e;1.5130000114440918
Vehicle_2;9151388;1027;15;e;1.5130000114440918
Vehicle_2;9151388;1028;15;e;1.5130000114440918
Vehicle_2;9151388;1029;15;e;1.5130000114440918
Vehicle_2;9151388;1030;15;e;2.0139999389648438
Vehicle_2;9151388;1031;15;e;2.0139999389648438
Vehicle_2;9151388;1032;15;e;2.0139999389648438
Vehicle_2;9151388;1033;15;ed;12.705999851226807
Vehicle_2;9151388;1034;15;ed;12.705999851226807
Vehicle_2;9151388;1035;15;ed;12.705999851226807
Vehicle_2;9151388;1036;15;e;12.705999851226807
Vehicle_2;9151388;1037;15;e;12.705999851226807
Vehicle_2;9151388;1038;15;e;12.705999851226807
Vehicle_2;9151388;1039;15;e;12.705999851226807
Vehicle_2;9151388;1040;15;e;12.705999851226807
Vehicle_2;9151388;1041;15;e;12.705999851226807
Vehicle_2;9151388;1042;15;ed;12.705999851226807
Vehicle_2;9151388;1043;15;ed;12.705999851226807
Vehicle_2;9151388;1044;15;ed;12.705999851226807
Vehicle_2;9151388;1045;15;ed;12.705999851226807
Vehicle_2;9151388;1046;15;ede;12.705999851226807
Vehicle_2;9151388;1047;15;ed;1.4489998817443848
Vehicle_2;9151388;1048;15;ed;1.4489998817443848
Vehicle_2;9151388;1049;15;ed;1.4489998817443848
Vehicle_2;9151388;1050;15;ed;1.4489998817443848
Vehicle_2;9151388;1051;15;ed;1.1990001201629639
Vehicle_2;9151388;1052;15;ed;1.1990001201629639
Vehicle_2;9151388;1053;15;edede;1.2000000476837158
Vehicle_2;9151388;1054;15;edede;1.2000000476837158
Vehicle_2;9151388;1055;15;edede;1.444000005722046
Vehicle_2;9151388;1056;15;edede;1.444000005722046
Vehicle_2;9151388;1057;15;ede;1.444000005722046
Vehicle_2;9151388;1058;15;ede;1.444000005722046
Vehicle_2;9151388;1059;15;edede;1.444000005722046
Vehicle_2;9151388;1060;15;edede;1.444000005722046
Vehicle_2;9151388;1061;15;eded;1.444000005722046
Vehicle_2;9151388;1062;15;ede;1.5209999084472656
Vehicle_2;9151388;1063;15;ed;1.5209999084472656
Vehicle_2;9151388;1064;15;ed;1.5209999084472656
Vehicle_2;9151388;1065;15;ede;2.5759999752044678
Vehicle_2;9151388;1066;15;ede;2.5759999752044678
Vehicle_2;9151388;1067;15;edede;2.5759999752044678
Vehicle_2;9151388;1068;15;e;4.0290000438690186
Vehicle_2;9151388;1069;15;e;4.0290000438690186
Vehicle_2;9151388;1070;15;e;4.0290000438690186
Vehicle_2;9151388;1071;15;e;4.0290000438690186
Vehicle_2;9151388;1072;15;e;4.0290000438690186
Vehicle_2;9151388;1073;15;e;4.0290000438690186
Vehicle_2;9151388;1074;15;e;4.0290000438690186
Vehicle_2;9151388;1075;15;e;4.0290000438690186
Vehicle_2;9151388;1076;15;e;4.0290000438690186
Vehicle_2;9151388;1077;15;ede;4.0290000438690186
Vehicle_2;9151388;1078;15;ede;4.0290000438690186
Vehicle_2;9151388;1079;15;e;4.0290000438690186
Vehicle_2;9151388;1080;15;e;4.0290000438690186
Vehicle_2;9151388;1081;15;ed;4.0290000438690186
Vehicle_2;9151388;1082;15;edede;2.1570000648498535
Vehicle_2;9151388;1083;15;edede;2.1570000648498535
Vehicle_2;9151388;1084;15;ededed;2.1570000648498535
Vehicle_2;9151388;1085;15;ededede;2.1570000648498535
Vehicle_2;9151388;1086;15;edede;2.1570000648498535
Vehicle_2;9151388;1087;15;eded;2.1570000648498535
Vehicle_2;9151388;1088;15;edede;2.1570000648498535
Vehicle_2;9151388;1089;15;eded;2.1570000648498535
Vehicle_2;9151388;1090;15;ede;2.1570000648498535
Vehicle_2;9151388;1091;15;ede;2.1570000648498535
Vehicle_2;9151388;1092;15;e;2.1570000648498535
Vehicle_2;9151388;1093;15;e;1.1999998092651367
Vehicle_2;9151388;1094;15;e;1.9530000686645508
Vehicle_2;9151388;1095;15;e;1.9530000686645508
Vehicle_2;9151388;1096;15;e;1.9530000686645508
Vehicle_2;9151388;1097;15;e;3.4749999046325684
Vehicle_2;9151388;1098;15;e9;3.4749999046325684
Vehicle_2;9151388;1099;15;e96;6.190000057220459
Vehicle_2;9151388;1100;15;e96;6.190000057220459
Vehicle_2;9151388;1101;15;e96;6.190000057220459
Vehicle_2;9151388;1102;15;ede96;6.190000057220459
Vehicle_2;9151388;1103;15;ede96de;6.190000057220459
Vehicle_2;9151388;1104;15;e97e;6.190000057220459
Vehicle_2;9151388;1105;15;e85e;6.190000057220459
Vehicle_2;9151388;1106;15;e85e;6.190000057220459
Vehicle_2;9151388;1107;15;a5e;6.190000057220459
Vehicle_2;9151388;1108;15;a5e;6.190000057220459
Vehicle_2;9151388;1109;15;a5e;6.190000057220459
Vehicle_2;9151388;1110;15;a5ede;6.190000057220459
Vehicle_2;9151388;1111;15;a121;6.190000057220459
Vehicle_2;9151388;1112;15;ede;6.190000057220459
Vehicle_2;9151388;1113;15;eded;1.1989998817443848
Vehicle_2;9151388;1114;15;eded;1.1989998817443848
Vehicle_2;9151388;1115;15;edede;1.1989998817443848
Vehicle_2;9151388;1116;15;ede;1.1989998817443848
Vehicle_2;9151388;1117;15;e;10.722000122070312
Vehicle_2;9151388;1118;15;e;10.722000122070312
Vehicle_2;9151388;1119;15;e;10.722000122070312
Vehicle_2;9151388;1120;15;e;10.722000122070312
Vehicle_2;9151388;1121;15;e;10.722000122070312
Vehicle_2;9151388;1122;15;e;10.722000122070312
Vehicle_2;9151388;1123;15;e;10.722000122070312
Vehicle_2;9151388;1124;15;e;10.722000122070312
Vehicle_2;9151388;1125;15;e;10.722000122070312
Vehicle_2;9151388;1126;15;e;10.722000122070312
Vehicle_2;9151388;1127;15;e;10.722000122070312
Vehicle_2;9151388;1128;15;e;10.722000122070312
Vehicle_2;9151388;1129;15;e;10.722000122070312
Vehicle_2;9151388;1130;15;e;10.722000122070312
Vehicle_2;9151388;1131;15;ede;2.3010001182556152
Vehicle_2;9151388;1132;15;e;2.3010001182556152
Vehicle_2;9151388;1133;15;e;2.3010001182556152
Vehicle_2;9151388;1134;15;e;2.3010001182556152
Vehicle_2;9151388;1135;15;e;2.3010001182556152
Vehicle_2;9151388;1136;15;ede;2.3010001182556152
Vehicle_2;9151388;1137;15;ede;2.3010001182556152
Vehicle_2;9151388;1138;15;e;2.3010001182556152
Vehicle_2;9151388;1139;15;e;2.3010001182556152
Vehicle_2;9151388;1140;15;e;2.3010001182556152
Vehicle_2;9151388;1141;15;e;2.3010001182556152
Vehicle_2;9151388;1142;15;e;2.3010001182556152
Vehicle_2;9151388;1143;15;e;1.680999994277954
Vehicle_2;9151388;1144;15;e;1.680999994277954
Vehicle_2;9151388;1145;15;e;1.680999994277954
Vehicle_2;9151388;1146;15;e;1.680999994277954
Vehicle_2;9151388;1147;15;ede;1.680999994277954
Vehicle_2;9151388;1148;15;ede;1.680999994277954
Vehicle_2;9151388;1149;15;ede;1.680999994277954
Vehicle_2;9151388;1150;15;ede;1.680999994277954
Vehicle_2;9151388;1151;15;e;1.2089998722076416
Vehicle_2;9151388;1152;15;e;1.2089998722076416
Vehicle_2;9151388;1153;15;e;1.2089998722076416
Vehicle_2;9151388;1154;15;e;1.2089998722076416
Vehicle_2;9151388;1155;15;e;1.2089998722076416
Vehicle_2;9151388;1156;15;e;1.2089998722076416
Vehicle_2;9151388;1157;15;ede;1.2089998722076416
Vehicle_2;9151388;1158;15;ede;1.2089998722076416
Vehicle_2;9151388;1159;15;eded;1.2089998722076416
Vehicle_2;9151388;1160;15;ed;1.2089998722076416
Vehicle_2;9151388;1161;15;ed;1.2089998722076416
Vehicle_2;9151388;1162;15;ede;1.2089998722076416
Vehicle_2;9151388;1163;15;ede;1.2089998722076416
Vehicle_2;9151388;1164;15;ede;1.2089998722076416
Vehicle_2;9151388;1165;15;ede;1.189000129699707
Vehicle_2;9151388;1166;15;e;1.9579999446868896
Vehicle_2;9151388;1167;15;e;1.9579999446868896
Vehicle_2;9151388;1168;15;e;1.9579999446868896
Vehicle_2;9151388;1169;15;e;1.9579999446868896
Vehicle_2;9151388;1170;15;ede;1.9579999446868896
Vehicle_2;9151388;1171;15;e;1.9579999446868896
Vehicle_2;9151388;1172;15;e;1.9579999446868896
Vehicle_2;9151388;1173;15;e;1.9579999446868896
Vehicle_2;9151388;1174;15;ed;1.9579999446868896
Vehicle_2;9151388;1175;15;ede;1.9579999446868896
Vehicle_2;9151388;1176;15;ede;1.9579999446868896
Vehicle_2;9151388;1177;15;edede;1.9579999446868896
Vehicle_2;9151388;1178;15;edede;1.9579999446868896
Vehicle_2;9151388;1179;15;ede;2.8970000743865967
Vehicle_2;9151388;1180;15;eded;2.8970000743865967
Vehicle_2;9151388;1181;15;edede;2.8970000743865967
Vehicle_2;9151388;1182;15;eded;2.8970000743865967
Vehicle_2;9151388;1183;15;eded;2.8970000743865967
Vehicle_2;9151388;1184;15;ed;2.8970000743865967
Vehicle_2;9151388;1185;15;e;2.8970000743865967
Vehicle_2;9151388;1186;15;e;2.8970000743865967
Vehicle_2;9151388;1187;15;e8;2.8970000743865967
Vehicle_2;9151388;1188;15;e84;2.8970000743865967
Vehicle_2;9151388;1189;15;e84;2.8970000743865967
Vehicle_2;9151388;1190;15;e84;2.8970000743865967
Vehicle_2;9151388;1191;15;e84;2.8970000743865967
Vehicle_2;9151388;1192;15;e84;2.8970000743865967
Vehicle_2;9151388;1193;15;e84;1.3399999141693115
Vehicle_2;9151388;1194;15;e84;1.3399999141693115
Vehicle_2;9151388;1195;15;e84;1.3399999141693115
Vehicle_2;9151388;1196;15;a5ede;1.3399999141693115
Vehicle_2;9151388;1197;15;a5ede;1.3399999141693115
Vehicle_2;9151388;1198;15;a5e;1.3399999141693115
Vehicle_2;9151388;1199;15;a5e;1.3399999141693115
Vehicle_2;9151388;1200;15;121;1.3399999141693115
Vehicle_2;9151388;1201;15;ede;1.2109999656677246
Vehicle_2;9151388;1202;15;ede;1.2109999656677246
Vehicle_2;9151388;1203;15;ede;1.2109999656677246
Vehicle_2;9151388;1204;15;ede;1.2109999656677246
Vehicle_2;9151388;1205;15;ede;2.9230000972747803
Vehicle_2;9151388;1206;15;e;2.9230000972747803
Vehicle_2;9151388;1207;15;e;2.9230000972747803
Vehicle_2;9151388;1208;15;e;2.9230000972747803
Vehicle_2;9151388;1209;15;e;7.5249998569488525
Vehicle_2;9151388;1210;15;ede;7.5249998569488525
Vehicle_2;9151388;1211;15;ede;7.5249998569488525
Vehicle_2;9151388;1212;15;ede;7.5249998569488525
Vehicle_2;9151388;1213;15;ede;7.5249998569488525
Vehicle_2;9151388;1214;15;ede;7.5249998569488525
Vehicle_2;9151388;1215;15;ede;7.5249998569488525
Vehicle_2;9151388;1216;15;e;7.5249998569488525
Vehicle_2;9151388;1217;15;ede;7.5249998569488525
Vehicle_2;9151388;1218;15;ede;7.5249998569488525
Vehicle_2;9151388;1219;15;ede;7.5249998569488525
Vehicle_2;9151388;1220;15;e;7.5249998569488525
Vehicle_2;9151388;1221;15;e;7.5249998569488525
Vehicle_2;9151388;1222;15;e;7.5249998569488525
Vehicle_2;9151388;1223;15;e;1.3819999694824219
Vehicle_2;9151388;1224;15;e;1.3819999694824219
Vehicle_2;9151388;1225;15;e;1.3819999694824219
Vehicle_2;9151388;1226;15;e;1.321000099182129
Vehicle_2;9151388;1227;15;ed;1.321000099182129
Vehicle_2;9151388;1228;15;eded;1.321000099182129
Vehicle_2;9151388;1229;15;edede;1.321000099182129
Vehicle_2;9151388;1230;15;edede;1.319000005722046
Vehicle_2;9151388;1231;15;edede;1.319000005722046
Vehicle_2;9151388;1232;15;ede;1.319000005722046
Vehicle_2;9151388;1233;15;e;1.319000005722046
Vehicle_2;9151388;1234;15;e;1.6099998950958252
Vehicle_2;9151388;1235;15;e;1.6099998950958252
Vehicle_2;9151388;1236;15;e;1.6099998950958252
Vehicle_2;9151388;1237;15;e;1.6099998950958252
Vehicle_2;9151388;1238;15;e;1.6099998950958252
Vehicle_2;9151388;1239;15;e;1.6099998950958252
Vehicle_2;9151388;1240;15;e;1.6099998950958252
Vehicle_2;9151388;1241;15;ede;1.6099998950958252
Vehicle_2;9151388;1242;15;e;1.6099998950958252
Vehicle_2;9151388;1243;15;e;1.6099998950958252
Vehicle_2;9151388;1244;15;e;1.6099998950958252
Vehicle_2;9151388;1245;15;e;1.6099998950958252
Vehicle_2;9151388;1246;15;ed;1.6099998950958252
Vehicle_2;9151388;1247;15;ede;1.6099998950958252
Vehicle_2;9151388;1248;15;ed;1.6000001430511475
Vehicle_2;9151388;1249;15;ed;1.6000001430511475
Vehicle_2;9151388;1250;15;eded;1.6000001430511475
Vehicle_2;9151388;1251;15;ed;1.750999927520752
Vehicle_2;9151388;1252;15;e;1.750999927520752
Vehicle_2;9151388;1253;15;e;2.8389999866485596
Vehicle_2;9151388;1254;15;e;2.8389999866485596
Vehicle_2;9151388;1255;15;e;7.58899998664856
Vehicle_2;9151388;1256;15;e;7.58899998664856
Vehicle_2;9151388;1257;15;e;26.8989999294281
Vehicle_2;9151388;1258;15;ed;26.8989999294281
Vehicle_2;9151388;1259;15;ed;26.8989999294281
Vehicle_2;9151388;1260;15;ed;26.8989999294281
Vehicle_2;9151388;1261;15;ed;26.8989999294281
Vehicle_2;9151388;1262;15;ed;26.8989999294281
Vehicle_2;9151388;1263;15;ed;26.8989999294281
Vehicle_2;9151388;1264;15;ed;26.8989999294281
Vehicle_2;9151388;1265;15;ed;26.8989999294281
Vehicle_2;9151388;1266;15;ed;26.8989999294281
Vehicle_2;9151388;1267;15;ed;26.8989999294281
Vehicle_2;9151388;1268;15;ed;26.8989999294281
Vehicle_2;9151388;1269;15;e;26.8989999294281
Vehicle_2;9151388;1270;15;e;26.8989999294281
Vehicle_2;9151388;1271;15;e;2.634000062942505
Vehicle_2;9151388;1272;15;edede;2.634000062942505
Vehicle_2;9151388;1273;15;ede;2.634000062942505
Vehicle_2;9151388;1274;15;e;7.312000036239624
Vehicle_2;9151388;1275;15;e;7.312000036239624
Vehicle_2;9151388;1276;15;e;62.40999984741211
Vehicle_2;9151388;1277;15;e;62.40999984741211
Vehicle_2;9151388;1278;15;e;62.40999984741211
Vehicle_2;9151388;1279;15;e;62.40999984741211
Vehicle_2;9151388;1280;15;e;62.40999984741211
Vehicle_2;9151388;1281;15;e;62.40999984741211
Vehicle_2;9151388;1282;15;e;62.40999984741211
Vehicle_2;9151388;1283;15;e;62.40999984741211
Vehicle_2;9151388;1284;15;e;62.40999984741211
Vehicle_2;9151388;1285;15;e;62.40999984741211
Vehicle_2;9151388;1286;15;e;62.40999984741211
Vehicle_2;9151388;1287;15;ede;62.40999984741211
Vehicle_2;9151388;1288;15;e;62.40999984741211
Vehicle_2;9151388;1289;15;e;62.40999984741211
Vehicle_2;9151388;1290;15;e;2.240000009536743
Vehicle_2;9151388;1291;15;e;2.240000009536743
Vehicle_2;9151388;1292;15;e;2.240000009536743
Vehicle_2;9151388;1293;15;e;2.240000009536743
Vehicle_2;9151388;1294;15;e;6.884999990463257
Vehicle_2;9151388;1295;15;e;6.884999990463257
Vehicle_2;9151388;1296;15;e;6.884999990463257
Vehicle_2;9151388;1297;15;e;6.884999990463257
Vehicle_2;9151388;1298;15;e;6.884999990463257
Vehicle_2;9151388;1299;15;e;6.884999990463257
Vehicle_2;9151388;1300;15;ede;6.884999990463257
Vehicle_2;9151388;1301;15;ede;6.884999990463257
Vehicle_2;9151388;1302;15;eded;6.884999990463257
Vehicle_2;9151388;1303;15;ededede;6.884999990463257
Vehicle_2;9151388;1304;15;ede;6.884999990463257
Vehicle_2;9151388;1305;15;ede;6.884999990463257
Vehicle_2;9151388;1306;15;ede;6.884999990463257
Vehicle_2;9151388;1307;15;ede;6.884999990463257
Vehicle_2;9151388;1308;15;eded;4.5370001792907715
Vehicle_2;9151388;1309;15;eded;4.5370001792907715
Vehicle_2;9151388;1310;15;e;12.312000036239624
Vehicle_2;9151388;1311;15;e8;12.312000036239624
Vehicle_2;9151388;1312;15;e81;12.312000036239624
Vehicle_2;9151388;1313;15;e81;12.312000036239624
Vehicle_2;9151388;1314;15;e81;12.312000036239624
Vehicle_2;9151388;1315;15;e81;12.312000036239624
Vehicle_2;9151388;1316;15;e81;12.312000036239624
Vehicle_2;9151388;1317;15;e81;12.312000036239624
Vehicle_2;9151388;1318;15;e81;12.312000036239624
Vehicle_2;9151388;1319;15;e817;12.312000036239624
Vehicle_2;9151388;1320;15;e817;12.312000036239624
Vehicle_2;9151388;1321;15;e817;12.312000036239624
Vehicle_2;9151388;1322;15;b24;12.312000036239624
Vehicle_2;9151388;1323;15;b24d;12.312000036239624
Vehicle_2;9151388;1324;15;b24;6.71399998664856
Vehicle_2;9151388;1325;15;b7e8;6.71399998664856
Vehicle_2;9151388;1326;15;b24d;6.71399998664856
Vehicle_2;9151388;1327;15;e812;6.71399998664856
Vehicle_2;9151388;1328;15;e8121;6.71399998664856
Vehicle_2;9151388;1329;15;e81217;6.71399998664856
Vehicle_2;9151388;1330;15;e81217;6.71399998664856
Vehicle_2;9151388;1331;15;e817;6.71399998664856
Vehicle_2;9151388;1332;15;e817;6.71399998664856
Vehicle_2;9151388;1333;15;e817;6.71399998664856
Vehicle_2;9151388;1334;15;b24;2.937000036239624
Vehicle_2;9151388;1335;15;b24d;2.937000036239624
Vehicle_2;9151388;1336;15;b24d;2.937000036239624
Vehicle_2;9151388;1337;15;b24d;2.937000036239624
Vehicle_2;9151388;1338;15;b24d;2.937000036239624
Vehicle_2;9151388;1339;15;a481;2.937000036239624
Vehicle_2;9151388;1340;15;4817;2.937000036239624
Vehicle_2;9151388;1341;15;b24;2.937000036239624
Vehicle_2;9151388;1342;15;b24d;2.937000036239624
Vehicle_2;9151388;1343;15;e81;2.937000036239624
Vehicle_2;9151388;1344;15;e81;2.937000036239624
Vehicle_2;9151388;1345;15;e81;2.937000036239624
Vehicle_2;9151388;1346;15;e817;2.578000068664551
Vehicle_2;9151388;1347;15;e817;2.578000068664551
Vehicle_2;9151388;1348;15;b24;2.578000068664551
Vehicle_2;9151388;1349;15;b24;2.578000068664551
Vehicle_2;9151388;1350;15;b24d;2.578000068664551
Vehicle_2;9151388;1351;15;b24d;2.6570000648498535
Vehicle_2;9151388;1352;15;b24d;2.6570000648498535
Vehicle_2;9151388;1353;15;e81;2.6570000648498535
Vehicle_2;9151388;1354;15;e817;2.6570000648498535
Vehicle_2;9151388;1355;15;b24;2.6570000648498535
Vehicle_2;9151388;1356;15;b24d;2.6570000648498535
Vehicle_2;9151388;1357;15;b24d;2.6570000648498535
Vehicle_2;9151388;1358;15;b24d;2.6570000648498535
Vehicle_2;9151388;1359;15;e817;2.6570000648498535
Vehicle_2;9151388;1360;15;e817;2.6570000648498535
Vehicle_2;9151388;1361;15;e817;2.6570000648498535
Vehicle_2;9151388;1362;15;e817;2.6570000648498535
Vehicle_2;9151388;1363;15;e817e;2.6570000648498535
Vehicle_2;9151388;1364;15;b24d;2.6570000648498535
Vehicle_2;9151388;1365;15;b24d;1.7760000228881836
Vehicle_2;9151388;1366;15;b24d;2.7179999351501465
Vehicle_2;9151388;1367;15;e81;2.7179999351501465
Vehicle_2;9151388;1368;15;e81;2.7179999351501465
Vehicle_2;9151388;1369;15;b2;2.7179999351501465
Vehicle_2;9151388;1370;15;b2124;2.7179999351501465
Vehicle_2;9151388;1371;15;b2124;2.7179999351501465
Vehicle_2;9151388;1372;15;b2124;2.7179999351501465
Vehicle_2;9151388;1373;15;b24;2.7179999351501465
Vehicle_2;9151388;1374;15;b24;2.7179999351501465
Vehicle_2;9151388;1375;15;e81;2.7179999351501465
Vehicle_2;9151388;1376;15;e81;2.7179999351501465
Vehicle_2;9151388;1377;15;e81;2.7179999351501465
Vehicle_2;9151388;1378;15;db2484;2.7179999351501465
Vehicle_2;9151388;1379;15;b24;5.197999954223633
Vehicle_2;9151388;1380;15;7e8121;5.197999954223633
Vehicle_2;9151388;1381;15;e81;5.197999954223633
Vehicle_2;9151388;1382;15;e81;5.197999954223633
Vehicle_2;9151388;1383;15;e81;5.197999954223633
Vehicle_2;9151388;1384;15;e81;5.197999954223633
Vehicle_2;9151388;1385;15;e8481;5.197999954223633
Vehicle_2;9151388;1386;15;b7b2;5.197999954223633
Vehicle_2;9151388;1387;15;b2;5.197999954223633
Vehicle_2;9151388;1388;15;b2;5.197999954223633
Vehicle_2;9151388;1389;15;b21;5.197999954223633
Vehicle_2;9151388;1390;15;ed;5.197999954223633
Vehicle_2;9151388;1391;15;ed;5.197999954223633
Vehicle_2;9151388;1392;15;ed;5.197999954223633
Vehicle_2;9151388;1393;15;ed;1.4539999961853027
Vehicle_2;9151388;1394;15;ed;2.0160000324249268
Vehicle_2;9151388;1395;15;e8;2.0160000324249268
Vehicle_2;9151388;1396;15;e8;2.0160000324249268
Vehicle_2;9151388;1397;15;e8;2.0160000324249268
Vehicle_2;9151388;1398;15;e85;2.0160000324249268
Vehicle_2;9151388;1399;15;e85;2.0160000324249268
Vehicle_2;9151388;1400;15;e85;2.0160000324249268
Vehicle_2;9151388;1401;15;e817;2.0160000324249268
Vehicle_2;9151388;1402;15;e817;2.0160000324249268
Vehicle_2;9151388;1403;15;e817;2.0160000324249268
Vehicle_2;9151388;1404;15;a4d;2.0160000324249268
Vehicle_2;9151388;1405;15;a4d;2.0160000324249268
Vehicle_2;9151388;1406;15;a4d;3.327000141143799
Vehicle_2;9151388;1407;15;a4db;3.327000141143799
Vehicle_2;9151388;1408;15;a4db;3.327000141143799
Vehicle_2;9151388;1409;15;124d;3.327000141143799
Vehicle_2;9151388;1410;15;124db;3.327000141143799
Vehicle_2;9151388;1411;15;e817;3.327000141143799
Vehicle_2;9151388;1412;15;e817;3.327000141143799
Vehicle_2;9151388;1413;15;e817e;3.327000141143799
Vehicle_2;9151388;1414;15;e817ed;3.327000141143799
Vehicle_2;9151388;1415;15;e817e;3.327000141143799
Vehicle_2;9151388;1416;15;e817e;3.327000141143799
Vehicle_2;9151388;1417;15;b24d;3.327000141143799
Vehicle_2;9151388;1418;15;b24d;3.327000141143799
Vehicle_2;9151388;1419;15;b24db;3.327000141143799
Vehicle_2;9151388;1420;15;e817;1.4500000476837158
Vehicle_2;9151388;1421;15;e817e;2.5920000076293945
Vehicle_2;9151388;1422;15;b2124db;2.5920000076293945
Vehicle_2;9151388;1423;15;ede817;2.5920000076293945
Vehicle_2;9151388;1424;15;ede817;2.5920000076293945
Vehicle_2;9151388;1425;15;ede817;2.5920000076293945
Vehicle_2;9151388;1426;15;e817e;2.5920000076293945
Vehicle_2;9151388;1427;15;e817e;2.5920000076293945
Vehicle_2;9151388;1428;15;b24d;2.5920000076293945
Vehicle_2;9151388;1429;15;b24d;2.5920000076293945
Vehicle_2;9151388;1430;15;b24d;2.5920000076293945
Vehicle_2;9151388;1431;15;b24db;2.5920000076293945
Vehicle_2;9151388;1432;15;e817;2.5920000076293945
Vehicle_2;9151388;1433;15;e817e;2.5920000076293945
Vehicle_2;9151388;1434;15;b2484d;2.5920000076293945
Vehicle_2;9151388;1435;15;e84817;1.9190001487731934
Vehicle_2;9151388;1436;15;e84817;1.9190001487731934
Vehicle_2;9151388;1437;15;e84817;1.9190001487731934
Vehicle_2;9151388;1438;15;e817;1.9190001487731934
Vehicle_2;9151388;1439;15;b24;1.9190001487731934
Vehicle_2;9151388;1440;15;b24d;1.9190001487731934
Vehicle_2;9151388;1441;15;b24d;1.9190001487731934
Vehicle_2;9151388;1442;15;b24d;1.4150002002716064
Vehicle_2;9151388;1443;15;b24db;1.4769999980926514
Vehicle_2;9151388;1444;15;e817;1.4769999980926514
Vehicle_2;9151388;1445;15;e817;1.7579998970031738
Vehicle_2;9151388;1446;15;b24d;1.7579998970031738
Vehicle_2;9151388;1447;15;b24dedb;1.7579998970031738
Vehicle_2;9151388;1448;15;e81217;1.9210000038146973
Vehicle_2;9151388;1449;15;e817;1.9210000038146973
Vehicle_2;9151388;1450;15;e817;1.9210000038146973
Vehicle_2;9151388;1451;15;e817e;1.9210000038146973
Vehicle_2;9151388;1452;15;e817e;1.9210000038146973
Vehicle_2;9151388;1453;15;e817ede;1.9210000038146973
Vehicle_2;9151388;1454;15;b24d;3.928999900817871
Vehicle_2;9151388;1455;15;b24deda;3.928999900817871
Vehicle_2;9151388;1456;15;e817e8;3.928999900817871
Vehicle_2;9151388;1457;15;b24db;3.928999900817871
Vehicle_2;9151388;1458;15;b24db;3.928999900817871
Vehicle_2;9151388;1459;15;b24db;3.928999900817871
Vehicle_2;9151388;1460;15;e817e;3.928999900817871
Vehicle_2;9151388;1461;15;e817e;3.928999900817871
Vehicle_2;9151388;1462;15;e817ede;3.928999900817871
Vehicle_2;9151388;1463;15;e97e;3.928999900817871
Vehicle_2;9151388;1464;15;a4d;3.928999900817871
Vehicle_2;9151388;1465;15;a4db;3.928999900817871
Vehicle_2;9151388;1466;15;a4db2;3.928999900817871
Vehicle_2;9151388;1467;15;e81217e8;3.928999900817871
Vehicle_2;9151388;1468;15;b24db;2.7090001106262207
Vehicle_2;9151388;1469;15;e817;2.7090001106262207
Vehicle_2;9151388;1470;15;e817;2.7090001106262207
Vehicle_2;9151388;1471;15;e817e;2.7090001106262207
Vehicle_2;9151388;1472;15;e817e;2.7090001106262207
Vehicle_2;9151388;1473;15;b24d;2.7090001106262207
Vehicle_2;9151388;1474;15;b24d;2.7090001106262207
Vehicle_2;9151388;1475;15;b2484ded;2.7090001106262207
Vehicle_2;9151388;1476;15;b2484ded;2.7090001106262207
Vehicle_2;9151388;1477;15;b24db2;2.7090001106262207
Vehicle_2;9151388;1478;15;e817a4;2.7090001106262207
Vehicle_2;9151388;1479;15;b2485b;2.7309999465942383
Vehicle_2;9151388;1480;15;e817;2.7309999465942383
Vehicle_2;9151388;1481;15;e817;2.7309999465942383
Vehicle_2;9151388;1482;15;e817e;2.7309999465942383
Vehicle_2;9151388;1483;15;e817e;2.7309999465942383
Vehicle_2;9151388;1484;15;b24d;2.7309999465942383
Vehicle_2;9151388;1485;15;b24db;2.7309999465942383
Vehicle_2;9151388;1486;15;e817e8;2.7309999465942383
Vehicle_2;9151388;1487;15;a4db;2.7309999465942383
Vehicle_2;9151388;1488;15;a4db7;2.7309999465942383
Vehicle_2;9151388;1489;15;a4817e;2.7309999465942383
Vehicle_2;9151388;1490;15;5b24d;3.6459999084472656
Vehicle_2;9151388;1491;15;e817;3.6459999084472656
Vehicle_2;9151388;1492;15;e817;3.6459999084472656
Vehicle_2;9151388;1493;15;e817;3.6459999084472656
Vehicle_2;9151388;1494;15;e817;3.6459999084472656
Vehicle_2;9151388;1495;15;e817e;3.6459999084472656
Vehicle_2;9151388;1496;15;e8497b7e;3.6459999084472656
Vehicle_2;9151388;1497;15;b7a484d;3.6459999084472656
Vehicle_2;9151388;1498;15;b7a484d;3.6459999084472656
Vehicle_2;9151388;1499;15;b68481;3.6459999084472656
Vehicle_2;9151388;1500;15;b684817;3.6459999084472656
Vehicle_2;9151388;1501;15;e84817a;3.6459999084472656
Vehicle_2;9151388;1502;15;b2485;3.6459999084472656
Vehicle_2;9151388;1503;15;b2485b;3.6459999084472656
Vehicle_2;9151388;1504;15;e817;2.3959999084472656
Vehicle_2;9151388;1505;15;e817;2.3959999084472656
Vehicle_2;9151388;1506;15;e817;2.3959999084472656
Vehicle_2;9151388;1507;15;e817;2.3959999084472656
Vehicle_2;9151388;1508;15;b24d;2.3959999084472656
Vehicle_2;9151388;1509;15;b24d;2.3959999084472656
Vehicle_2;9151388;1510;15;b24d;2.3959999084472656
Vehicle_2;9151388;1511;15;b24d;2.3959999084472656
Vehicle_2;9151388;1512;15;b24db;2.3959999084472656
Vehicle_2;9151388;1513;15;a4817;2.3959999084472656
Vehicle_2;9151388;1514;15;5b24d;2.3959999084472656
Vehicle_2;9151388;1515;15;b24db;2.3959999084472656
Vehicle_2;9151388;1516;15;e817;2.3959999084472656
Vehicle_2;9151388;1517;15;e817;2.1470000743865967
Vehicle_2;9151388;1518;15;e817;2.1470000743865967
Vehicle_2;9151388;1519;15;e817e;2.1470000743865967
Vehicle_2;9151388;1520;15;e817e;2.1470000743865967
Vehicle_2;9151388;1521;15;b24de;2.1470000743865967
Vehicle_2;9151388;1522;15;e817e;2.1470000743865967
Vehicle_2;9151388;1523;15;b24d;2.1470000743865967
Vehicle_2;9151388;1524;15;b24db6;2.1470000743865967
Vehicle_2;9151388;1525;15;e817a5;2.1470000743865967
Vehicle_2;9151388;1526;15;e81217a5;2.1470000743865967
Vehicle_2;9151388;1527;15;b2484d;2.1470000743865967
Vehicle_2;9151388;1528;15;e8481;2.1470000743865967
Vehicle_2;9151388;1529;15;e84817;1.7719998359680176
Vehicle_2;9151388;1530;15;e84817;1.7719998359680176
Vehicle_2;9151388;1531;15;e84817;1.7719998359680176
Vehicle_2;9151388;1532;15;ede85a17;1.7719998359680176
Vehicle_2;9151388;1533;15;edb6924d;1.7719998359680176
Vehicle_2;9151388;1534;15;e85a17e;1.7719998359680176
Vehicle_2;9151388;1535;15;e9216d;1.7719998359680176
Vehicle_2;9151388;1536;15;e9216d;2.629999876022339
Vehicle_2;9151388;1537;15;a17e9;2.629999876022339
Vehicle_2;9151388;1538;15;eda16d;2.629999876022339
Vehicle_2;9151388;1539;15;e816de;2.629999876022339
Vehicle_2;9151388;1540;15;b24de9;2.629999876022339
Vehicle_2;9151388;1541;15;b24de9;2.629999876022339
Vehicle_2;9151388;1542;15;e8125;2.629999876022339
Vehicle_2;9151388;1543;15;e8125;2.629999876022339
Vehicle_2;9151388;1544;15;e9217e;2.629999876022339
Vehicle_2;9151388;1545;15;e9217e;2.629999876022339
Vehicle_2;9151388;1546;15;a124d;2.629999876022339
Vehicle_2;9151388;1547;15;a124db;2.629999876022339
Vehicle_2;9151388;1548;15;a124db;2.629999876022339
Vehicle_2;9151388;1549;15;a124db;2.629999876022339
Vehicle_2;9151388;1550;15;e924db;2.3930001258850098
Vehicle_2;9151388;1551;15;a17e8;2.3930001258850098
Vehicle_2;9151388;1552;15;e817e;2.3930001258850098
Vehicle_2;9151388;1553;15;e817ed;2.3930001258850098
Vehicle_2;9151388;1554;15;e817ed;3.6459999084472656
Vehicle_2;9151388;1555;15;e817ed;3.6459999084472656
Vehicle_2;9151388;1556;15;e817ede;3.6459999084472656
Vehicle_2;9151388;1557;15;b24ded;3.6459999084472656
Vehicle_2;9151388;1558;15;b24ded;3.6459999084472656
Vehicle_2;9151388;1559;15;e8121;3.6459999084472656
Vehicle_2;9151388;1560;15;e8121;3.6459999084472656
Vehicle_2;9151388;1561;15;e81217;3.6459999084472656
Vehicle_2;9151388;1562;15;b2124;3.6459999084472656
Vehicle_2;9151388;1563;15;ede81;3.6459999084472656
Vehicle_2;9151388;1564;15;ede817;3.6459999084472656
Vehicle_2;9151388;1565;15;edb24;3.6459999084472656
Vehicle_2;9151388;1566;15;e817;3.6459999084472656
Vehicle_2;9151388;1567;15;e817;3.6459999084472656
Vehicle_2;9151388;1568;15;e85;1.9260001182556152
Vehicle_2;9151388;1569;15;e817e;1.9260001182556152
Vehicle_2;9151388;1570;15;e817e;1.9260001182556152
Vehicle_2;9151388;1571;15;b24d;1.9260001182556152
Vehicle_2;9151388;1572;15;b24d;1.9260001182556152
Vehicle_2;9151388;1573;15;b24d;1.9260001182556152
Vehicle_2;9151388;1574;15;b24da;1.9260001182556152
Vehicle_2;9151388;1575;15;b24da;1.9260001182556152
Vehicle_2;9151388;1576;15;e816;1.9260001182556152
Vehicle_2;9151388;1577;15;e817;1.9260001182556152
Vehicle_2;9151388;1578;15;e84817;1.9260001182556152
Vehicle_2;9151388;1579;15;e817;1.9260001182556152
Vehicle_2;9151388;1580;15;b24;3.7330000400543213
Vehicle_2;9151388;1581;15;b24d;3.7330000400543213
Vehicle_2;9151388;1582;15;b24d;3.7330000400543213
Vehicle_2;9151388;1583;15;b24d;3.7330000400543213
Vehicle_2;9151388;1584;15;b24d;3.7330000400543213
Vehicle_2;9151388;1585;15;b24d;3.7330000400543213
Vehicle_2;9151388;1586;15;a4db;3.7330000400543213
Vehicle_2;9151388;1587;15;b24;3.7330000400543213
Vehicle_2;9151388;1588;15;b24;3.7330000400543213
Vehicle_2;9151388;1589;15;b24;3.7330000400543213
Vehicle_2;9151388;1590;15;b24;3.7330000400543213
Vehicle_2;9151388;1591;15;b24;3.7330000400543213
Vehicle_2;9151388;1592;15;b24;3.7330000400543213
Vehicle_2;9151388;1593;15;e81;3.7330000400543213
Vehicle_2;9151388;1594;15;b2;1.5360000133514404
Vehicle_2;9151388;1595;15;b2;1.5360000133514404
Vehicle_2;9151388;1596;15;b2;3.0420000553131104
Vehicle_2;9151388;1597;15;b2;3.0420000553131104
Vehicle_2;9151388;1598;15;b2;3.0420000553131104
Vehicle_2;9151388;1599;15;b2;3.0420000553131104
Vehicle_2;9151388;1600;15;e;3.0420000553131104
Vehicle_2;9151388;1601;15;ededede;3.0420000553131104
Vehicle_2;9151388;1602;15;ede;3.0420000553131104
Vehicle_2;9151388;1603;15;eded;3.0420000553131104
Vehicle_2;9151388;1604;15;ed;3.0420000553131104
Vehicle_2;9151388;1605;15;ed;3.0420000553131104
Vehicle_2;9151388;1606;15;ed;3.0420000553131104
Vehicle_2;9151388;1607;15;ed;3.0420000553131104
Vehicle_2;9151388;1608;15;e;3.0420000553131104
Vehicle_2;9151388;1609;15;e;3.0420000553131104
Vehicle_2;9151388;1610;15;e;2.236999988555908
Vehicle_2;9151388;1611;15;e;2.236999988555908
Vehicle_2;9151388;1612;15;e;2.236999988555908
Vehicle_2;9151388;1613;15;e;2.236999988555908
Vehicle_2;9151388;1614;15;ed;2.236999988555908
Vehicle_2;9151388;1615;15;ed;2.236999988555908
Vehicle_2;9151388;1616;15;ed;2.236999988555908
Vehicle_2;9151388;1617;15;ed;2.236999988555908
Vehicle_2;9151388;1618;15;e;2.236999988555908
Vehicle_2;9151388;1619;15;e;2.236999988555908
Vehicle_2;9151388;1620;15;e;2.236999988555908
Vehicle_2;9151388;1621;15;e;1.696000099182129
Vehicle_2;9151388;1622;15;e;1.696000099182129
Vehicle_2;9151388;1623;15;e;1.696000099182129
Vehicle_2;9151388;1624;15;e;1.696000099182129
Vehicle_2;9151388;1625;15;e;1.696000099182129
Vehicle_2;9151388;1626;15;ed;1.696000099182129
Vehicle_2;9151388;1627;15;ed;1.696000099182129
Vehicle_2;9151388;1628;15;ed;1.696000099182129
Vehicle_2;9151388;1629;15;ed;1.696000099182129
Vehicle_2;9151388;1630;15;ed;1.696000099182129
Vehicle_2;9151388;1631;15;ede;1.6949999332427979
Vehicle_2;9151388;1632;15;ede;1.6949999332427979
Vehicle_2;9151388;1633;15;ed;1.6949999332427979
Vehicle_2;9151388;1634;15;ede;1.6949999332427979
Vehicle_2;9151388;1635;15;ed;1.6949999332427979
Vehicle_2;9151388;1636;15;ed;1.6949999332427979
Vehicle_2;9151388;1637;15;ed;1.6949999332427979
Vehicle_2;9151388;1638;15;e;1.6949999332427979
Vehicle_2;9151388;1639;15;e;2.88100004196167
Vehicle_2;9151388;1640;15;e;2.88100004196167
Vehicle_2;9151388;1641;15;e;2.88100004196167
Vehicle_2;9151388;1642;15;e;2.88100004196167
Vehicle_2;9151388;1643;15;e;2.88100004196167
Vehicle_2;9151388;1644;15;e;2.88100004196167
Vehicle_2;9151388;1645;15;e;2.88100004196167
Vehicle_2;9151388;1646;15;e;2.88100004196167
Vehicle_2;9151388;1647;15;ede;2.88100004196167
Vehicle_2;9151388;1648;15;edede;2.88100004196167
Vehicle_2;9151388;1649;15;ede;2.88100004196167
Vehicle_2;9151388;1650;15;ede;2.88100004196167
Vehicle_2;9151388;1651;15;e;2.88100004196167
Vehicle_2;9151388;1652;15;e;2.88100004196167
Vehicle_2;9151388;1653;15;ede;2.245999813079834
Vehicle_2;9151388;1654;15;e;2.245999813079834
Vehicle_2;9151388;1655;15;e;2.245999813079834
Vehicle_2;9151388;1656;15;e;2.245999813079834
Vehicle_2;9151388;1657;15;e;2.245999813079834
Vehicle_2;9151388;1658;15;e;2.245999813079834
Vehicle_2;9151388;1659;15;e;1.7590000629425049
Vehicle_2;9151388;1660;15;e;1.7590000629425049
Vehicle_2;9151388;1661;15;e;1.7590000629425049
Vehicle_2;9151388;1662;15;e;1.7590000629425049
Vehicle_2;9151388;1663;15;e;1.7590000629425049
Vehicle_2;9151388;1664;15;e;1.7590000629425049
Vehicle_2;9151388;1665;15;e;1.7590000629425049
Vehicle_2;9151388;1666;15;e;1.7590000629425049
Vehicle_2;9151388;1667;15;e;1.7590000629425049
Vehicle_2;9151388;1668;15;e;1.7590000629425049
Vehicle_2;9151388;1669;15;e;1.7590000629425049
Vehicle_2;9151388;1670;15;e;1.7590000629425049
Vehicle_2;9151388;1671;15;e;1.7590000629425049
Vehicle_2;9151388;1672;15;ede;1.9869999885559082
Vehicle_2;9151388;1673;15;edede;1.9869999885559082
Vehicle_2;9151388;1674;15;ede;1.9869999885559082
Vehicle_2;9151388;1675;15;ede;1.9869999885559082
Vehicle_2;9151388;1676;15;e;1.9869999885559082
Vehicle_2;9151388;1677;15;e;1.9869999885559082
Vehicle_2;9151388;1678;15;e;1.9869999885559082
Vehicle_2;9151388;1679;15;ed;1.9869999885559082
Vehicle_2;9151388;1680;15;ed;3.680999994277954
Vehicle_2;9151388;1681;15;ed;3.680999994277954
Vehicle_2;9151388;1682;15;ed;3.680999994277954
Vehicle_2;9151388;1683;15;e;3.680999994277954
Vehicle_2;9151388;1684;15;e;3.680999994277954
Vehicle_2;9151388;1685;15;e;3.680999994277954
Vehicle_2;9151388;1686;15;e;3.680999994277954
Vehicle_2;9151388;1687;15;e;3.680999994277954
Vehicle_2;9151388;1688;15;e;3.680999994277954
Vehicle_2;9151388;1689;15;e;3.680999994277954
Vehicle_2;9151388;1690;15;e;3.680999994277954
Vehicle_2;9151388;1691;15;e;3.680999994277954
Vehicle_2;9151388;1692;15;e;3.680999994277954
Vehicle_2;9151388;1693;15;ed;3.680999994277954
Vehicle_2;9151388;1694;15;ed;1.5079998970031738
Vehicle_2;9151388;1695;15;ed;1.5079998970031738
Vehicle_2;9151388;1696;15;e;1.5079998970031738
Vehicle_2;9151388;1697;15;e;1.5079998970031738
Vehicle_2;9151388;1698;15;e;1.5079998970031738
Vehicle_2;9151388;1699;15;e;1.5079998970031738
Vehicle_2;9151388;1700;15;e;1.5079998970031738
Vehicle_2;9151388;1701;15;e;1.5079998970031738
Vehicle_2;9151388;1702;15;e;1.440000057220459
Vehicle_2;9151388;1703;15;e;1.440000057220459
Vehicle_2;9151388;1704;15;e;1.440000057220459
Vehicle_2;9151388;1705;15;e;1.440000057220459
Vehicle_2;9151388;1706;15;e;1.440000057220459
Vehicle_2;9151388;1707;15;e;1.440000057220459
Vehicle_2;9151388;1708;15;e;1.440000057220459
Vehicle_2;9151388;1709;15;e;2.000999927520752
Vehicle_2;9151388;1710;15;e;2.239000082015991
Vehicle_2;9151388;1711;15;e;2.239000082015991
Vehicle_2;9151388;1712;15;e;2.239000082015991
Vehicle_2;9151388;1713;15;e;2.239000082015991
Vehicle_2;9151388;1714;15;e;2.239000082015991
Vehicle_2;9151388;1715;15;e;2.239000082015991
Vehicle_2;9151388;1716;15;e;2.239000082015991
Vehicle_2;9151388;1717;15;e;2.239000082015991
Vehicle_2;9151388;1718;15;e;2.239000082015991
Vehicle_2;9151388;1719;15;e;2.239000082015991
Vehicle_2;9151388;1720;15;e;2.239000082015991
Vehicle_2;9151388;1721;15;e;2.239000082015991
Vehicle_2;9151388;1722;15;e;2.239000082015991
Vehicle_2;9151388;1723;15;ede;2.239000082015991
Vehicle_2;9151388;1724;15;e;1.2000000476837158
Vehicle_2;9151388;1725;15;e;1.2000000476837158
Vehicle_2;9151388;1726;15;e;1.2000000476837158
Vehicle_2;9151388;1727;15;e;1.2000000476837158
Vehicle_2;9151388;1728;15;e;1.2010002136230469
Vehicle_2;9151388;1729;15;e;1.2010002136230469
Vehicle_2;9151388;1730;15;e;1.2010002136230469
Vehicle_2;9151388;1731;15;ed;1.2010002136230469
Vehicle_2;9151388;1732;15;ed;1.2010002136230469
Vehicle_2;9151388;1733;15;ed;1.2010002136230469
Vehicle_2;9151388;1734;15;ed;1.440000057220459
Vehicle_2;9151388;1735;15;ed;1.440000057220459
Vehicle_2;9151388;1736;15;e;1.440000057220459
Vehicle_2;9151388;1737;15;e;1.440000057220459
Vehicle_2;9151388;1738;15;e;1.440000057220459
Vehicle_2;9151388;1739;15;e;1.440000057220459
Vehicle_2;9151388;1740;15;e;1.440000057220459
Vehicle_2;9151388;1741;15;ede;1.440000057220459
Vehicle_2;9151388;1742;15;ede;1.440000057220459
Vehicle_2;9151388;1743;15;ede;1.440000057220459
Vehicle_2;9151388;1744;15;ede;1.6740000247955322
Vehicle_2;9151388;1745;15;ede;1.6740000247955322
Vehicle_2;9151388;1746;15;e;1.6740000247955322
Vehicle_2;9151388;1747;15;e;1.6740000247955322
Vehicle_2;9151388;1748;15;e;1.6740000247955322
Vehicle_2;9151388;1749;15;e;1.6740000247955322
Vehicle_2;9151388;1750;15;e;1.6740000247955322
Vehicle_2;9151388;1751;15;edede;1.6740000247955322
Vehicle_2;9151388;1752;15;edede;1.6740000247955322
Vehicle_2;9151388;1753;15;edede;1.6740000247955322
Vehicle_2;9151388;1754;15;edede;1.6740000247955322
Vehicle_2;9151388;1755;15;ede;1.6740000247955322
Vehicle_2;9151388;1756;15;edede;1.6740000247955322
Vehicle_2;9151388;1757;15;ede;1.6740000247955322
Vehicle_2;9151388;1758;15;e;1.2020001411437988
Vehicle_2;9151388;1759;15;e;1.2020001411437988
Vehicle_2;9151388;1760;15;e;1.2020001411437988
Vehicle_2;9151388;1761;15;ed;1.2020001411437988
Vehicle_2;9151388;1762;15;eded;1.1989998817443848
Vehicle_2;9151388;1763;15;edede;1.1989998817443848
Vehicle_2;9151388;1764;15;edede;1.1989998817443848
Vehicle_2;9151388;1765;15;edede;1.2790000438690186
Vehicle_2;9151388;1766;15;edededed;1.2790000438690186
Vehicle_2;9151388;1767;15;edede;1.7770001888275146
Vehicle_2;9151388;1768;15;edede;1.7770001888275146
Vehicle_2;9151388;1769;15;edede;1.7770001888275146
Vehicle_2;9151388;1770;15;ededed;1.7770001888275146
Vehicle_2;9151388;1771;15;ededed;1.7770001888275146
Vehicle_2;9151388;1772;15;edededed;1.7770001888275146
Vehicle_2;9151388;1773;15;edededed;1.7770001888275146
Vehicle_2;9151388;1774;15;ededede;1.7770001888275146
Vehicle_2;9151388;1775;15;e;1.7770001888275146
Vehicle_2;9151388;1776;15;e;1.9579999446868896
Vehicle_2;9151388;1777;15;e;1.9579999446868896
Vehicle_2;9151388;1778;15;ed;1.9579999446868896
Vehicle_2;9151388;1779;15;ed;1.9579999446868896
Vehicle_2;9151388;1780;15;eded;2.059999942779541
Vehicle_2;9151388;1781;15;ed;2.059999942779541
Vehicle_2;9151388;1782;15;ed;2.059999942779541
Vehicle_2;9151388;1783;15;ed;2.059999942779541
Vehicle_2;9151388;1784;15;e;2.059999942779541
Vehicle_2;9151388;1785;15;e;2.059999942779541
Vehicle_2;9151388;1786;15;e;2.059999942779541
Vehicle_2;9151388;1787;15;ede;2.059999942779541
Vehicle_2;9151388;1788;15;e;2.059999942779541
Vehicle_2;9151388;1789;15;e;2.059999942779541
Vehicle_2;9151388;1790;15;e;2.059999942779541
Vehicle_2;9151388;1791;15;e;2.059999942779541
Vehicle_2;9151388;1792;15;ede;4.769999980926514
Vehicle_2;9151388;1793;15;e;4.769999980926514
Vehicle_2;9151388;1794;15;e;4.769999980926514
Vehicle_2;9151388;1795;15;e;4.769999980926514
Vehicle_2;9151388;1796;15;ede;4.769999980926514
Vehicle_2;9151388;1797;15;e;4.769999980926514
Vehicle_2;9151388;1798;15;e;4.769999980926514
Vehicle_2;9151388;1799;15;e;4.769999980926514
Vehicle_2;9151388;1800;15;e;4.769999980926514
Vehicle_2;9151388;1801;15;e;4.769999980926514
Vehicle_2;9151388;1802;15;e;4.769999980926514
Vehicle_2;9151388;1803;15;e;4.769999980926514
Vehicle_2;9151388;1804;15;e;4.769999980926514
Vehicle_2;9151388;1805;15;ede;4.769999980926514
Vehicle_2;9151388;1806;15;ede;1.3480000495910645
Vehicle_2;9151388;1807;15;ede;1.3480000495910645
Vehicle_2;9151388;1808;15;edede;1.3480000495910645
Vehicle_2;9151388;1809;15;ededed;1.3480000495910645
Vehicle_2;9151388;1810;15;ededed;1.3480000495910645
Vehicle_2;9151388;1811;15;eded;1.9859998226165771
Vehicle_2;9151388;1812;15;ede;1.9859998226165771
Vehicle_2;9151388;1813;15;ede;1.9859998226165771
Vehicle_2;9151388;1814;15;ede;1.9859998226165771
Vehicle_2;9151388;1815;15;e;1.9859998226165771
Vehicle_2;9151388;1816;15;e;1.9859998226165771
Vehicle_2;9151388;1817;15;e;1.9859998226165771
Vehicle_2;9151388;1818;15;e;1.9859998226165771
Vehicle_2;9151388;1819;15;e;1.9859998226165771
Vehicle_2;9151388;1820;15;ede;1.9859998226165771
Vehicle_2;9151388;1821;15;edede;1.9859998226165771
Vehicle_2;9151388;1822;15;ede;1.9859998226165771
Vehicle_2;9151388;1823;15;e;1.9859998226165771
Vehicle_2;9151388;1824;15;e;1.9859998226165771
Vehicle_2;9151388;1825;15;e;1.6080000400543213
Vehicle_2;9151388;1826;15;e;1.6080000400543213
Vehicle_2;9151388;1827;15;e;1.6080000400543213
Vehicle_2;9151388;1828;15;e;1.6080000400543213
Vehicle_2;9151388;1829;15;e;1.6080000400543213
Vehicle_2;9151388;1830;15;e;1.6080000400543213
Vehicle_2;9151388;1831;15;e;1.6080000400543213
Vehicle_2;9151388;1832;15;e;1.6100001335144043
Vehicle_2;9151388;1833;15;e;1.6100001335144043
Vehicle_2;9151388;1834;15;e;1.878999948501587
Vehicle_2;9151388;1835;15;e;2.2660000324249268
Vehicle_2;9151388;1836;15;e;2.2660000324249268
Vehicle_2;9151388;1837;15;e;2.2660000324249268
Vehicle_2;9151388;1838;15;e;2.2660000324249268
Vehicle_2;9151388;1839;15;e;2.2660000324249268
Vehicle_2;9151388;1840;15;e;2.2660000324249268
Vehicle_2;9151388;1841;15;e;2.2660000324249268
Vehicle_2;9151388;1842;15;e;2.2660000324249268
Vehicle_2;9151388;1843;15;ede;2.2660000324249268
Vehicle_2;9151388;1844;15;e;2.2660000324249268
Vehicle_2;9151388;1845;15;e;2.2660000324249268
Vehicle_2;9151388;1846;15;e;2.2660000324249268
Vehicle_2;9151388;1847;15;e;2.2660000324249268
Vehicle_2;9151388;1848;15;e8;2.2660000324249268
Vehicle_2;9151388;1849;15;e8;2.0839998722076416
Vehicle_2;9151388;1850;15;e8;2.0839998722076416
Vehicle_2;9151388;1851;15;e8;2.0839998722076416
Vehicle_2;9151388;1852;15;e8;3.123000144958496
Vehicle_2;9151388;1853;15;e8;3.123000144958496
Vehicle_2;9151388;1854;15;e8;3.123000144958496
Vehicle_2;9151388;1855;15;e8;3.123000144958496
Vehicle_2;9151388;1856;15;e81;3.123000144958496
Vehicle_2;9151388;1857;15;e81;3.123000144958496
Vehicle_2;9151388;1858;15;e81;3.123000144958496
Vehicle_2;9151388;1859;15;e81;3.123000144958496
Vehicle_2;9151388;1860;15;e81;3.123000144958496
Vehicle_2;9151388;1861;15;e81;3.123000144958496
Vehicle_2;9151388;1862;15;e8121;3.123000144958496
Vehicle_2;9151388;1863;15;e81;3.123000144958496
Vehicle_2;9151388;1864;15;e81;3.123000144958496
Vehicle_2;9151388;1865;15;e817;3.123000144958496
Vehicle_2;9151388;1866;15;e81;1.8570001125335693
Vehicle_2;9151388;1867;15;e81;1.8570001125335693
Vehicle_2;9151388;1868;15;b2;2.007999897003174
Vehicle_2;9151388;1869;15;b2;2.007999897003174
Vehicle_2;9151388;1870;15;b2;2.007999897003174
Vehicle_2;9151388;1871;15;b2;2.007999897003174
Vehicle_2;9151388;1872;15;b2;2.007999897003174
Vehicle_2;9151388;1873;15;b2;2.007999897003174
Vehicle_2;9151388;1874;15;b24;2.007999897003174
Vehicle_2;9151388;1875;15;b24;2.007999897003174
Vehicle_2;9151388;1876;15;b24;2.007999897003174
Vehicle_2;9151388;1877;15;e8;2.007999897003174
Vehicle_2;9151388;1878;15;e81;2.007999897003174
Vehicle_2;9151388;1879;15;e81;2.007999897003174
Vehicle_2;9151388;1880;15;e81;2.007999897003174
Vehicle_2;9151388;1881;15;e81;2.007999897003174
Vehicle_2;9151388;1882;15;e8;1.4099998474121094
Vehicle_2;9151388;1883;15;b24;1.4099998474121094
Vehicle_2;9151388;1884;15;b24;1.440999984741211
Vehicle_2;9151388;1885;15;b24;1.440999984741211
Vehicle_2;9151388;1886;15;b24;1.440999984741211
Vehicle_2;9151388;1887;15;b24;1.687000036239624
Vehicle_2;9151388;1888;15;b24;1.687000036239624
Vehicle_2;9151388;1889;15;b24d;1.687000036239624
Vehicle_2;9151388;1890;15;e812;1.687000036239624
Vehicle_2;9151388;1891;15;e8481;1.687000036239624
Vehicle_2;9151388;1892;15;e84817;1.687000036239624
Vehicle_2;9151388;1893;15;e84817;1.687000036239624
Vehicle_2;9151388;1894;15;e84817;1.687000036239624
Vehicle_2;9151388;1895;15;e84817;1.687000036239624
Vehicle_2;9151388;1896;15;e84817;1.687000036239624
Vehicle_2;9151388;1897;15;8497e;1.687000036239624
Vehicle_2;9151388;1898;15;b7a4d;1.687000036239624
Vehicle_2;9151388;1899;15;b7a4d;1.687000036239624
Vehicle_2;9151388;1900;15;b7a4d;1.687000036239624
Vehicle_2;9151388;1901;15;b7a4d;1.3300001621246338
Vehicle_2;9151388;1902;15;b6817;1.3300001621246338
Vehicle_2;9151388;1903;15;e817e;1.3300001621246338
Vehicle_2;9151388;1904;15;b24d;1.3300001621246338
Vehicle_2;9151388;1905;15;e817;1.7360000610351562
Vehicle_2;9151388;1906;15;e817;1.7360000610351562
Vehicle_2;9151388;1907;15;e817;1.7360000610351562
Vehicle_2;9151388;1908;15;e817e;1.7360000610351562
Vehicle_2;9151388;1909;15;e817e;1.7360000610351562
Vehicle_2;9151388;1910;15;b24ded;1.7360000610351562
Vehicle_2;9151388;1911;15;b24d;1.7360000610351562
Vehicle_2;9151388;1912;15;b2124d;1.7360000610351562
Vehicle_2;9151388;1913;15;b2124d;1.7360000610351562
Vehicle_2;9151388;1914;15;b24db;1.7360000610351562
Vehicle_2;9151388;1915;15;e817;1.7360000610351562
Vehicle_2;9151388;1916;15;b24;1.7360000610351562
Vehicle_2;9151388;1917;15;b24849;1.7360000610351562
Vehicle_2;9151388;1918;15;e817;1.7360000610351562
Vehicle_2;9151388;1919;15;e817;1.4720001220703125
Vehicle_2;9151388;1920;15;e817;1.4720001220703125
Vehicle_2;9151388;1921;15;e817;1.4720001220703125
Vehicle_2;9151388;1922;15;e817;1.4720001220703125
Vehicle_2;9151388;1923;15;b24d;1.4720001220703125
Vehicle_2;9151388;1924;15;b24d;1.2000000476837158
Vehicle_2;9151388;1925;15;b24d;1.2000000476837158
Vehicle_2;9151388;1926;15;b24d;1.440999984741211
Vehicle_2;9151388;1927;15;b24db;1.440999984741211
Vehicle_2;9151388;1928;15;e817;1.440999984741211
Vehicle_2;9151388;1929;15;e817;1.440999984741211
Vehicle_2;9151388;1930;15;b24db;1.440999984741211
Vehicle_2;9151388;1931;15;b24db7;1.440999984741211
Vehicle_2;9151388;1932;15;e817b7;1.440999984741211
Vehicle_2;9151388;1933;15;e817b7;1.440999984741211
Vehicle_2;9151388;1934;15;e817b7;1.4760000705718994
Vehicle_2;9151388;1935;15;e85b7e;2.7929999828338623
Vehicle_2;9151388;1936;15;e817e;2.7929999828338623
Vehicle_2;9151388;1937;15;b24d;2.7929999828338623
Vehicle_2;9151388;1938;15;b24d;2.7929999828338623
Vehicle_2;9151388;1939;15;b24db6;2.7929999828338623
Vehicle_2;9151388;1940;15;a4817b6;2.7929999828338623
Vehicle_2;9151388;1941;15;b2485b;2.7929999828338623
Vehicle_2;9151388;1942;15;b2485b;2.7929999828338623
Vehicle_2;9151388;1943;15;e8497;2.7929999828338623
Vehicle_2;9151388;1944;15;e8497;2.7929999828338623
Vehicle_2;9151388;1945;15;e8497e;2.7929999828338623
Vehicle_2;9151388;1946;15;e8497e;2.7929999828338623
Vehicle_2;9151388;1947;15;e8497e;2.7929999828338623
Vehicle_2;9151388;1948;15;e8497e;2.7929999828338623
Vehicle_2;9151388;1949;15;b6924d;1.5209999084472656
Vehicle_2;9151388;1950;15;b6924db;1.5209999084472656
Vehicle_2;9151388;1951;15;a5e817b;1.5209999084472656
Vehicle_2;9151388;1952;15;a4db;1.5209999084472656
Vehicle_2;9151388;1953;15;b24d;1.5209999084472656
Vehicle_2;9151388;1954;15;b24d;1.5209999084472656
Vehicle_2;9151388;1955;15;e817;1.5209999084472656
Vehicle_2;9151388;1956;15;e817;1.5209999084472656
Vehicle_2;9151388;1957;15;e817;1.5209999084472656
Vehicle_2;9151388;1958;15;e817;1.5209999084472656
Vehicle_2;9151388;1959;15;e817;1.5209999084472656
Vehicle_2;9151388;1960;15;b24d;1.5209999084472656
Vehicle_2;9151388;1961;15;b24db;1.5209999084472656
Vehicle_2;9151388;1962;15;b24db;1.5209999084472656
Vehicle_2;9151388;1963;15;b24db;1.3840000629425049
Vehicle_2;9151388;1964;15;b24db;1.4719998836517334
Vehicle_2;9151388;1965;15;e817;1.4719998836517334
Vehicle_2;9151388;1966;15;e817e;1.4719998836517334
Vehicle_2;9151388;1967;15;b24d;1.4719998836517334
Vehicle_2;9151388;1968;15;b24d;1.4719998836517334
Vehicle_2;9151388;1969;15;e81;1.4719998836517334
Vehicle_2;9151388;1970;15;e81;1.4719998836517334
Vehicle_2;9151388;1971;15;e8121;1.4719998836517334
Vehicle_2;9151388;1972;15;e81;1.4719998836517334
Vehicle_2;9151388;1973;15;b2;1.4719998836517334
Vehicle_2;9151388;1974;15;b2;1.4719998836517334
Vehicle_2;9151388;1975;15;b2;1.4719998836517334
Vehicle_2;9151388;1976;15;e;1.4719998836517334
Vehicle_2;9151388;1977;15;e;1.4719998836517334
Vehicle_2;9151388;1978;15;e;1.2000000476837158
Vehicle_2;9151388;1979;15;e;1.2000000476837158
Vehicle_2;9151388;1980;15;e;1.2000000476837158
Vehicle_2;9151388;1981;15;ede;1.2000000476837158
Vehicle_2;9151388;1982;15;e;1.2000000476837158
Vehicle_2;9151388;1983;15;ed;1.2750000953674316
Vehicle_2;9151388;1984;15;ed;1.2750000953674316
Vehicle_2;9151388;1985;15;eded;1.2750000953674316
Vehicle_2;9151388;1986;15;ed;1.2750000953674316
Vehicle_2;9151388;1987;15;e;1.2750000953674316
Vehicle_2;9151388;1988;15;e;1.2750000953674316
Vehicle_2;9151388;1989;15;e;1.2750000953674316
Vehicle_2;9151388;1990;15;e;1.3640000820159912
Vehicle_2;9151388;1991;15;e;1.3640000820159912
Vehicle_2;9151388;1992;15;e;1.3640000820159912
Vehicle_2;9151388;1993;15;e;1.3640000820159912
Vehicle_2;9151388;1994;15;e;1.440000057220459
Vehicle_2;9151388;1995;15;e;1.563999891281128
Vehicle_2;9151388;1996;15;e;1.563999891281128
Vehicle_2;9151388;1997;15;ede;3.234999895095825
Vehicle_2;9151388;1998;15;e;3.234999895095825
Vehicle_2;9151388;1999;15;ede;3.234999895095825
Vehicle_2;9151388;2000;15;e;3.234999895095825
Vehicle_2;9151388;2001;15;e;3.234999895095825
Vehicle_2;9151388;2002;15;e;3.234999895095825
Vehicle_2;9151388;2003;15;e;3.234999895095825
Vehicle_2;9151388;2004;15;e;3.234999895095825
Vehicle_2;9151388;2005;15;ed;3.234999895095825
Vehicle_2;9151388;2006;15;ed;3.234999895095825
Vehicle_2;9151388;2007;15;ed;3.234999895095825
Vehicle_2;9151388;2008;15;ed;3.234999895095825
Vehicle_2;9151388;2009;15;ede;6.3480000495910645
Vehicle_2;9151388;2010;15;ed;6.3480000495910645
Vehicle_2;9151388;2011;15;ed;6.3480000495910645
Vehicle_2;9151388;2012;15;ed;6.3480000495910645
Vehicle_2;9151388;2013;15;ed;6.3480000495910645
Vehicle_2;9151388;2014;15;ed;6.3480000495910645
Vehicle_2;9151388;2015;15;e;6.3480000495910645
Vehicle_2;9151388;2016;15;e8;6.3480000495910645
Vehicle_2;9151388;2017;15;e84;6.3480000495910645
Vehicle_2;9151388;2018;15;e84;6.3480000495910645
Vehicle_2;9151388;2019;15;e84;6.3480000495910645
Vehicle_2;9151388;2020;15;e84;13.190999984741211
Vehicle_2;9151388;2021;15;ede84d;13.190999984741211
Vehicle_2;9151388;2022;15;ede84d;13.190999984741211
Vehicle_2;9151388;2023;15;eda5e;13.190999984741211
Vehicle_2;9151388;2024;15;eda5e;13.190999984741211
Vehicle_2;9151388;2025;15;eda5e;13.190999984741211
Vehicle_2;9151388;2026;15;a5e;13.190999984741211
Vehicle_2;9151388;2027;15;a5e;13.190999984741211
Vehicle_2;9151388;2028;15;a5e;13.190999984741211
Vehicle_2;9151388;2029;15;12;13.190999984741211
Vehicle_2;9151388;2030;15;e;13.190999984741211
Vehicle_2;9151388;2031;15;e;13.190999984741211
Vehicle_2;9151388;2032;15;e;13.190999984741211
Vehicle_2;9151388;2033;15;e;13.190999984741211
Vehicle_2;9151388;2034;15;ed;1.2009999752044678
Vehicle_2;9151388;2035;15;e;1.2009999752044678
Vehicle_2;9151388;2036;15;e;1.2009999752044678
Vehicle_2;9151388;2037;15;e;1.2009999752044678
Vehicle_2;9151388;2038;15;e;1.2009999752044678
Vehicle_2;9151388;2039;15;ed;1.2080001831054688
Vehicle_2;9151388;2040;15;ed;1.2080001831054688
Vehicle_2;9151388;2041;15;ed;1.2080001831054688
Vehicle_2;9151388;2042;15;ed;1.2080001831054688
Vehicle_2;9151388;2043;15;ed;1.2080001831054688
Vehicle_2;9151388;2044;15;ed;1.2080001831054688
Vehicle_2;9151388;2045;15;ed;1.2080001831054688
Vehicle_2;9151388;2046;15;ed;1.2080001831054688
Vehicle_2;9151388;2047;15;e;1.2080001831054688
Vehicle_2;9151388;2048;15;e;1.2080001831054688
Vehicle_2;9151388;2049;15;ed;1.2080001831054688
Vehicle_2;9151388;2050;15;ed;1.2080001831054688
Vehicle_2;9151388;2051;15;ed;1.2080001831054688
Vehicle_2;9151388;2052;15;e;1.2080001831054688
Vehicle_2;9151388;2053;15;e;1.2059998512268066
Vehicle_2;9151388;2054;15;e;1.2059998512268066
Vehicle_2;9151388;2055;15;e;1.2059998512268066
Vehicle_2;9151388;2056;15;e;1.2059998512268066
Vehicle_2;9151388;2057;15;eded;1.2059998512268066
Vehicle_2;9151388;2058;15;edede;1.2059998512268066
Vehicle_2;9151388;2059;15;edede;1.2059998512268066
Vehicle_2;9151388;2060;15;edede;1.2059998512268066
Vehicle_2;9151388;2061;15;edede;1.2059998512268066
Vehicle_2;9151388;2062;15;edede;1.2059998512268066
Vehicle_2;9151388;2063;15;edede;1.2049999237060547
Vehicle_2;9151388;2064;15;eded;1.2049999237060547
Vehicle_2;9151388;2065;15;edede;1.2049999237060547
Vehicle_2;9151388;2066;15;edede;1.2049999237060547
Vehicle_2;9151388;2067;15;eded;1.2920000553131104
Vehicle_2;9151388;2068;15;ede;1.2920000553131104
Vehicle_2;9151388;2069;15;ed;1.2920000553131104
Vehicle_2;9151388;2070;15;ed;1.2920000553131104
Vehicle_2;9151388;2071;15;ed;1.2920000553131104
Vehicle_2;9151388;2072;15;ede;8.60099983215332
Vehicle_2;9151388;2073;15;eded;8.60099983215332
Vehicle_2;9151388;2074;15;ede;8.60099983215332
Vehicle_2;9151388;2075;15;ede;8.60099983215332
Vehicle_2;9151388;2076;15;e;12.588000059127808
Vehicle_2;9151388;2077;15;e;12.588000059127808
Vehicle_2;9151388;2078;15;e;12.588000059127808
Vehicle_2;9151388;2079;15;e;12.588000059127808
Vehicle_2;9151388;2080;15;e;12.588000059127808
Vehicle_2;9151388;2081;15;e;12.588000059127808
Vehicle_2;9151388;2082;15;e;12.588000059127808
Vehicle_2;9151388;2083;15;e;12.588000059127808
Vehicle_2;9151388;2084;15;ed;12.588000059127808
Vehicle_2;9151388;2085;15;ed;12.588000059127808
Vehicle_2;9151388;2086;15;ed;12.588000059127808
Vehicle_2;9151388;2087;15;ede;12.588000059127808
Vehicle_2;9151388;2088;15;ede;12.588000059127808
Vehicle_2;9151388;2089;15;ede;12.588000059127808
Vehicle_2;9151388;2090;15;ede;1.2969999313354492
Vehicle_2;9151388;2091;15;ede;1.2969999313354492
Vehicle_2;9151388;2092;15;ede;1.2969999313354492
Vehicle_2;9151388;2093;15;ede;1.2969999313354492
Vehicle_2;9151388;2094;15;ede;1.2969999313354492
Vehicle_2;9151388;2095;15;ede;1.2969999313354492
Vehicle_2;9151388;2096;15;eded;1.2969999313354492
Vehicle_2;9151388;2097;15;eded;1.2969999313354492
Vehicle_2;9151388;2098;15;eded;1.2969999313354492
Vehicle_2;9151388;2099;15;ede;1.2969999313354492
Vehicle_2;9151388;2100;15;ede;1.2969999313354492
Vehicle_2;9151388;2101;15;ede;1.2969999313354492
Vehicle_2;9151388;2102;15;ede;1.2969999313354492
Vehicle_2;9151388;2103;15;ede;1.2969999313354492
Vehicle_2;9151388;2104;15;ede;1.2839999198913574
Vehicle_2;9151388;2105;15;e;1.2839999198913574
Vehicle_2;9151388;2106;15;e;1.2839999198913574
Vehicle_2;9151388;2107;15;e;1.2909998893737793
Vehicle_2;9151388;2108;15;e;1.2909998893737793
Vehicle_2;9151388;2109;15;e;1.2909998893737793
Vehicle_2;9151388;2110;15;ed;1.2909998893737793
Vehicle_2;9151388;2111;15;edede;1.2909998893737793
Vehicle_2;9151388;2112;15;edede;3.5870001316070557
Vehicle_2;9151388;2113;15;edede;3.5870001316070557
Vehicle_2;9151388;2114;15;ededed;3.5870001316070557
Vehicle_2;9151388;2115;15;edede;3.5870001316070557
Vehicle_2;9151388;2116;15;edede;3.5870001316070557
Vehicle_2;9151388;2117;15;ede;3.5870001316070557
Vehicle_2;9151388;2118;15;ede;3.5870001316070557
Vehicle_2;9151388;2119;15;e;3.5870001316070557
Vehicle_2;9151388;2120;15;e;3.5870001316070557
Vehicle_2;9151388;2121;15;e;3.5870001316070557
Vehicle_2;9151388;2122;15;ed;3.5870001316070557
Vehicle_2;9151388;2123;15;ed;3.5870001316070557
Vehicle_2;9151388;2124;15;ede;3.5870001316070557
Vehicle_2;9151388;2125;15;eded;3.5870001316070557
Vehicle_2;9151388;2126;15;eded;3.0159997940063477
Vehicle_2;9151388;2127;15;ed;3.0159997940063477
Vehicle_2;9151388;2128;15;ed;3.0159997940063477
Vehicle_2;9151388;2129;15;ede;3.0159997940063477
Vehicle_2;9151388;2130;15;edede;3.0159997940063477
Vehicle_2;9151388;2131;15;ede;3.0159997940063477
Vehicle_2;9151388;2132;15;e;4.056999921798706
Vehicle_2;9151388;2133;15;e;4.056999921798706
Vehicle_2;9151388;2134;15;ed;4.056999921798706
Vehicle_2;9151388;2135;15;eded;4.056999921798706
Vehicle_2;9151388;2136;15;e;78.06199979782104
Vehicle_2;9151388;2137;15;ed;78.06199979782104
Vehicle_2;9151388;2138;15;ede;78.06199979782104
Vehicle_2;9151388;2139;15;ede;78.06199979782104
Vehicle_2;9151388;2140;15;ede;78.06199979782104
Vehicle_2;9151388;2141;15;ede;78.06199979782104
Vehicle_2;9151388;2142;15;eded;78.06199979782104
Vehicle_2;9151388;2143;15;eded;78.06199979782104
Vehicle_2;9151388;2144;15;eded;78.06199979782104
Vehicle_2;9151388;2145;15;edede;78.06199979782104
Vehicle_2;9151388;2146;15;ededed;78.06199979782104
Vehicle_2;9151388;2147;15;ededed;78.06199979782104
Vehicle_2;9151388;2148;15;ededed;78.06199979782104
Vehicle_2;9151388;2149;15;edede;78.06199979782104
Vehicle_2;9151388;2150;15;eded;15.740999937057495
Vehicle_2;9151388;2151;15;eded;15.740999937057495
Vehicle_2;9151388;2152;15;ede;15.740999937057495
Vehicle_2;9151388;2153;15;ede;10.908999919891357
Vehicle_2;9151388;2154;15;ede;10.908999919891357
Vehicle_2;9151388;2155;15;ed;10.908999919891357
Vehicle_2;9151388;2156;15;e;10.908999919891357
Vehicle_2;9151388;2157;15;e;10.908999919891357
Vehicle_2;9151388;2158;15;e;2.0930001735687256
Vehicle_2;9151388;2159;15;eded;2.0930001735687256
Vehicle_2;9151388;2160;15;eded;2.0930001735687256
Vehicle_2;9151388;2161;15;ede;2.0930001735687256
Vehicle_2;9151388;2162;15;ede;2.0930001735687256
Vehicle_2;9151388;2163;15;ede;2.0930001735687256
Vehicle_2;9151388;2164;15;ededed;2.0930001735687256
Vehicle_2;9151388;2165;15;eded;2.0930001735687256
Vehicle_2;9151388;2166;15;ede;2.0930001735687256
Vehicle_2;9151388;2167;15;ede;1.3680000305175781
Vehicle_2;9151388;2168;15;eded;1.747999906539917
Vehicle_2;9151388;2169;15;ede;1.747999906539917
Vehicle_2;9151388;2170;15;ede;1.747999906539917
Vehicle_2;9151388;2171;15;ede;1.747999906539917
Vehicle_2;9151388;2172;15;ede;1.747999906539917
Vehicle_2;9151388;2173;15;ed;1.747999906539917
Vehicle_2;9151388;2174;15;ed;1.747999906539917
Vehicle_2;9151388;2175;15;e;1.747999906539917
Vehicle_2;9151388;2176;15;e;1.747999906539917
Vehicle_2;9151388;2177;15;e;1.747999906539917
Vehicle_2;9151388;2178;15;e;2.171999931335449
Vehicle_2;9151388;2179;15;e;2.171999931335449
Vehicle_2;9151388;2180;15;ede;2.171999931335449
Vehicle_2;9151388;2181;15;ede;2.184999942779541
Vehicle_2;9151388;2182;15;e;2.184999942779541
Vehicle_2;9151388;2183;15;e;2.184999942779541
Vehicle_2;9151388;2184;15;e;6.428999900817871
Vehicle_2;9151388;2185;15;e;6.428999900817871
Vehicle_2;9151388;2186;15;ed;6.428999900817871
Vehicle_2;9151388;2187;15;ed;6.428999900817871
Vehicle_2;9151388;2188;15;ed;6.428999900817871
Vehicle_2;9151388;2189;15;ed;6.428999900817871
Vehicle_2;9151388;2190;15;ed;6.428999900817871
Vehicle_2;9151388;2191;15;ed;6.428999900817871
Vehicle_2;9151388;2192;15;ed;6.428999900817871
Vehicle_2;9151388;2193;15;e;6.428999900817871
Vehicle_2;9151388;2194;15;e;6.428999900817871
Vehicle_2;9151388;2195;15;e;6.428999900817871
Vehicle_2;9151388;2196;15;e;6.428999900817871
Vehicle_2;9151388;2197;15;e;6.428999900817871
Vehicle_2;9151388;2198;15;ede;1.374000072479248
Vehicle_2;9151388;2199;15;ede;1.374000072479248
Vehicle_2;9151388;2200;15;e;1.374000072479248
Vehicle_2;9151388;2201;15;e;1.374000072479248
Vehicle_2;9151388;2202;15;e;1.374000072479248
Vehicle_2;9151388;2203;15;e;1.374000072479248
Vehicle_2;9151388;2204;15;e;1.374000072479248
Vehicle_2;9151388;2205;15;ede;1.374000072479248
Vehicle_2;9151388;2206;15;ede;1.374000072479248
Vehicle_2;9151388;2207;15;ede;1.374000072479248
Vehicle_2;9151388;2208;15;eded;1.374000072479248
Vehicle_2;9151388;2209;15;eded;1.1990001201629639
Vehicle_2;9151388;2210;15;eded;5.020999908447266
Vehicle_2;9151388;2211;15;eded;5.020999908447266
Vehicle_2;9151388;2212;15;edede;5.020999908447266
Vehicle_2;9151388;2213;15;eded;5.020999908447266
Vehicle_2;9151388;2214;15;ede;5.020999908447266
Vehicle_2;9151388;2215;15;ede;11.940000057220459
Vehicle_2;9151388;2216;15;ede;11.940000057220459
Vehicle_2;9151388;2217;15;ed;11.940000057220459
Vehicle_2;9151388;2218;15;ede;11.940000057220459
Vehicle_2;9151388;2219;15;ed;11.940000057220459
Vehicle_2;9151388;2220;15;ed;11.940000057220459
Vehicle_2;9151388;2221;15;ed;11.940000057220459
Vehicle_2;9151388;2222;15;ed;11.940000057220459
Vehicle_2;9151388;2223;15;ed;11.940000057220459
Vehicle_2;9151388;2224;15;ed;11.940000057220459
Vehicle_2;9151388;2225;15;e;11.940000057220459
Vehicle_2;9151388;2226;15;e;11.940000057220459
Vehicle_2;9151388;2227;15;e;11.940000057220459
Vehicle_2;9151388;2228;15;e;31.29200005531311
Vehicle_2;9151388;2229;15;ed;31.29200005531311
Vehicle_2;9151388;2230;15;ed;31.29200005531311
Vehicle_2;9151388;2231;15;ed;31.29200005531311
Vehicle_2;9151388;2232;15;e;31.29200005531311
Vehicle_2;9151388;2233;15;e;31.29200005531311
Vehicle_2;9151388;2234;15;e;31.29200005531311
Vehicle_2;9151388;2235;15;e;31.29200005531311
Vehicle_2;9151388;2236;15;e;31.29200005531311
Vehicle_2;9151388;2237;15;e;31.29200005531311
Vehicle_2;9151388;2238;15;ed;31.29200005531311
Vehicle_2;9151388;2239;15;ed;31.29200005531311
Vehicle_2;9151388;2240;15;ed;31.29200005531311
Vehicle_2;9151388;2241;15;ed;31.29200005531311
Vehicle_2;9151388;2242;15;e;12.032999992370605
Vehicle_2;9151388;2243;15;e;12.032999992370605
Vehicle_2;9151388;2244;15;e;12.032999992370605
Vehicle_2;9151388;2245;15;ed;7.875
Vehicle_2;9151388;2246;15;ede;7.875
Vehicle_2;9151388;2247;15;ede;24.812999963760376
Vehicle_2;9151388;2248;15;eded;24.812999963760376
Vehicle_2;9151388;2249;15;eded;24.812999963760376
Vehicle_2;9151388;2250;15;eded;24.812999963760376
Vehicle_2;9151388;2251;15;ede;24.812999963760376
Vehicle_2;9151388;2252;15;ede;24.812999963760376
Vehicle_2;9151388;2253;15;ede;24.812999963760376
Vehicle_2;9151388;2254;15;ede;24.812999963760376
Vehicle_2;9151388;2255;15;ede;24.812999963760376
Vehicle_2;9151388;2256;15;ede;24.812999963760376
Vehicle_2;9151388;2257;15;ede;24.812999963760376
Vehicle_2;9151388;2258;15;ed;24.812999963760376
Vehicle_2;9151388;2259;15;ed;24.812999963760376
Vehicle_2;9151388;2260;15;ed;24.812999963760376
Vehicle_2;9151388;2261;15;eded;1.2650001049041748
Vehicle_2;9151388;2262;15;edede;1.2650001049041748
Vehicle_2;9151388;2263;15;e;1.2650001049041748
Vehicle_2;9151388;2264;15;e;1.2329998016357422
Vehicle_2;9151388;2265;15;e;1.2329998016357422
Vehicle_2;9151388;2266;15;e;1.2329998016357422
Vehicle_2;9151388;2267;15;e;1.2329998016357422
Vehicle_2;9151388;2268;15;e;1.446000099182129
Vehicle_2;9151388;2269;15;e;1.446000099182129
Vehicle_2;9151388;2270;15;ed;1.446000099182129
Vehicle_2;9151388;2271;15;ed;1.446000099182129
Vehicle_2;9151388;2272;15;ed;1.4549999237060547
Vehicle_2;9151388;2273;15;ed;1.4549999237060547
Vehicle_2;9151388;2274;15;e;1.870999813079834
Vehicle_2;9151388;2275;15;e;1.870999813079834
Vehicle_2;9151388;2276;15;e;1.870999813079834
Vehicle_2;9151388;2277;15;e;1.870999813079834
Vehicle_2;9151388;2278;15;ede;1.870999813079834
Vehicle_2;9151388;2279;15;e;1.870999813079834
Vehicle_2;9151388;2280;15;e;1.870999813079834
Vehicle_2;9151388;2281;15;e;1.870999813079834
Vehicle_2;9151388;2282;15;e;1.870999813079834
Vehicle_2;9151388;2283;15;e;1.870999813079834
Vehicle_2;9151388;2284;15;e;1.870999813079834
Vehicle_2;9151388;2285;15;e;1.870999813079834
Vehicle_2;9151388;2286;15;ed;1.870999813079834
Vehicle_2;9151388;2287;15;ed;1.870999813079834
Vehicle_2;9151388;2288;15;ed;1.440999984741211
Vehicle_2;9151388;2289;15;ed;1.440999984741211
Vehicle_2;9151388;2290;15;e;20.187999963760376
Vehicle_2;9151388;2291;15;e;20.187999963760376
Vehicle_2;9151388;2292;15;e;20.187999963760376
Vehicle_2;9151388;2293;15;e;20.187999963760376
Vehicle_2;9151388;2294;15;e;20.187999963760376
Vehicle_2;9151388;2295;15;ede;20.187999963760376
Vehicle_2;9151388;2296;15;eded;20.187999963760376
Vehicle_2;9151388;2297;15;eded;20.187999963760376
Vehicle_2;9151388;2298;15;eded;20.187999963760376
Vehicle_2;9151388;2299;15;eded;20.187999963760376
Vehicle_2;9151388;2300;15;eded;20.187999963760376
Vehicle_2;9151388;2301;15;ede;20.187999963760376
Vehicle_2;9151388;2302;15;ede;20.187999963760376
Vehicle_2;9151388;2303;15;ed;20.187999963760376
Vehicle_2;9151388;2304;15;e;6.0269999504089355
Vehicle_2;9151388;2305;15;e;6.0269999504089355
Vehicle_2;9151388;2306;15;eded;6.0269999504089355
Vehicle_2;9151388;2307;15;eded;6.0269999504089355
Vehicle_2;9151388;2308;15;eded;6.0269999504089355
Vehicle_2;9151388;2309;15;edede;6.0269999504089355
Vehicle_2;9151388;2310;15;edede;6.0269999504089355
Vehicle_2;9151388;2311;15;e;6.0269999504089355
Vehicle_2;9151388;2312;15;e;6.0269999504089355
Vehicle_2;9151388;2313;15;e;6.0269999504089355
Vehicle_2;9151388;2314;15;e;6.0269999504089355
Vehicle_2;9151388;2315;15;e;6.0269999504089355
Vehicle_2;9151388;2316;15;e;6.0269999504089355
Vehicle_2;9151388;2317;15;e;6.0269999504089355
Vehicle_2;9151388;2318;15;e;1.438999891281128
Vehicle_2;9151388;2319;15;e;1.438999891281128
Vehicle_2;9151388;2320;15;ed;1.438999891281128
Vehicle_2;9151388;2321;15;ede;1.438999891281128
Vehicle_2;9151388;2322;15;ede;1.438999891281128
Vehicle_2;9151388;2323;15;ede;1.4279999732971191
Vehicle_2;9151388;2324;15;eded;1.4279999732971191
Vehicle_2;9151388;2325;15;eded;1.5540001392364502
Vehicle_2;9151388;2326;15;ede;1.5540001392364502
Vehicle_2;9151388;2327;15;ede;1.5540001392364502
Vehicle_2;9151388;2328;15;ede;1.6659998893737793
Vehicle_2;9151388;2329;15;e;1.6659998893737793
Vehicle_2;9151388;2330;15;e;1.6659998893737793
Vehicle_2;9151388;2331;15;e;1.6659998893737793
Vehicle_2;9151388;2332;15;e;1.6659998893737793
Vehicle_2;9151388;2333;15;e;16.639999866485596
Vehicle_2;9151388;2334;15;e;16.639999866485596
Vehicle_2;9151388;2335;15;e;16.639999866485596
Vehicle_2;9151388;2336;15;e;16.639999866485596
Vehicle_2;9151388;2337;15;e;16.639999866485596
Vehicle_2;9151388;2338;15;e;16.639999866485596
Vehicle_2;9151388;2339;15;e;16.639999866485596
Vehicle_2;9151388;2340;15;ede;16.639999866485596
Vehicle_2;9151388;2341;15;e;16.639999866485596
Vehicle_2;9151388;2342;15;e;16.639999866485596
Vehicle_2;9151388;2343;15;e;16.639999866485596
Vehicle_2;9151388;2344;15;e;16.639999866485596
Vehicle_2;9151388;2345;15;e;16.639999866485596
Vehicle_2;9151388;2346;15;e;16.639999866485596
Vehicle_2;9151388;2347;15;e;1.2820000648498535
Vehicle_2;9151388;2348;15;e;1.2820000648498535
Vehicle_2;9151388;2349;15;ed;1.2820000648498535
Vehicle_2;9151388;2350;15;ed;1.2820000648498535
Vehicle_2;9151388;2351;15;ede;1.2820000648498535
Vehicle_2;9151388;2352;15;ede;1.2849998474121094
Vehicle_2;9151388;2353;15;ede;1.2849998474121094
Vehicle_2;9151388;2354;15;e;1.2849998474121094
Vehicle_2;9151388;2355;15;e;1.2849998474121094
Vehicle_2;9151388;2356;15;ed;1.2849998474121094
Vehicle_2;9151388;2357;15;ed;1.2849998474121094
Vehicle_2;9151388;2358;15;ed;1.2849998474121094
Vehicle_2;9151388;2359;15;ed;1.2849998474121094
Vehicle_2;9151388;2360;15;ede;1.2849998474121094
Vehicle_2;9151388;2361;15;ede;1.2849998474121094
Vehicle_2;9151388;2362;15;ede;1.2849998474121094
Vehicle_2;9151388;2363;15;ede;1.2849998474121094
Vehicle_2;9151388;2364;15;ede;1.2849998474121094
Vehicle_2;9151388;2365;15;ede;1.2849998474121094
Vehicle_2;9151388;2366;15;ed;1.2060000896453857
Vehicle_2;9151388;2367;15;e;1.2060000896453857
Vehicle_2;9151388;2368;15;e;1.2060000896453857
Vehicle_2;9151388;2369;15;e;1.2000000476837158
Vehicle_2;9151388;2370;15;e;1.2000000476837158
Vehicle_2;9151388;2371;15;e;1.2000000476837158
Vehicle_2;9151388;2372;15;e;1.2000000476837158
Vehicle_2;9151388;2373;15;e;1.2000000476837158
Vehicle_2;9151388;2374;15;e;1.2000000476837158
Vehicle_2;9151388;2375;15;ede;1.1970000267028809
Vehicle_2;9151388;2376;15;e;61.10700011253357
Vehicle_2;9151388;2377;15;e;61.10700011253357
Vehicle_2;9151388;2378;15;e;61.10700011253357
Vehicle_2;9151388;2379;15;e;61.10700011253357
Vehicle_2;9151388;2380;15;e;61.125
Vehicle_2;9151388;2381;15;ede;61.125
Vehicle_2;9151388;2382;15;ede;85.03200006484985
Vehicle_2;9151388;2383;15;eded;85.03200006484985
Vehicle_2;9151388;2384;15;eded;85.03200006484985
Vehicle_2;9151388;2385;15;eded;85.03200006484985
Vehicle_2;9151388;2386;15;eded;85.03200006484985
Vehicle_2;9151388;2387;15;eded;85.03200006484985
Vehicle_2;9151388;2388;15;eded;85.03200006484985
Vehicle_2;9151388;2389;15;ede;85.03200006484985
Vehicle_2;9151388;2390;15;eded;85.03200006484985
Vehicle_2;9151388;2391;15;eded;85.03200006484985
Vehicle_2;9151388;2392;15;ede;85.03200006484985
Vehicle_2;9151388;2393;15;ede;85.03200006484985
Vehicle_2;9151388;2394;15;ede;85.03200006484985
Vehicle_2;9151388;2395;15;ededed;85.03200006484985
Vehicle_2;9151388;2396;15;ededede;61.121999979019165
Vehicle_2;9151388;2397;15;ededede;61.121999979019165
Vehicle_2;9151388;2398;15;edede;61.121999979019165
Vehicle_2;9151388;2399;15;edede;61.121999979019165
Vehicle_2;9151388;2400;15;edede;61.121999979019165
Vehicle_2;9151388;2401;15;edede;57.04299998283386
Vehicle_2;9151388;2402;15;e;1.198000192642212
Vehicle_2;9151388;2403;15;ed;1.198000192642212
Vehicle_2;9151388;2404;15;ed;1.198000192642212
Vehicle_2;9151388;2405;15;ed;1.198000192642212
Vehicle_2;9151388;2406;15;ed;1.198000192642212
Vehicle_2;9151388;2407;15;ed;1.2000000476837158
Vehicle_2;9151388;2408;15;ed;1.2000000476837158
Vehicle_2;9151388;2409;15;ede;1.2000000476837158
Vehicle_2;9151388;2410;15;ede;1.2000000476837158
Vehicle_2;9151388;2411;15;ede;1.2000000476837158
Vehicle_2;9151388;2412;15;ed;1.2000000476837158
Vehicle_2;9151388;2413;15;ed;1.2000000476837158
Vehicle_2;9151388;2414;15;ed;1.2000000476837158
Vehicle_2;9151388;2415;15;e;1.2000000476837158
Vehicle_2;9151388;2416;15;e;1.2000000476837158
Vehicle_2;9151388;2417;15;e;1.2000000476837158
Vehicle_2;9151388;2418;15;e;1.2000000476837158
Vehicle_2;9151388;2419;15;e;1.2000000476837158
Vehicle_2;9151388;2420;15;e;1.2000000476837158
Vehicle_2;9151388;2421;15;ede;1.192000150680542
Vehicle_2;9151388;2422;15;ede;1.192000150680542
Vehicle_2;9151388;2423;15;ed;1.2000000476837158
Vehicle_2;9151388;2424;15;ed;1.2000000476837158
Vehicle_2;9151388;2425;15;ed;1.2000000476837158
Vehicle_2;9151388;2426;15;ed;1.2000000476837158
Vehicle_2;9151388;2427;15;ed;1.2000000476837158
Vehicle_2;9151388;2428;15;e;1.2000000476837158
Vehicle_2;9151388;2429;15;e;1.2000000476837158
Vehicle_2;9151388;2430;15;e;1.2000000476837158
Vehicle_2;9151388;2431;15;e;1.2000000476837158
Vehicle_2;9151388;2432;15;e;1.2000000476837158
Vehicle_2;9151388;2433;15;e;1.2000000476837158
Vehicle_2;9151388;2434;15;e;1.2000000476837158
Vehicle_2;9151388;2435;15;e;1.2000000476837158
Vehicle_2;9151388;2436;15;ede;1.2000000476837158
Vehicle_2;9151388;2437;15;ede;1.187000036239624
Vehicle_2;9151388;2438;15;ede;1.187000036239624
Vehicle_2;9151388;2439;15;eded;1.187000036239624
Vehicle_2;9151388;2440;15;eded;1.187000036239624
Vehicle_2;9151388;2441;15;ede;1.8589999675750732
Vehicle_2;9151388;2442;15;ede;1.8589999675750732
Vehicle_2;9151388;2443;15;ede;1.8589999675750732
Vehicle_2;9151388;2444;15;e;1.8589999675750732
Vehicle_2;9151388;2445;15;e;1.8589999675750732
Vehicle_2;9151388;2446;15;e;1.8589999675750732
Vehicle_2;9151388;2447;15;e;1.8589999675750732
Vehicle_2;9151388;2448;15;e;1.8589999675750732
Vehicle_2;9151388;2449;15;e;1.8589999675750732
Vehicle_2;9151388;2450;15;e;1.8589999675750732
Vehicle_2;9151388;2451;15;ede;1.8589999675750732
Vehicle_2;9151388;2452;15;ede;1.8589999675750732
Vehicle_2;9151388;2453;15;ede;1.8589999675750732
Vehicle_2;9151388;2454;15;ede;1.8589999675750732
Vehicle_2;9151388;2455;15;ede;1.184999942779541
Vehicle_2;9151388;2456;15;ede;1.184999942779541
Vehicle_2;9151388;2457;15;ede;1.184999942779541
Vehicle_2;9151388;2458;15;ede;1.184999942779541
Vehicle_2;9151388;2459;15;ed;1.0499999523162842
Vehicle_2;9151388;2460;15;e;1.0499999523162842
Vehicle_2;9151388;2461;15;e;1.190999984741211
Vehicle_2;9151388;2462;15;ede;1.190999984741211
Vehicle_2;9151388;2463;15;ede;1.190999984741211
Vehicle_2;9151388;2464;15;ede;1.190999984741211
Vehicle_2;9151388;2465;15;ede;1.190999984741211
Vehicle_2;9151388;2466;15;ede;1.190999984741211
Vehicle_2;9151388;2467;15;e;1.190999984741211
Vehicle_2;9151388;2468;15;e;1.190999984741211
Vehicle_2;9151388;2469;15;e;1.190999984741211
Vehicle_2;9151388;2470;15;e;1.190999984741211
Vehicle_2;9151388;2471;15;e;1.190999984741211
Vehicle_2;9151388;2472;15;e;1.190999984741211
Vehicle_2;9151388;2473;15;e;1.190999984741211
Vehicle_2;9151388;2474;15;ed;1.190999984741211
Vehicle_2;9151388;2475;15;ed;1.189000129699707
Vehicle_2;9151388;2476;15;ed;1.189000129699707
Vehicle_2;9151388;2477;15;ed;1.190999984741211
Vehicle_2;9151388;2478;15;e;1.190999984741211
Vehicle_2;9151388;2479;15;e;1.2009999752044678
Vehicle_2;9151388;2480;15;e;1.2009999752044678
Vehicle_2;9151388;2481;15;e;1.2009999752044678
Vehicle_2;9151388;2482;15;e;1.2009999752044678
Vehicle_2;9151388;2483;15;e;1.2009999752044678
Vehicle_2;9151388;2484;15;e;1.2009999752044678
Vehicle_2;9151388;2485;15;e;1.2009999752044678
Vehicle_2;9151388;2486;15;e;1.2009999752044678
Vehicle_2;9151388;2487;15;e;1.2070000171661377
Vehicle_2;9151388;2488;15;e;1.2070000171661377
Vehicle_2;9151388;2489;15;ede;1.2070000171661377
Vehicle_2;9151388;2490;15;e8;1.3040001392364502
Vehicle_2;9151388;2491;15;e8;1.3040001392364502
Vehicle_2;9151388;2492;15;e81;1.3040001392364502
Vehicle_2;9151388;2493;15;e81;1.3040001392364502
Vehicle_2;9151388;2494;15;e81;1.3040001392364502
Vehicle_2;9151388;2495;15;e81;1.3040001392364502
Vehicle_2;9151388;2496;15;b24;1.3040001392364502
Vehicle_2;9151388;2497;15;b24;1.3040001392364502
Vehicle_2;9151388;2498;15;b24;1.3040001392364502
Vehicle_2;9151388;2499;15;e8;1.3040001392364502
Vehicle_2;9151388;2500;15;e812;1.3040001392364502
Vehicle_2;9151388;2501;15;e812;1.3040001392364502
Vehicle_2;9151388;2502;15;b21;1.3040001392364502
Vehicle_2;9151388;2503;15;b21;1.3040001392364502
Vehicle_2;9151388;2504;15;b21;1.2880001068115234
Vehicle_2;9151388;2505;15;ed;1.2880001068115234
Vehicle_2;9151388;2506;15;ede;1.2880001068115234
Vehicle_2;9151388;2507;15;ede;1.2880001068115234
Vehicle_2;9151388;2508;15;ed;1.2880001068115234
Vehicle_2;9151388;2509;15;ede;1.2880001068115234
Vehicle_2;9151388;2510;15;ede;1.2880001068115234
Vehicle_2;9151388;2511;15;ede;1.2880001068115234
Vehicle_2;9151388;2512;15;ede;1.2880001068115234
Vehicle_2;9151388;2513;15;ede;1.2880001068115234
Vehicle_2;9151388;2514;15;ede;2.0239999294281006
Vehicle_2;9151388;2515;15;ede;2.0239999294281006
Vehicle_2;9151388;2516;15;ed;2.0239999294281006
Vehicle_2;9151388;2517;15;ed;2.0239999294281006
Vehicle_2;9151388;2518;15;ede;2.0239999294281006
Vehicle_2;9151388;2519;15;ed;2.0239999294281006
Vehicle_2;9151388;2520;15;ed;2.0239999294281006
Vehicle_2;9151388;2521;15;ede;2.0239999294281006
Vehicle_2;9151388;2522;15;ede;2.0239999294281006
Vehicle_2;9151388;2523;15;ede;2.0239999294281006
Vehicle_2;9151388;2524;15;ede;2.0239999294281006
Vehicle_2;9151388;2525;15;ede;2.0239999294281006
Vehicle_2;9151388;2526;15;e;2.0239999294281006
Vehicle_2;9151388;2527;15;e;2.0239999294281006
Vehicle_2;9151388;2528;15;e;3.8959999084472656
Vehicle_2;9151388;2529;15;e;5.490999937057495
Vehicle_2;9151388;2530;15;e;5.490999937057495
Vehicle_2;9151388;2531;15;e;5.490999937057495
Vehicle_2;9151388;2532;15;e;5.490999937057495
Vehicle_2;9151388;2533;15;ede;5.490999937057495
Vehicle_2;9151388;2534;15;e;5.490999937057495
Vehicle_2;9151388;2535;15;e;5.490999937057495
Vehicle_2;9151388;2536;15;ede;5.490999937057495
Vehicle_2;9151388;2537;15;eded;5.490999937057495
Vehicle_2;9151388;2538;15;ed;5.490999937057495
Vehicle_2;9151388;2539;15;ede;5.490999937057495
Vehicle_2;9151388;2540;15;ede;5.490999937057495
Vehicle_2;9151388;2541;15;ede;5.490999937057495
Vehicle_2;9151388;2542;15;ed;5.490999937057495
Vehicle_2;9151388;2543;15;e;5.1499998569488525
Vehicle_2;9151388;2544;15;e8;5.1499998569488525
Vehicle_2;9151388;2545;15;e8;5.1499998569488525
Vehicle_2;9151388;2546;15;e8;5.1499998569488525
Vehicle_2;9151388;2547;15;e;5.1499998569488525
Vehicle_2;9151388;2548;15;e;5.1499998569488525
Vehicle_2;9151388;2549;15;e;5.1499998569488525
Vehicle_2;9151388;2550;15;e;1.1969997882843018
Vehicle_2;9151388;2551;15;b2;1.1969997882843018
Vehicle_2;9151388;2552;15;b2;1.1969997882843018
Vehicle_2;9151388;2553;15;b2;1.1969997882843018
Vehicle_2;9151388;2554;15;ede;1.1969997882843018
Vehicle_2;9151388;2555;15;e;1.2009999752044678
Vehicle_2;9151388;2556;15;e;1.2009999752044678
Vehicle_2;9151388;2557;15;e;1.2009999752044678
Vehicle_2;9151388;2558;15;e;1.2009999752044678
Vehicle_2;9151388;2559;15;e;1.434000015258789
Vehicle_2;9151388;2560;15;e;2.0819997787475586
Vehicle_2;9151388;2561;15;e;2.0819997787475586
Vehicle_2;9151388;2562;15;e;2.0819997787475586
Vehicle_2;9151388;2563;15;e;2.0819997787475586
Vehicle_2;9151388;2564;15;e;2.0819997787475586
Vehicle_2;9151388;2565;15;e;2.0819997787475586
Vehicle_2;9151388;2566;15;e;2.0819997787475586
Vehicle_2;9151388;2567;15;e;2.0819997787475586
Vehicle_2;9151388;2568;15;ed;2.0819997787475586
Vehicle_2;9151388;2569;15;ed;2.0819997787475586
Vehicle_2;9151388;2570;15;ed;2.0819997787475586
Vehicle_2;9151388;2571;15;ed;2.0819997787475586
Vehicle_2;9151388;2572;15;ed;2.0819997787475586
Vehicle_2;9151388;2573;15;ed;2.0819997787475586
Vehicle_2;9151388;2574;15;e;1.4779999256134033
Vehicle_2;9151388;2575;15;e;1.4779999256134033
Vehicle_2;9151388;2576;15;e;1.4779999256134033
Vehicle_2;9151388;2577;15;e;1.4779999256134033
Vehicle_2;9151388;2578;15;ede;1.4779999256134033
Vehicle_2;9151388;2579;15;ede;1.4779999256134033
Vehicle_2;9151388;2580;15;ede;1.4779999256134033
Vehicle_2;9151388;2581;15;ede;1.4779999256134033
Vehicle_2;9151388;2582;15;e;1.4779999256134033
Vehicle_2;9151388;2583;15;e;1.4779999256134033
Vehicle_2;9151388;2584;15;e;1.4779999256134033
Vehicle_2;9151388;2585;15;e;1.4779999256134033
Vehicle_2;9151388;2586;15;e;1.4779999256134033
Vehicle_2;9151388;2587;15;e;1.2720000743865967
Vehicle_2;9151388;2588;15;e;1.2720000743865967
Vehicle_2;9151388;2589;15;ede;1.680999994277954
Vehicle_2;9151388;2590;15;e;1.680999994277954
Vehicle_2;9151388;2591;15;e;1.680999994277954
Vehicle_2;9151388;2592;15;e;1.680999994277954
Vehicle_2;9151388;2593;15;ed;1.680999994277954
Vehicle_2;9151388;2594;15;ed;1.680999994277954
Vehicle_2;9151388;2595;15;ed;1.680999994277954
Vehicle_2;9151388;2596;15;ed;1.680999994277954
Vehicle_2;9151388;2597;15;ed;1.680999994277954
Vehicle_2;9151388;2598;15;ed;1.680999994277954
Vehicle_2;9151388;2599;15;ed;1.680999994277954
Vehicle_2;9151388;2600;15;e;1.680999994277954
Vehicle_2;9151388;2601;15;e;1.680999994277954
Vehicle_2;9151388;2602;15;ed;1.680999994277954
Vehicle_2;9151388;2603;15;ed;1.244999885559082
Vehicle_2;9151388;2604;15;ed;1.244999885559082
Vehicle_2;9151388;2605;15;e;1.244999885559082
Vehicle_2;9151388;2606;15;e;1.244999885559082
Vehicle_2;9151388;2607;15;e;1.244999885559082
Vehicle_2;9151388;2608;15;e;1.244999885559082
Vehicle_2;9151388;2609;15;e;1.1990001201629639
Vehicle_2;9151388;2610;15;e;1.1990001201629639
Vehicle_2;9151388;2611;15;ed;1.2960000038146973
Vehicle_2;9151388;2612;15;ed;1.2960000038146973
Vehicle_2;9151388;2613;15;ed;1.2960000038146973
Vehicle_2;9151388;2614;15;ed;1.2960000038146973
Vehicle_2;9151388;2615;15;ed;1.2960000038146973
Vehicle_2;9151388;2616;15;e;1.2960000038146973
Vehicle_2;9151388;2617;15;e;1.2960000038146973
Vehicle_2;9151388;2618;15;e;1.2960000038146973
Vehicle_2;9151388;2619;15;e;1.2960000038146973
Vehicle_2;9151388;2620;15;e;1.2960000038146973
Vehicle_2;9151388;2621;15;e;1.2960000038146973
Vehicle_2;9151388;2622;15;e;1.2960000038146973
Vehicle_2;9151388;2623;15;e;1.2960000038146973
Vehicle_2;9151388;2624;15;e8;1.2960000038146973
Vehicle_2;9151388;2625;15;e8;1.2710001468658447
Vehicle_2;9151388;2626;15;e8;1.2710001468658447
Vehicle_2;9151388;2627;15;e8;1.2990000247955322
Vehicle_2;9151388;2628;15;e8;1.2990000247955322
Vehicle_2;9151388;2629;15;e8;1.2990000247955322
Vehicle_2;9151388;2630;15;e8;1.2990000247955322
Vehicle_2;9151388;2631;15;e848;1.2990000247955322
Vehicle_2;9151388;2632;15;e;1.2990000247955322
Vehicle_2;9151388;2633;15;e;1.2990000247955322
Vehicle_2;9151388;2634;15;e;1.2990000247955322
Vehicle_2;9151388;2635;15;e;1.2990000247955322
Vehicle_2;9151388;2636;15;e;1.2990000247955322
Vehicle_2;9151388;2637;15;ed;1.2990000247955322
Vehicle_2;9151388;2638;15;ed;1.2990000247955322
Vehicle_2;9151388;2639;15;ed;1.2990000247955322
Vehicle_2;9151388;2640;15;e;1.2990000247955322
Vehicle_2;9151388;2641;15;e;1.2179999351501465
Vehicle_2;9151388;2642;15;e;1.2179999351501465
Vehicle_2;9151388;2643;15;e;1.2809998989105225
Vehicle_2;9151388;2644;15;e;1.2809998989105225
Vehicle_2;9151388;2645;15;e;1.2809998989105225
Vehicle_2;9151388;2646;15;e;1.2809998989105225
Vehicle_2;9151388;2647;15;b2;1.2809998989105225
Vehicle_2;9151388;2648;15;b2;1.2809998989105225
Vehicle_2;9151388;2649;15;b2;1.2809998989105225
Vehicle_2;9151388;2650;15;b2;1.2809998989105225
Vehicle_2;9151388;2651;15;e;1.2809998989105225
Vehicle_2;9151388;2652;15;e;1.2809998989105225
Vehicle_2;9151388;2653;15;e;1.2809998989105225
Vehicle_2;9151388;2654;15;e;1.2809998989105225
Vehicle_2;9151388;2655;15;e;1.2809998989105225
Vehicle_2;9151388;2656;15;e;1.2809998989105225
Vehicle_2;9151388;2657;15;e;1.2039999961853027
Vehicle_2;9151388;2658;15;e;1.2039999961853027
Vehicle_2;9151388;2659;15;e;1.2039999961853027
Vehicle_2;9151388;2660;15;e;1.2039999961853027
Vehicle_2;9151388;2661;15;e;1.2039999961853027
Vehicle_2;9151388;2662;15;e;1.2039999961853027
Vehicle_2;9151388;2663;15;e;1.2039999961853027
Vehicle_2;9151388;2664;15;e;1.2039999961853027
Vehicle_2;9151388;2665;15;e;1.2039999961853027
Vehicle_2;9151388;2666;15;e;1.2039999961853027
Vehicle_2;9151388;2667;15;ed;1.9930000305175781
Vehicle_2;9151388;2668;15;ed;1.9930000305175781
Vehicle_2;9151388;2669;15;ed;1.9930000305175781
Vehicle_2;9151388;2670;15;e;1.9930000305175781
Vehicle_2;9151388;2671;15;e;1.9930000305175781
Vehicle_2;9151388;2672;15;e;1.9930000305175781
Vehicle_2;9151388;2673;15;e;1.9930000305175781
Vehicle_2;9151388;2674;15;e;1.9930000305175781
Vehicle_2;9151388;2675;15;e;1.9930000305175781
Vehicle_2;9151388;2676;15;e;1.9930000305175781
Vehicle_2;9151388;2677;15;e;1.9930000305175781
Vehicle_2;9151388;2678;15;e8;1.9930000305175781
Vehicle_2;9151388;2679;15;e8;1.9930000305175781
Vehicle_2;9151388;2680;15;e8;1.9930000305175781
Vehicle_2;9151388;2681;15;e84;1.627000093460083
Vehicle_2;9151388;2682;15;e;1.627000093460083
Vehicle_2;9151388;2683;15;e;1.627000093460083
Vehicle_2;9151388;2684;15;ed;1.627000093460083
Vehicle_2;9151388;2685;15;ed;1.627000093460083
Vehicle_2;9151388;2686;15;ed;1.627000093460083
Vehicle_2;9151388;2687;15;ed;1.627000093460083
Vehicle_2;9151388;2688;15;ed;1.627000093460083
Vehicle_2;9151388;2689;15;e;1.627000093460083
Vehicle_2;9151388;2690;15;e;1.627000093460083
Vehicle_2;9151388;2691;15;e;1.627000093460083
Vehicle_2;9151388;2692;15;b2;1.627000093460083
Vehicle_2;9151388;2693;15;e;1.627000093460083
Vehicle_2;9151388;2694;15;e;1.2749998569488525
Vehicle_2;9151388;2695;15;e;1.2749998569488525
Vehicle_2;9151388;2696;15;ed;1.2760000228881836
Vehicle_2;9151388;2697;15;ed;1.2760000228881836
Vehicle_2;9151388;2698;15;ed;1.2760000228881836
Vehicle_2;9151388;2699;15;ed;1.6820001602172852
Vehicle_2;9151388;2700;15;e;1.6820001602172852
Vehicle_2;9151388;2701;15;e;1.6820001602172852
Vehicle_2;9151388;2702;15;e;1.6820001602172852
Vehicle_2;9151388;2703;15;ed;1.6820001602172852
Vehicle_2;9151388;2704;15;ed;1.6820001602172852
Vehicle_2;9151388;2705;15;ed;1.6820001602172852
Vehicle_2;9151388;2706;15;ed;1.6820001602172852
Vehicle_2;9151388;2707;15;ed;1.6820001602172852
Vehicle_2;9151388;2708;15;ede;1.6820001602172852
Vehicle_2;9151388;2709;15;ed;1.6820001602172852
Vehicle_2;9151388;2710;15;ed;1.6820001602172852
Vehicle_2;9151388;2711;15;ed;1.6820001602172852
Vehicle_2;9151388;2712;15;ed;1.6820001602172852
Vehicle_2;9151388;2713;15;ed;1.2980000972747803
Vehicle_2;9151388;2714;15;ed;1.2980000972747803
Vehicle_2;9151388;2715;15;e;1.2980000972747803
Vehicle_2;9151388;2716;15;e;1.2980000972747803
Vehicle_2;9151388;2717;15;e;1.2980000972747803
Vehicle_2;9151388;2718;15;ed;1.2980000972747803
Vehicle_2;9151388;2719;15;ed;1.2980000972747803
Vehicle_2;9151388;2720;15;ed;1.2980000972747803
Vehicle_2;9151388;2721;15;ed;1.2170000076293945
Vehicle_2;9151388;2722;15;e;1.2170000076293945
Vehicle_2;9151388;2723;15;e;1.36899995803833
Vehicle_2;9151388;2724;15;e;1.36899995803833
Vehicle_2;9151388;2725;15;e;1.36899995803833
Vehicle_2;9151388;2726;15;e;1.36899995803833
Vehicle_2;9151388;2727;15;e;1.36899995803833
Vehicle_2;9151388;2728;15;e;1.36899995803833
Vehicle_2;9151388;2729;15;e;1.36899995803833
Vehicle_2;9151388;2730;15;e;1.36899995803833
Vehicle_2;9151388;2731;15;e;1.36899995803833
Vehicle_2;9151388;2732;15;ede;1.36899995803833
Vehicle_2;9151388;2733;15;e;1.36899995803833
Vehicle_2;9151388;2734;15;e;1.36899995803833
Vehicle_2;9151388;2735;15;e;1.36899995803833
Vehicle_2;9151388;2736;15;e;1.36899995803833
Vehicle_2;9151388;2737;15;ed;1.2190001010894775
Vehicle_2;9151388;2738;15;ed;1.2190001010894775
Vehicle_2;9151388;2739;15;ed;1.2190001010894775
Vehicle_2;9151388;2740;15;ed;1.2170000076293945
Vehicle_2;9151388;2741;15;e;1.2979998588562012
Vehicle_2;9151388;2742;15;e;1.2979998588562012
Vehicle_2;9151388;2743;15;e;1.2979998588562012
Vehicle_2;9151388;2744;15;e;1.2979998588562012
Vehicle_2;9151388;2745;15;e8;1.2979998588562012
Vehicle_2;9151388;2746;15;e8;1.2979998588562012
Vehicle_2;9151388;2747;15;e8;1.2979998588562012
Vehicle_2;9151388;2748;15;e8;1.2979998588562012
Vehicle_2;9151388;2749;15;e8;1.2979998588562012
Vehicle_2;9151388;2750;15;e8;1.2979998588562012
Vehicle_2;9151388;2751;15;e81;1.2979998588562012
Vehicle_2;9151388;2752;15;e8;1.2979998588562012
Vehicle_2;9151388;2753;15;e8;1.2979998588562012
Vehicle_2;9151388;2754;15;e8;1.2979998588562012
Vehicle_2;9151388;2755;15;e8;1.2160000801086426
Vehicle_2;9151388;2756;15;e84;1.2160000801086426
Vehicle_2;9151388;2757;15;b2;1.2160000801086426
Vehicle_2;9151388;2758;15;b2;1.2160000801086426
Vehicle_2;9151388;2759;15;e;1.2160000801086426
Vehicle_2;9151388;2760;15;e;1.2160000801086426
Vehicle_2;9151388;2761;15;ede;1.2160000801086426
Vehicle_2;9151388;2762;15;ede;1.2160000801086426
Vehicle_2;9151388;2763;15;ede;1.128999948501587
Vehicle_2;9151388;2764;15;ede;1.128999948501587
Vehicle_2;9151388;2765;15;ede;1.1989998817443848
Vehicle_2;9151388;2766;15;e;1.1989998817443848
Vehicle_2;9151388;2767;15;e;1.2000000476837158
Vehicle_2;9151388;2768;15;e;1.2000000476837158
Vehicle_2;9151388;2769;15;e;1.2000000476837158
Vehicle_2;9151388;2770;15;e;1.2000000476837158
Vehicle_2;9151388;2771;15;ede;1.241999864578247
Vehicle_2;9151388;2772;15;ede;1.241999864578247
Vehicle_2;9151388;2773;15;ede;1.241999864578247
Vehicle_2;9151388;2774;15;ede;1.241999864578247
Vehicle_2;9151388;2775;15;e;1.241999864578247
Vehicle_2;9151388;2776;15;e;1.241999864578247
Vehicle_2;9151388;2777;15;e;1.241999864578247
Vehicle_2;9151388;2778;15;e;2.184000015258789
Vehicle_2;9151388;2779;15;e;2.184000015258789
Vehicle_2;9151388;2780;15;e;2.184000015258789
Vehicle_2;9151388;2781;15;ed;2.184000015258789
Vehicle_2;9151388;2782;15;ed;2.184000015258789
Vehicle_2;9151388;2783;15;eded;2.184000015258789
Vehicle_2;9151388;2784;15;eded;2.184000015258789
Vehicle_2;9151388;2785;15;ede;2.184000015258789
Vehicle_2;9151388;2786;15;e;2.184000015258789
Vehicle_2;9151388;2787;15;e;2.184000015258789
Vehicle_2;9151388;2788;15;e;2.184000015258789
Vehicle_2;9151388;2789;15;e;2.184000015258789
Vehicle_2;9151388;2790;15;e;2.184000015258789
Vehicle_2;9151388;2791;15;e;2.184000015258789
Vehicle_2;9151388;2792;15;e;1.2410001754760742
Vehicle_2;9151388;2793;15;e;1.2410001754760742
Vehicle_2;9151388;2794;15;e;1.2410001754760742
Vehicle_2;9151388;2795;15;e;1.2410001754760742
Vehicle_2;9151388;2796;15;e;1.2410001754760742
Vehicle_2;9151388;2797;15;ede;1.2410001754760742
Vehicle_2;9151388;2798;15;ede;1.2410001754760742
Vehicle_2;9151388;2799;15;ede;1.2410001754760742
Vehicle_2;9151388;2800;15;ed;1.2000000476837158
Vehicle_2;9151388;2801;15;ed;1.2000000476837158
Vehicle_2;9151388;2802;15;ed;1.2689998149871826
Vehicle_2;9151388;2803;15;ed;1.2689998149871826
Vehicle_2;9151388;2804;15;ed;1.2689998149871826
Vehicle_2;9151388;2805;15;ede;1.2689998149871826
Vehicle_2;9151388;2806;15;ed;1.2689998149871826
Vehicle_2;9151388;2807;15;ed;1.2689998149871826
Vehicle_2;9151388;2808;15;ede;1.2689998149871826
Vehicle_2;9151388;2809;15;eded;1.2689998149871826
Vehicle_2;9151388;2810;15;eded;1.2689998149871826
Vehicle_2;9151388;2811;15;ede;1.2689998149871826
Vehicle_2;9151388;2812;15;ede;1.2689998149871826
Vehicle_2;9151388;2813;15;ede;1.2689998149871826
Vehicle_2;9151388;2814;15;e;1.2689998149871826
Vehicle_2;9151388;2815;15;e;1.2689998149871826
Vehicle_2;9151388;2816;15;e;1.238999843597412
Vehicle_2;9151388;2817;15;e;1.238999843597412
Vehicle_2;9151388;2818;15;e;1.2660000324249268
Vehicle_2;9151388;2819;15;e;1.2660000324249268
Vehicle_2;9151388;2820;15;e;1.2660000324249268
Vehicle_2;9151388;2821;15;e;1.2660000324249268
Vehicle_2;9151388;2822;15;e;1.2660000324249268
Vehicle_2;9151388;2823;15;e;1.2660000324249268
Vehicle_2;9151388;2824;15;e;1.2660000324249268
Vehicle_2;9151388;2825;15;e;1.2660000324249268
Vehicle_2;9151388;2826;15;e8;1.2660000324249268
Vehicle_2;9151388;2827;15;e8;1.2660000324249268
Vehicle_2;9151388;2828;15;e8;1.2660000324249268
Vehicle_2;9151388;2829;15;e8;1.2660000324249268
Vehicle_2;9151388;2830;15;e;1.2660000324249268
Vehicle_2;9151388;2831;15;b2;1.2660000324249268
Vehicle_2;9151388;2832;15;b2;1.2089998722076416
Vehicle_2;9151388;2833;15;b2;1.2089998722076416
Vehicle_2;9151388;2834;15;b2;1.2879998683929443
Vehicle_2;9151388;2835;15;b2;1.2879998683929443
Vehicle_2;9151388;2836;15;e;1.2879998683929443
Vehicle_2;9151388;2837;15;e;1.2879998683929443
Vehicle_2;9151388;2838;15;e;1.2879998683929443
Vehicle_2;9151388;2839;15;ede;1.2879998683929443
Vehicle_2;9151388;2840;15;ede;1.2879998683929443
Vehicle_2;9151388;2841;15;ede;1.2879998683929443
Vehicle_2;9151388;2842;15;edede;1.2879998683929443
Vehicle_2;9151388;2843;15;eded;1.2879998683929443
Vehicle_2;9151388;2844;15;eded;1.2879998683929443
Vehicle_2;9151388;2845;15;ede;1.2879998683929443
Vehicle_2;9151388;2846;15;ede;1.2879998683929443
Vehicle_2;9151388;2847;15;ede;1.2879998683929443
Vehicle_2;9151388;2848;15;ede;1.2019999027252197
Vehicle_2;9151388;2849;15;ededed;1.2019999027252197
Vehicle_2;9151388;2850;15;edede;1.1999998092651367
Vehicle_2;9151388;2851;15;ede;1.1999998092651367
Vehicle_2;9151388;2852;15;ede;1.2039999961853027
Vehicle_2;9151388;2853;15;edede;1.2039999961853027
Vehicle_2;9151388;2854;15;edede;1.2039999961853027
Vehicle_2;9151388;2855;15;ede;1.2039999961853027
Vehicle_2;9151388;2856;15;edede;1.2039999961853027
Vehicle_2;9151388;2857;15;edede;1.2039999961853027
Vehicle_2;9151388;2858;15;ede;1.2039999961853027
Vehicle_2;9151388;2859;15;eded;1.2039999961853027
Vehicle_2;9151388;2860;15;eded;1.2039999961853027
Vehicle_2;9151388;2861;15;eded;1.2039999961853027
Vehicle_2;9151388;2862;15;eded;1.2039999961853027
Vehicle_2;9151388;2863;15;eded;1.2039999961853027
Vehicle_2;9151388;2864;15;ede;1.2039999961853027
Vehicle_2;9151388;2865;15;ed;1.2039999961853027
Vehicle_2;9151388;2866;15;ed;1.2000000476837158
Vehicle_2;9151388;2867;15;e;1.2000000476837158
Vehicle_2;9151388;2868;15;e;1.2049999237060547
Vehicle_2;9151388;2869;15;e;1.2049999237060547
Vehicle_2;9151388;2870;15;e;1.2049999237060547
Vehicle_2;9151388;2871;15;e;1.2049999237060547
Vehicle_2;9151388;2872;15;e;1.2049999237060547
Vehicle_2;9151388;2873;15;e;1.2049999237060547
Vehicle_2;9151388;2874;15;e;1.2049999237060547
Vehicle_2;9151388;2875;15;e;1.2049999237060547
Vehicle_2;9151388;2876;15;e;1.2049999237060547
Vehicle_2;9151388;2877;15;e;1.2049999237060547
Vehicle_2;9151388;2878;15;e;1.2049999237060547
Vehicle_2;9151388;2879;15;ede;1.2049999237060547
Vehicle_2;9151388;2880;15;ede;1.2049999237060547
Vehicle_2;9151388;2881;15;eded;1.2049999237060547
Vehicle_2;9151388;2882;15;eded;2.571000099182129
Vehicle_2;9151388;2883;15;ede;2.571000099182129
Vehicle_2;9151388;2884;15;eded;2.571000099182129
Vehicle_2;9151388;2885;15;eded;2.571000099182129
Vehicle_2;9151388;2886;15;eded;2.571000099182129
Vehicle_2;9151388;2887;15;ede;2.571000099182129
Vehicle_2;9151388;2888;15;ede;2.571000099182129
Vehicle_2;9151388;2889;15;e;2.571000099182129
Vehicle_2;9151388;2890;15;e;2.571000099182129
Vehicle_2;9151388;2891;15;e;2.571000099182129
Vehicle_2;9151388;2892;15;e;2.571000099182129
Vehicle_2;9151388;2893;15;ede;2.571000099182129
Vehicle_2;9151388;2894;15;ede;2.571000099182129
Vehicle_2;9151388;2895;15;ede;2.571000099182129
Vehicle_2;9151388;2896;15;edede;1.2030000686645508
Vehicle_2;9151388;2897;15;eded;1.2030000686645508
Vehicle_2;9151388;2898;15;eded;1.2030000686645508
Vehicle_2;9151388;2899;15;eded;1.2030000686645508
Vehicle_2;9151388;2900;15;edede;1.2030000686645508
Vehicle_2;9151388;2901;15;edede;1.2030000686645508
Vehicle_2;9151388;2902;15;edede;1.2030000686645508
Vehicle_2;9151388;2903;15;edede;1.2030000686645508
Vehicle_2;9151388;2904;15;eded;1.2030000686645508
Vehicle_2;9151388;2905;15;eded;1.2030000686645508
Vehicle_2;9151388;2906;15;eded;1.2030000686645508
Vehicle_2;9151388;2907;15;eded;1.2030000686645508
Vehicle_2;9151388;2908;15;ede;1.2000000476837158
Vehicle_2;9151388;2909;15;ede;1.2000000476837158
Vehicle_2;9151388;2910;15;ed;1.2000000476837158
Vehicle_2;9151388;2911;15;ed;1.2000000476837158
Vehicle_2;9151388;2912;15;ede;1.2000000476837158
Vehicle_2;9151388;2913;15;ed;1.2000000476837158
Vehicle_2;9151388;2914;15;ede;1.2840001583099365
Vehicle_2;9151388;2915;15;eded;1.2840001583099365
Vehicle_2;9151388;2916;15;edede;1.2840001583099365
Vehicle_2;9151388;2917;15;edede;1.2840001583099365
Vehicle_2;9151388;2918;15;edede;1.2840001583099365
Vehicle_2;9151388;2919;15;ededed;1.2840001583099365
Vehicle_2;9151388;2920;15;eded;1.2840001583099365
Vehicle_2;9151388;2921;15;edede;1.2840001583099365
Vehicle_2;9151388;2922;15;eded;1.3930001258850098
Vehicle_2;9151388;2923;15;eded;1.3930001258850098
Vehicle_2;9151388;2924;15;eded;1.3930001258850098
Vehicle_2;9151388;2925;15;ede;1.3930001258850098
Vehicle_2;9151388;2926;15;ede;1.3930001258850098
Vehicle_2;9151388;2927;15;eded;1.3930001258850098
Vehicle_2;9151388;2928;15;eded;1.3930001258850098
Vehicle_2;9151388;2929;15;eded;1.3930001258850098
Vehicle_2;9151388;2930;15;ede;1.3930001258850098
Vehicle_2;9151388;2931;15;e;1.3930001258850098
Vehicle_2;9151388;2932;15;e;1.3930001258850098
Vehicle_2;9151388;2933;15;e;1.3930001258850098
Vehicle_2;9151388;2934;15;e;1.3930001258850098
Vehicle_2;9151388;2935;15;e;1.3930001258850098
Vehicle_2;9151388;2936;15;ed;1.1999998092651367
Vehicle_2;9151388;2937;15;ed;1.1999998092651367
Vehicle_2;9151388;2938;15;ed;1.1969997882843018
Vehicle_2;9151388;2939;15;ed;1.1969997882843018
Vehicle_2;9151388;2940;15;ed;1.194000005722046
Vehicle_2;9151388;2941;15;e;1.194000005722046
Vehicle_2;9151388;2942;15;e;1.2000000476837158
Vehicle_2;9151388;2943;15;ede;1.2000000476837158
Vehicle_2;9151388;2944;15;edede;1.2000000476837158
Vehicle_2;9151388;2945;15;edede;1.2000000476837158
Vehicle_2;9151388;2946;15;ededed;1.247999906539917
Vehicle_2;9151388;2947;15;ededed;1.247999906539917
Vehicle_2;9151388;2948;15;ededed;1.247999906539917
Vehicle_2;9151388;2949;15;edede;1.247999906539917
Vehicle_2;9151388;2950;15;eded;1.247999906539917
Vehicle_2;9151388;2951;15;e;1.247999906539917
Vehicle_2;9151388;2952;15;e;1.247999906539917
Vehicle_2;9151388;2953;15;e;1.247999906539917
Vehicle_2;9151388;2954;15;e;1.247999906539917
Vehicle_2;9151388;2955;15;e;1.247999906539917
Vehicle_2;9151388;2956;15;e;1.247999906539917
Vehicle_2;9151388;2957;15;ede;1.247999906539917
Vehicle_2;9151388;2958;15;ede;1.247999906539917
Vehicle_2;9151388;2959;15;edede;1.247999906539917
Vehicle_2;9151388;2960;15;edededed;1.2000000476837158
Vehicle_2;9151388;2961;15;ededed;1.2000000476837158
Vehicle_2;9151388;2962;15;edede;1.2000000476837158
Vehicle_2;9151388;2963;15;edede;1.2000000476837158
Vehicle_2;9151388;2964;15;ededede;1.2000000476837158
Vehicle_2;9151388;2965;15;edede;1.2000000476837158
Vehicle_2;9151388;2966;15;ededede;1.2000000476837158
Vehicle_2;9151388;2967;15;ededed;1.2000000476837158
Vehicle_2;9151388;2968;15;edede;1.2000000476837158
Vehicle_2;9151388;2969;15;ede;1.2000000476837158
Vehicle_2;9151388;2970;15;e;1.1989998817443848
Vehicle_2;9151388;2971;15;e;1.1989998817443848
Vehicle_2;9151388;2972;15;e;1.2039999961853027
Vehicle_2;9151388;2973;15;ed;1.2039999961853027
Vehicle_2;9151388;2974;15;ed;1.2039999961853027
Vehicle_2;9151388;2975;15;ed;1.2039999961853027
Vehicle_2;9151388;2976;15;ed;1.2039999961853027
Vehicle_2;9151388;2977;15;ed;1.2039999961853027
Vehicle_2;9151388;2978;15;ed;1.246999979019165
Vehicle_2;9151388;2979;15;e;1.246999979019165
Vehicle_2;9151388;2980;15;e;1.246999979019165
Vehicle_2;9151388;2981;15;e;1.246999979019165
Vehicle_2;9151388;2982;15;e;1.246999979019165
Vehicle_2;9151388;2983;15;e;1.246999979019165
Vehicle_2;9151388;2984;15;eded;1.246999979019165
Vehicle_2;9151388;2985;15;edededede;1.246999979019165
Vehicle_2;9151388;2986;15;ededed;1.246999979019165
Vehicle_2;9151388;2987;15;edede;1.246999979019165
Vehicle_2;9151388;2988;15;eded;1.246999979019165
Vehicle_2;9151388;2989;15;ede;1.246999979019165
Vehicle_2;9151388;2990;15;ed;1.246999979019165
Vehicle_2;9151388;2991;15;ed;1.246999979019165
Vehicle_2;9151388;2992;15;e;1.2009999752044678
Vehicle_2;9151388;2993;15;e;1.2009999752044678
Vehicle_2;9151388;2994;15;e;1.2749998569488525
Vehicle_2;9151388;2995;15;ededede;1.2749998569488525
Vehicle_2;9151388;2996;15;eded;1.2749998569488525
Vehicle_2;9151388;2997;15;edede;1.2749998569488525
Vehicle_2;9151388;2998;15;edede;1.2749998569488525
Vehicle_2;9151388;2999;15;edede;1.2749998569488525
Vehicle_2;9151388;3000;15;edede;1.2749998569488525
Vehicle_2;9151388;3001;15;edede;1.2749998569488525
Vehicle_2;9151388;3002;15;eded;1.2749998569488525
Vehicle_2;9151388;3003;15;eded;1.2749998569488525
Vehicle_2;9151388;3004;15;edede;1.2749998569488525
Vehicle_2;9151388;3005;15;ededed;1.2749998569488525
Vehicle_2;9151388;3006;15;ededed;1.2749998569488525
Vehicle_2;9151388;3007;15;ededed;1.2749998569488525
Vehicle_2;9151388;3008;15;edede;1.1990001201629639
Vehicle_2;9151388;3009;15;edede;1.1990001201629639
Vehicle_2;9151388;3010;15;eded;1.1990001201629639
Vehicle_2;9151388;3011;15;edede;1.1990001201629639
Vehicle_2;9151388;3012;15;edede;1.1990001201629639
Vehicle_2;9151388;3013;15;edede;1.1990001201629639
Vehicle_2;9151388;3014;15;edede;1.1990001201629639
Vehicle_2;9151388;3015;15;ededed;1.1990001201629639
Vehicle_2;9151388;3016;15;ededed;1.1990001201629639
Vehicle_2;9151388;3017;15;edede;1.1990001201629639
Vehicle_2;9151388;3018;15;ededed;2.002000093460083
Vehicle_2;9151388;3019;15;edede;2.002000093460083
Vehicle_2;9151388;3020;15;edede;2.002000093460083
Vehicle_2;9151388;3021;15;edede;2.002000093460083
Vehicle_2;9151388;3022;15;edede;2.002000093460083
Vehicle_2;9151388;3023;15;edede;2.002000093460083
Vehicle_2;9151388;3024;15;ede;2.002000093460083
Vehicle_2;9151388;3025;15;ede;2.002000093460083
Vehicle_2;9151388;3026;15;ede;2.002000093460083
Vehicle_2;9151388;3027;15;eded;2.002000093460083
Vehicle_2;9151388;3028;15;eded;2.002000093460083
Vehicle_2;9151388;3029;15;eded;2.002000093460083
Vehicle_2;9151388;3030;15;ede;2.002000093460083
Vehicle_2;9151388;3031;15;ede;2.002000093460083
Vehicle_2;9151388;3032;15;eded;1.2009999752044678
Vehicle_2;9151388;3033;15;ede;1.2009999752044678
Vehicle_2;9151388;3034;15;ede;1.2009999752044678
Vehicle_2;9151388;3035;15;ed;1.2009999752044678
Vehicle_2;9151388;3036;15;ed;1.2009999752044678
Vehicle_2;9151388;3037;15;ed;1.2009999752044678
Vehicle_2;9151388;3038;15;ed;1.2009999752044678
Vehicle_2;9151388;3039;15;ed;1.1979999542236328
Vehicle_2;9151388;3040;15;e;1.1979999542236328
Vehicle_2;9151388;3041;15;e;1.1979999542236328
Vehicle_2;9151388;3042;15;ede;1.1979999542236328
Vehicle_2;9151388;3043;15;eded;1.1990001201629639
Vehicle_2;9151388;3044;15;eded;1.1990001201629639
Vehicle_2;9151388;3045;15;ed;1.1990001201629639
Vehicle_2;9151388;3046;15;ed;1.1990001201629639
Vehicle_2;9151388;3047;15;e;1.1990001201629639
Vehicle_2;9151388;3048;15;ede;1.1990001201629639
Vehicle_2;9151388;3049;15;ede;1.2149999141693115
Vehicle_2;9151388;3050;15;edede;1.2149999141693115
Vehicle_2;9151388;3051;15;ede;1.2149999141693115
Vehicle_2;9151388;3052;15;ede;1.2149999141693115
Vehicle_2;9151388;3053;15;ede;1.2149999141693115
Vehicle_2;9151388;3054;15;ede;1.2149999141693115
Vehicle_2;9151388;3055;15;eded;1.2149999141693115
Vehicle_2;9151388;3056;15;ede;1.2149999141693115
Vehicle_2;9151388;3057;15;ede;1.246000051498413
Vehicle_2;9151388;3058;15;ede;1.246000051498413
Vehicle_2;9151388;3059;15;e;1.246000051498413
Vehicle_2;9151388;3060;15;e;1.246000051498413
Vehicle_2;9151388;3061;15;ed;1.246000051498413
Vehicle_2;9151388;3062;15;ed;1.246000051498413
Vehicle_2;9151388;3063;15;ed;1.246000051498413
Vehicle_2;9151388;3064;15;ed;1.246000051498413
Vehicle_2;9151388;3065;15;ed;1.246000051498413
Vehicle_2;9151388;3066;15;ed;1.246000051498413
Vehicle_2;9151388;3067;15;ed;1.246000051498413
Vehicle_2;9151388;3068;15;ed;1.246000051498413
Vehicle_2;9151388;3069;15;e;1.246000051498413
Vehicle_2;9151388;3070;15;e;1.246000051498413
Vehicle_2;9151388;3071;15;e;1.2409999370574951
Vehicle_2;9151388;3072;15;e;1.2409999370574951
Vehicle_2;9151388;3073;15;eded;1.2409999370574951
Vehicle_2;9151388;3074;15;eded;1.2409999370574951
Vehicle_2;9151388;3075;15;ede;1.2409999370574951
Vehicle_2;9151388;3076;15;ede;1.2409999370574951
Vehicle_2;9151388;3077;15;ede;1.2170000076293945
Vehicle_2;9151388;3078;15;e;1.2170000076293945
Vehicle_2;9151388;3079;15;ede;1.2170000076293945
Vehicle_2;9151388;3080;15;e;1.2170000076293945
Vehicle_2;9151388;3081;15;e;1.2170000076293945
Vehicle_2;9151388;3082;15;e;1.2170000076293945
Vehicle_2;9151388;3083;15;ed;1.1990001201629639
Vehicle_2;9151388;3084;15;ed;1.1990001201629639
Vehicle_2;9151388;3085;15;ed;1.1990001201629639
Vehicle_2;9151388;3086;15;ed;1.1990001201629639
Vehicle_2;9151388;3087;15;ede;1.1990001201629639
Vehicle_2;9151388;3088;15;ede;1.1990001201629639
Vehicle_2;9151388;3089;15;ede;1.2730000019073486
Vehicle_2;9151388;3090;15;ede;1.2730000019073486
Vehicle_2;9151388;3091;15;ed;1.2730000019073486
Vehicle_2;9151388;3092;15;ed;1.2730000019073486
Vehicle_2;9151388;3093;15;ed;1.2730000019073486
Vehicle_2;9151388;3094;15;ede;1.2730000019073486
Vehicle_2;9151388;3095;15;eded;1.2730000019073486
Vehicle_2;9151388;3096;15;ede;1.2730000019073486
Vehicle_2;9151388;3097;15;ede;1.2730000019073486
Vehicle_2;9151388;3098;15;ede;1.2730000019073486
Vehicle_2;9151388;3099;15;ede;1.2730000019073486
Vehicle_2;9151388;3100;15;ede;1.2730000019073486
Vehicle_2;9151388;3101;15;ede;1.9819998741149902
Vehicle_2;9151388;3102;15;ede;1.9819998741149902
Vehicle_2;9151388;3103;15;ed;1.9819998741149902
Vehicle_2;9151388;3104;15;e;1.9819998741149902
Vehicle_2;9151388;3105;15;e;1.9819998741149902
Vehicle_2;9151388;3106;15;e;1.9819998741149902
Vehicle_2;9151388;3107;15;e;1.9819998741149902
Vehicle_2;9151388;3108;15;e;1.9819998741149902
Vehicle_2;9151388;3109;15;ed;1.9819998741149902
Vehicle_2;9151388;3110;15;ed;1.9819998741149902
Vehicle_2;9151388;3111;15;ed;1.9819998741149902
Vehicle_2;9151388;3112;15;ed;1.9819998741149902
Vehicle_2;9151388;3113;15;ed;1.9819998741149902
Vehicle_2;9151388;3114;15;ed;1.9819998741149902
Vehicle_2;9151388;3115;15;ed;1.3280000686645508
Vehicle_2;9151388;3116;15;ed;1.3280000686645508
Vehicle_2;9151388;3117;15;ede;1.3280000686645508
Vehicle_2;9151388;3118;15;ede;1.3280000686645508
Vehicle_2;9151388;3119;15;ede;1.3280000686645508
Vehicle_2;9151388;3120;15;ede;1.3280000686645508
Vehicle_2;9151388;3121;15;ede;1.2730000019073486
Vehicle_2;9151388;3122;15;ede;1.2730000019073486
Vehicle_2;9151388;3123;15;ede;1.2730000019073486
Vehicle_2;9151388;3124;15;ede;1.2730000019073486
Vehicle_2;9151388;3125;15;ede;1.3289999961853027
Vehicle_2;9151388;3126;15;eded;1.3289999961853027
Vehicle_2;9151388;3127;15;ede;1.3289999961853027
Vehicle_2;9151388;3128;15;ede;1.3289999961853027
Vehicle_2;9151388;3129;15;edede;1.3289999961853027
Vehicle_2;9151388;3130;15;ede;1.3289999961853027
Vehicle_2;9151388;3131;15;eded;1.3289999961853027
Vehicle_2;9151388;3132;15;ede;1.3289999961853027
Vehicle_2;9151388;3133;15;ede;1.3289999961853027
Vehicle_2;9151388;3134;15;edede;1.3289999961853027
Vehicle_2;9151388;3135;15;ed;1.3289999961853027
Vehicle_2;9151388;3136;15;e;1.3289999961853027
Vehicle_2;9151388;3137;15;e;1.3289999961853027
Vehicle_2;9151388;3138;15;e;1.3289999961853027
Vehicle_2;9151388;3139;15;ed;1.1949999332427979
Vehicle_2;9151388;3140;15;ed;1.1949999332427979
Vehicle_2;9151388;3141;15;ede;1.1949999332427979
Vehicle_2;9151388;3142;15;ede;1.2599999904632568
Vehicle_2;9151388;3143;15;ede;1.2599999904632568
Vehicle_2;9151388;3144;15;ede;1.2599999904632568
Vehicle_2;9151388;3145;15;ede;1.2599999904632568
Vehicle_2;9151388;3146;15;ed;1.2599999904632568
Vehicle_2;9151388;3147;15;ed;1.2599999904632568
Vehicle_2;9151388;3148;15;ed;1.2599999904632568
Vehicle_2;9151388;3149;15;e;1.2599999904632568
Vehicle_2;9151388;3150;15;e;1.2599999904632568
Vehicle_2;9151388;3151;15;e;1.2599999904632568
Vehicle_2;9151388;3152;15;e;1.2599999904632568
Vehicle_2;9151388;3153;15;ed;1.2599999904632568
Vehicle_2;9151388;3154;15;ed;1.2599999904632568
Vehicle_2;9151388;3155;15;ed;1.2599999904632568
Vehicle_2;9151388;3156;15;ed;1.2549998760223389
Vehicle_2;9151388;3157;15;ed;1.2549998760223389
Vehicle_2;9151388;3158;15;ed;1.2549998760223389
Vehicle_2;9151388;3159;15;e;1.2549998760223389
Vehicle_2;9151388;3160;15;e;1.4049999713897705
Vehicle_2;9151388;3161;15;e;1.4049999713897705
Vehicle_2;9151388;3162;15;e;1.4049999713897705
Vehicle_2;9151388;3163;15;e;1.4049999713897705
Vehicle_2;9151388;3164;15;edede;1.4049999713897705
Vehicle_2;9151388;3165;15;edede;1.4049999713897705
Vehicle_2;9151388;3166;15;ededed;1.4049999713897705
Vehicle_2;9151388;3167;15;edede;1.4049999713897705
Vehicle_2;9151388;3168;15;edede;1.4490001201629639
Vehicle_2;9151388;3169;15;edede;1.4490001201629639
Vehicle_2;9151388;3170;15;ededed;1.4490001201629639
Vehicle_2;9151388;3171;15;edede;1.4490001201629639
Vehicle_2;9151388;3172;15;eded;1.4490001201629639
Vehicle_2;9151388;3173;15;ede;1.4490001201629639
Vehicle_2;9151388;3174;15;edede;1.4490001201629639
Vehicle_2;9151388;3175;15;eded;1.4490001201629639
Vehicle_2;9151388;3176;15;eded;1.4490001201629639
Vehicle_2;9151388;3177;15;edede;1.4490001201629639
Vehicle_2;9151388;3178;15;edede;1.4490001201629639
Vehicle_2;9151388;3179;15;eded;1.4490001201629639
Vehicle_2;9151388;3180;15;edede;1.4490001201629639
Vehicle_2;9151388;3181;15;edede;1.4490001201629639
Vehicle_2;9151388;3182;15;edede;1.4260001182556152
Vehicle_2;9151388;3183;15;ede;1.4260001182556152
Vehicle_2;9151388;3184;15;ede;1.2969999313354492
Vehicle_2;9151388;3185;15;edede;1.2969999313354492
Vehicle_2;9151388;3186;15;ede;1.2969999313354492
Vehicle_2;9151388;3187;15;ed;1.2969999313354492
Vehicle_2;9151388;3188;15;e;1.2969999313354492
Vehicle_2;9151388;3189;15;ed;1.2969999313354492
Vehicle_2;9151388;3190;15;ed;1.2969999313354492
Vehicle_2;9151388;3191;15;ed;1.2969999313354492
Vehicle_2;9151388;3192;15;ed;1.2969999313354492
Vehicle_2;9151388;3193;15;e;1.2969999313354492
Vehicle_2;9151388;3194;15;e;1.2969999313354492
Vehicle_2;9151388;3195;15;e;1.2969999313354492
Vehicle_2;9151388;3196;15;ede;1.2969999313354492
Vehicle_2;9151388;3197;15;ede;1.2969999313354492
Vehicle_2;9151388;3198;15;ede;1.25
Vehicle_2;9151388;3199;15;eded;1.25
Vehicle_2;9151388;3200;15;edede;1.25
Vehicle_2;9151388;3201;15;edede;1.25
Vehicle_2;9151388;3202;15;edede;3.0950000286102295
Vehicle_2;9151388;3203;15;edede;3.0950000286102295
Vehicle_2;9151388;3204;15;edede;3.0950000286102295
Vehicle_2;9151388;3205;15;edede;3.0950000286102295
Vehicle_2;9151388;3206;15;edede;3.0950000286102295
Vehicle_2;9151388;3207;15;edede;3.0950000286102295
Vehicle_2;9151388;3208;15;edede;3.0950000286102295
Vehicle_2;9151388;3209;15;edede;3.0950000286102295
Vehicle_2;9151388;3210;15;edede;3.0950000286102295
Vehicle_2;9151388;3211;15;edede;3.0950000286102295
Vehicle_2;9151388;3212;15;edede;3.0950000286102295
Vehicle_2;9151388;3213;15;ededed;3.0950000286102295
Vehicle_2;9151388;3214;15;ededed;3.0950000286102295
Vehicle_2;9151388;3215;15;edede;3.0950000286102295
Vehicle_2;9151388;3216;15;edede;1.2969999313354492
Vehicle_2;9151388;3217;15;edede;1.2969999313354492
Vehicle_2;9151388;3218;15;edede;1.2969999313354492
Vehicle_2;9151388;3219;15;edede;1.2969999313354492
Vehicle_2;9151388;3220;15;ededed;1.2969999313354492
Vehicle_2;9151388;3221;15;ededed;1.2969999313354492
Vehicle_2;9151388;3222;15;ededed;1.2919998168945312
Vehicle_2;9151388;3223;15;edede;1.2919998168945312
Vehicle_2;9151388;3224;15;edede;1.4250001907348633
Vehicle_2;9151388;3225;15;edede;1.4250001907348633
Vehicle_2;9151388;3226;15;eded;1.4250001907348633
Vehicle_2;9151388;3227;15;edede;1.4250001907348633
Vehicle_2;9151388;3228;15;edede;1.4250001907348633
Vehicle_2;9151388;3229;15;ededed;1.4250001907348633
Vehicle_2;9151388;3230;15;edede;1.4250001907348633
Vehicle_2;9151388;3231;15;edede;1.4250001907348633
Vehicle_2;9151388;3232;15;edede;1.4250001907348633
Vehicle_2;9151388;3233;15;edede;1.4250001907348633
Vehicle_2;9151388;3234;15;edede;1.4250001907348633
Vehicle_2;9151388;3235;15;edede;1.4250001907348633
Vehicle_2;9151388;3236;15;ededed;1.4250001907348633
Vehicle_2;9151388;3237;15;edede;1.4250001907348633
Vehicle_2;9151388;3238;15;ededed;1.2970001697540283
Vehicle_2;9151388;3239;15;ededed;1.2970001697540283
Vehicle_2;9151388;3240;15;ededed;1.2970001697540283
Vehicle_2;9151388;3241;15;ededed;1.2970001697540283
Vehicle_2;9151388;3242;15;edede;1.4800000190734863
Vehicle_2;9151388;3243;15;edede;1.4800000190734863
Vehicle_2;9151388;3244;15;ededed;1.4800000190734863
Vehicle_2;9151388;3245;15;edede;1.9909999370574951
Vehicle_2;9151388;3246;15;edede;1.9909999370574951
Vehicle_2;9151388;3247;15;edede;1.9909999370574951
Vehicle_2;9151388;3248;15;edede;1.9909999370574951
Vehicle_2;9151388;3249;15;eded;1.9909999370574951
Vehicle_2;9151388;3250;15;eded;1.9909999370574951
Vehicle_2;9151388;3251;15;ede;1.9909999370574951
Vehicle_2;9151388;3252;15;eded;1.9909999370574951
Vehicle_2;9151388;3253;15;ede;1.9909999370574951
Vehicle_2;9151388;3254;15;ede;1.9909999370574951
Vehicle_2;9151388;3255;15;ede;1.9909999370574951
Vehicle_2;9151388;3256;15;ede;1.9909999370574951
Vehicle_2;9151388;3257;15;ed;1.9909999370574951
Vehicle_2;9151388;3258;15;ed;1.9909999370574951
Vehicle_2;9151388;3259;15;e;1.5869998931884766
Vehicle_2;9151388;3260;15;e;1.5869998931884766
Vehicle_2;9151388;3261;15;edede;1.5869998931884766
Vehicle_2;9151388;3262;15;edede;1.7780001163482666
Vehicle_2;9151388;3263;15;ededed;1.7780001163482666
Vehicle_2;9151388;3264;15;ededed;1.7780001163482666
Vehicle_2;9151388;3265;15;ededed;1.7780001163482666
Vehicle_2;9151388;3266;15;edede;1.7780001163482666
Vehicle_2;9151388;3267;15;ededed;1.7780001163482666
Vehicle_2;9151388;3268;15;ede;1.7780001163482666
Vehicle_2;9151388;3269;15;ede;2.613999843597412
Vehicle_2;9151388;3270;15;ede;2.613999843597412
Vehicle_2;9151388;3271;15;ede;2.613999843597412
Vehicle_2;9151388;3272;15;eded;2.613999843597412
Vehicle_2;9151388;3273;15;eded;2.613999843597412
Vehicle_2;9151388;3274;15;eded;2.613999843597412
Vehicle_2;9151388;3275;15;eded;2.613999843597412
Vehicle_2;9151388;3276;15;ede;2.613999843597412
Vehicle_2;9151388;3277;15;ede;2.613999843597412
Vehicle_2;9151388;3278;15;e;2.613999843597412
Vehicle_2;9151388;3279;15;e;2.613999843597412
Vehicle_2;9151388;3280;15;e;2.613999843597412
Vehicle_2;9151388;3281;15;e;2.613999843597412
Vehicle_2;9151388;3282;15;ed;2.613999843597412
Vehicle_2;9151388;3283;15;ed;1.25
Vehicle_2;9151388;3284;15;ed;1.25
Vehicle_2;9151388;3285;15;ed;1.3930001258850098
Vehicle_2;9151388;3286;15;ededed;1.3930001258850098
Vehicle_2;9151388;3287;15;edededed;2.944000005722046
Vehicle_2;9151388;3288;15;eded;2.944000005722046
Vehicle_2;9151388;3289;15;ede;2.944000005722046
Vehicle_2;9151388;3290;15;ede;4.898000001907349
Vehicle_2;9151388;3291;15;eded;4.898000001907349
Vehicle_2;9151388;3292;15;ededede;4.898000001907349
Vehicle_2;9151388;3293;15;ededed;4.898000001907349
Vehicle_2;9151388;3294;15;edededede;4.898000001907349
Vehicle_2;9151388;3295;15;edededed;4.898000001907349
Vehicle_2;9151388;3296;15;ededede;4.898000001907349
Vehicle_2;9151388;3297;15;ededede;4.898000001907349
Vehicle_2;9151388;3298;15;ededed;4.898000001907349
Vehicle_2;9151388;3299;15;ededed;4.898000001907349
Vehicle_2;9151388;3300;15;ededed;4.898000001907349
Vehicle_2;9151388;3301;15;ededed;4.898000001907349
Vehicle_2;9151388;3302;15;ede;4.898000001907349
Vehicle_2;9151388;3303;15;e8;4.898000001907349
Vehicle_2;9151388;3304;15;e8;3.11299991607666
Vehicle_2;9151388;3305;15;e8;3.11299991607666
Vehicle_2;9151388;3306;15;e8;3.11299991607666
Vehicle_2;9151388;3307;15;e8;1.2009999752044678
Vehicle_2;9151388;3308;15;e8484;1.2009999752044678
Vehicle_2;9151388;3309;15;e;1.2009999752044678
Vehicle_2;9151388;3310;15;b2;1.2009999752044678
Vehicle_2;9151388;3311;15;b2;1.2009999752044678
Vehicle_2;9151388;3312;15;b2;1.2009999752044678
Vehicle_2;9151388;3313;15;b2;1.2009999752044678
Vehicle_2;9151388;3314;15;b2;1.3299999237060547
Vehicle_2;9151388;3315;15;e;1.3299999237060547
Vehicle_2;9151388;3316;15;e;1.371000051498413
Vehicle_2;9151388;3317;15;e;1.371000051498413
Vehicle_2;9151388;3318;15;e;1.371000051498413
Vehicle_2;9151388;3319;15;e;1.371000051498413
Vehicle_2;9151388;3320;15;e;1.371000051498413
Vehicle_2;9151388;3321;15;e;1.371000051498413
Vehicle_2;9151388;3322;15;eded;1.371000051498413
Vehicle_2;9151388;3323;15;eded;1.371000051498413
Vehicle_2;9151388;3324;15;eded;1.371000051498413
Vehicle_2;9151388;3325;15;eded;1.996000051498413
Vehicle_2;9151388;3326;15;eded;1.996000051498413
Vehicle_2;9151388;3327;15;eded;1.996000051498413
Vehicle_2;9151388;3328;15;eded;1.996000051498413
Vehicle_2;9151388;3329;15;e8;1.996000051498413
Vehicle_2;9151388;3330;15;e8;1.996000051498413
Vehicle_2;9151388;3331;15;e8;1.996000051498413
Vehicle_2;9151388;3332;15;e8;1.996000051498413
Vehicle_2;9151388;3333;15;e81;1.996000051498413
Vehicle_2;9151388;3334;15;e812;1.996000051498413
Vehicle_2;9151388;3335;15;e8;1.996000051498413
Vehicle_2;9151388;3336;15;e8;1.996000051498413
Vehicle_2;9151388;3337;15;b2;1.996000051498413
Vehicle_2;9151388;3338;15;b2;1.996000051498413
Vehicle_2;9151388;3339;15;b2;1.3350000381469727
Vehicle_2;9151388;3340;15;b2;2.013000011444092
Vehicle_2;9151388;3341;15;b2;2.013000011444092
Vehicle_2;9151388;3342;15;ede;2.013000011444092
Vehicle_2;9151388;3343;15;eded;2.013000011444092
Vehicle_2;9151388;3344;15;edede;2.013000011444092
Vehicle_2;9151388;3345;15;edede;2.013000011444092
Vehicle_2;9151388;3346;15;eded;2.013000011444092
Vehicle_2;9151388;3347;15;eded;2.013000011444092
Vehicle_2;9151388;3348;15;edede;2.013000011444092
Vehicle_2;9151388;3349;15;edede;2.013000011444092
Vehicle_2;9151388;3350;15;edede;2.013000011444092
Vehicle_2;9151388;3351;15;ededed;2.013000011444092
Vehicle_2;9151388;3352;15;edede;2.013000011444092
Vehicle_2;9151388;3353;15;edede;2.013000011444092
Vehicle_2;9151388;3354;15;edede;1.2240002155303955
Vehicle_2;9151388;3355;15;edede;1.3369998931884766
Vehicle_2;9151388;3356;15;eded;1.3369998931884766
Vehicle_2;9151388;3357;15;ede;1.3369998931884766
Vehicle_2;9151388;3358;15;ede;1.3369998931884766
Vehicle_2;9151388;3359;15;e;1.3369998931884766
Vehicle_2;9151388;3360;15;ed;1.3369998931884766
Vehicle_2;9151388;3361;15;ed;1.3369998931884766
Vehicle_2;9151388;3362;15;ed;1.3369998931884766
Vehicle_2;9151388;3363;15;ed;1.3369998931884766
Vehicle_2;9151388;3364;15;ed;1.3369998931884766
Vehicle_2;9151388;3365;15;ede;1.3369998931884766
Vehicle_2;9151388;3366;15;ed;1.3369998931884766
Vehicle_2;9151388;3367;15;ede;2.9049999713897705
Vehicle_2;9151388;3368;15;ede;2.9049999713897705
Vehicle_2;9151388;3369;15;ede;2.9049999713897705
Vehicle_2;9151388;3370;15;ede;2.9049999713897705
Vehicle_2;9151388;3371;15;ede;2.9049999713897705
Vehicle_2;9151388;3372;15;eded;2.9049999713897705
Vehicle_2;9151388;3373;15;eded;2.9049999713897705
Vehicle_2;9151388;3374;15;eded;2.9049999713897705
Vehicle_2;9151388;3375;15;eded;2.9049999713897705
Vehicle_2;9151388;3376;15;ededed;2.9049999713897705
Vehicle_2;9151388;3377;15;edede;2.9049999713897705
Vehicle_2;9151388;3378;15;ededed;2.9049999713897705
Vehicle_2;9151388;3379;15;ededed;2.9049999713897705
Vehicle_2;9151388;3380;15;ededed;2.9049999713897705
Vehicle_2;9151388;3381;15;ede;1.2219998836517334
Vehicle_2;9151388;3382;15;ede;1.2219998836517334
Vehicle_2;9151388;3383;15;eded;1.2219998836517334
Vehicle_2;9151388;3384;15;eded;1.2219998836517334
Vehicle_2;9151388;3385;15;ede;1.2219998836517334
Vehicle_2;9151388;3386;15;eded;1.2219998836517334
Vehicle_2;9151388;3387;15;ede;1.2730000019073486
Vehicle_2;9151388;3388;15;eded;1.2730000019073486
Vehicle_2;9151388;3389;15;eded;1.2730000019073486
Vehicle_2;9151388;3390;15;eded;1.2730000019073486
Vehicle_2;9151388;3391;15;ede;1.2730000019073486
Vehicle_2;9151388;3392;15;ede;1.2730000019073486
Vehicle_2;9151388;3393;15;ede;1.2730000019073486
Vehicle_2;9151388;3394;15;ede;1.2730000019073486
Vehicle_2;9151388;3395;15;ede;1.2730000019073486
Vehicle_2;9151388;3396;15;ede;1.2730000019073486
Vehicle_2;9151388;3397;15;ededed;1.2730000019073486
Vehicle_2;9151388;3398;15;ededed;1.2730000019073486
Vehicle_2;9151388;3399;15;ede;1.2730000019073486
Vehicle_2;9151388;3400;15;ede;1.2730000019073486
Vehicle_2;9151388;3401;15;eded;1.2149999141693115
Vehicle_2;9151388;3402;15;eded;1.2149999141693115
Vehicle_2;9151388;3403;15;ede;1.2149999141693115
Vehicle_2;9151388;3404;15;ede;1.2149999141693115
Vehicle_2;9151388;3405;15;ededed;1.2149999141693115
Vehicle_2;9151388;3406;15;edede;1.2149999141693115
Vehicle_2;9151388;3407;15;e;1.2149999141693115
Vehicle_2;9151388;3408;15;e;1.2149999141693115
Vehicle_2;9151388;3409;15;ed;1.2149999141693115
Vehicle_2;9151388;3410;15;ede;1.2149999141693115
Vehicle_2;9151388;3411;15;ede;1.2149999141693115
Vehicle_2;9151388;3412;15;eded;1.2149999141693115
Vehicle_2;9151388;3413;15;eded;1.1989998817443848
Vehicle_2;9151388;3414;15;eded;1.1989998817443848
Vehicle_2;9151388;3415;15;e;1.2860000133514404
Vehicle_2;9151388;3416;15;e;1.2860000133514404
Vehicle_2;9151388;3417;15;e;1.2860000133514404
Vehicle_2;9151388;3418;15;e;1.2860000133514404
Vehicle_2;9151388;3419;15;e;1.2860000133514404
Vehicle_2;9151388;3420;15;e;1.2860000133514404
Vehicle_2;9151388;3421;15;e;1.2860000133514404
Vehicle_2;9151388;3422;15;e;1.2860000133514404
Vehicle_2;9151388;3423;15;e;1.2860000133514404
Vehicle_2;9151388;3424;15;e;1.2860000133514404
Vehicle_2;9151388;3425;15;e;1.2860000133514404
Vehicle_2;9151388;3426;15;edede;1.2860000133514404
Vehicle_2;9151388;3427;15;edede;1.2860000133514404
Vehicle_2;9151388;3428;15;edede;1.2860000133514404
Vehicle_2;9151388;3429;15;ede;1.312999963760376
Vehicle_2;9151388;3430;15;eded;1.312999963760376
Vehicle_2;9151388;3431;15;edede;1.442000150680542
Vehicle_2;9151388;3432;15;edede;1.442000150680542
Vehicle_2;9151388;3433;15;edede;1.442000150680542
Vehicle_2;9151388;3434;15;edede;1.442000150680542
Vehicle_2;9151388;3435;15;eded;1.442000150680542
Vehicle_2;9151388;3436;15;ede;1.6159999370574951
Vehicle_2;9151388;3437;15;ede;1.6159999370574951
Vehicle_2;9151388;3438;15;eded;1.6159999370574951
Vehicle_2;9151388;3439;15;eded;1.6159999370574951
Vehicle_2;9151388;3440;15;eded;1.6159999370574951
Vehicle_2;9151388;3441;15;ede;1.6159999370574951
Vehicle_2;9151388;3442;15;ede;1.6159999370574951
Vehicle_2;9151388;3443;15;e;1.6159999370574951
Vehicle_2;9151388;3444;15;e;1.6159999370574951
Vehicle_2;9151388;3445;15;e;1.6159999370574951
Vehicle_2;9151388;3446;15;e;1.6159999370574951
Vehicle_2;9151388;3447;15;e;1.6159999370574951
Vehicle_2;9151388;3448;15;e;1.6159999370574951
Vehicle_2;9151388;3449;15;ed;1.6159999370574951
Vehicle_2;9151388;3450;15;ed;1.3369998931884766
Vehicle_2;9151388;3451;15;ed;1.3369998931884766
Vehicle_2;9151388;3452;15;ed;1.3369998931884766
Vehicle_2;9151388;3453;15;ed;1.3369998931884766
Vehicle_2;9151388;3454;15;ede;1.3369998931884766
Vehicle_2;9151388;3455;15;ede;1.3369998931884766
Vehicle_2;9151388;3456;15;ede;1.3369998931884766
Vehicle_2;9151388;3457;15;ede;1.2109999656677246
Vehicle_2;9151388;3458;15;ede;1.2109999656677246
Vehicle_2;9151388;3459;15;ede;1.2019999027252197
Vehicle_2;9151388;3460;15;ede;1.4000000953674316
Vehicle_2;9151388;3461;15;e;1.4000000953674316
Vehicle_2;9151388;3462;15;e;1.4000000953674316
Vehicle_2;9151388;3463;15;e;1.4000000953674316
Vehicle_2;9151388;3464;15;ede;1.4000000953674316
Vehicle_2;9151388;3465;15;e;1.4000000953674316
Vehicle_2;9151388;3466;15;e;1.4000000953674316
Vehicle_2;9151388;3467;15;e;1.4000000953674316
Vehicle_2;9151388;3468;15;e;1.4000000953674316
Vehicle_2;9151388;3469;15;e;1.4000000953674316
Vehicle_2;9151388;3470;15;e;1.4000000953674316
Vehicle_2;9151388;3471;15;e;1.4000000953674316
Vehicle_2;9151388;3472;15;e;1.4000000953674316
Vehicle_2;9151388;3473;15;e;1.4000000953674316
Vehicle_2;9151388;3474;15;e;1.2699999809265137
Vehicle_2;9151388;3475;15;e;1.249000072479248
Vehicle_2;9151388;3476;15;e;1.249000072479248
Vehicle_2;9151388;3477;15;e;1.249000072479248
Vehicle_2;9151388;3478;15;e;1.249000072479248
Vehicle_2;9151388;3479;15;e;1.249000072479248
Vehicle_2;9151388;3480;15;ed;1.249000072479248
Vehicle_2;9151388;3481;15;ede;1.24399995803833
Vehicle_2;9151388;3482;15;ede8;1.24399995803833
Vehicle_2;9151388;3483;15;ede8;1.24399995803833
Vehicle_2;9151388;3484;15;ede8;1.24399995803833
Vehicle_2;9151388;3485;15;ede8;1.2820000648498535
Vehicle_2;9151388;3486;15;edede84;1.2820000648498535
Vehicle_2;9151388;3487;15;edede84;1.2820000648498535
Vehicle_2;9151388;3488;15;ede84;1.2820000648498535
