vehicle;ride;pos;ws;marker;time_delay
Vehicle_6;9230337;0;15;eded;1.683000087738037
Vehicle_6;9230337;1;15;edede;1.124000072479248
Vehicle_6;9230337;2;15;ed;1.124000072479248
Vehicle_6;9230337;3;15;e;1.0429999828338623
Vehicle_6;9230337;4;15;edede;1.0429999828338623
Vehicle_6;9230337;5;15;edede;1.0429999828338623
Vehicle_6;9230337;6;15;ededed;1.0429999828338623
Vehicle_6;9230337;7;15;ededede;1.0429999828338623
Vehicle_6;9230337;8;15;edededed;1.0429999828338623
Vehicle_6;9230337;9;15;ededededed;1.0429999828338623
Vehicle_6;9230337;10;15;ededede;1.0429999828338623
Vehicle_6;9230337;11;15;e;1.0429999828338623
Vehicle_6;9230337;12;15;e;1.0429999828338623
Vehicle_6;9230337;13;15;e;1.0429999828338623
Vehicle_6;9230337;14;15;e;1.0429999828338623
Vehicle_6;9230337;15;15;e;1.0429999828338623
Vehicle_6;9230337;16;15;ede;1.0429999828338623
Vehicle_6;9230337;17;15;ede;1.0430002212524414
Vehicle_6;9230337;18;15;ede;1.0430002212524414
Vehicle_6;9230337;19;15;eded;1.0430002212524414
Vehicle_6;9230337;20;15;eded;1.0430002212524414
Vehicle_6;9230337;21;15;eded;1.0430002212524414
Vehicle_6;9230337;22;15;ede;1.0430002212524414
Vehicle_6;9230337;23;15;eded;1.0430002212524414
Vehicle_6;9230337;24;15;edede;1.0430002212524414
Vehicle_6;9230337;25;15;ededede;1.0430002212524414
Vehicle_6;9230337;26;15;ededed;1.0430002212524414
Vehicle_6;9230337;27;15;edede;1.0430002212524414
Vehicle_6;9230337;28;15;edede;1.119999885559082
Vehicle_6;9230337;29;15;eded;2.0
Vehicle_6;9230337;30;15;eded;2.0
Vehicle_6;9230337;31;15;eded;2.0
Vehicle_6;9230337;32;15;edede;2.0
Vehicle_6;9230337;33;15;e;2.0
Vehicle_6;9230337;34;15;e;2.0
Vehicle_6;9230337;35;15;e;2.0
Vehicle_6;9230337;36;15;e;2.0
Vehicle_6;9230337;37;15;e;2.0
Vehicle_6;9230337;38;15;e;2.0
Vehicle_6;9230337;39;15;e;2.0
Vehicle_6;9230337;40;15;e;2.0
Vehicle_6;9230337;41;15;e;2.0
Vehicle_6;9230337;42;15;e;2.0
Vehicle_6;9230337;43;15;e;1.0480000972747803
Vehicle_6;9230337;44;15;ed;1.0410001277923584
Vehicle_6;9230337;45;15;ed;1.0410001277923584
Vehicle_6;9230337;46;15;ed;1.0410001277923584
Vehicle_6;9230337;47;15;ed;1.0410001277923584
Vehicle_6;9230337;48;15;ed;1.0410001277923584
Vehicle_6;9230337;49;15;ed;1.0410001277923584
Vehicle_6;9230337;50;15;ede;1.0410001277923584
Vehicle_6;9230337;51;15;ed;1.0410001277923584
Vehicle_6;9230337;52;15;ed;1.0410001277923584
Vehicle_6;9230337;53;15;ed;1.0410001277923584
Vehicle_6;9230337;54;15;ed;2.0
Vehicle_6;9230337;55;15;ed;2.0
Vehicle_6;9230337;56;15;e;2.0
Vehicle_6;9230337;57;15;e;2.0
Vehicle_6;9230337;58;15;e;2.0
Vehicle_6;9230337;59;15;ed;2.0
Vehicle_6;9230337;60;15;ed;2.0
Vehicle_6;9230337;61;15;ed;2.0
Vehicle_6;9230337;62;15;ed;2.0
Vehicle_6;9230337;63;15;edb;2.0
Vehicle_6;9230337;64;15;e8;2.0
Vehicle_6;9230337;65;15;e8;2.0
Vehicle_6;9230337;66;15;ede8;2.0
Vehicle_6;9230337;67;15;e84;2.0
Vehicle_6;9230337;68;15;b7b2;1.1200001239776611
Vehicle_6;9230337;69;15;b7b2;1.1200001239776611
Vehicle_6;9230337;70;15;b2;1.1200001239776611
Vehicle_6;9230337;71;15;b2;1.1200001239776611
Vehicle_6;9230337;72;15;b24;1.1200001239776611
Vehicle_6;9230337;73;15;b24;1.1200001239776611
Vehicle_6;9230337;74;15;b24;1.1200001239776611
Vehicle_6;9230337;75;15;e8;2.0820000171661377
Vehicle_6;9230337;76;15;e8;2.0820000171661377
Vehicle_6;9230337;77;15;e8;2.0820000171661377
Vehicle_6;9230337;78;15;e8;2.0820000171661377
Vehicle_6;9230337;79;15;b7e8;2.0820000171661377
Vehicle_6;9230337;80;15;b2;2.0820000171661377
Vehicle_6;9230337;81;15;b7b2;2.0820000171661377
Vehicle_6;9230337;82;15;b2;2.0820000171661377
Vehicle_6;9230337;83;15;b212;2.0820000171661377
Vehicle_6;9230337;84;15;b212121;2.0820000171661377
Vehicle_6;9230337;85;15;eded;2.0820000171661377
Vehicle_6;9230337;86;15;ededa;2.0820000171661377
Vehicle_6;9230337;87;15;ededa;2.0820000171661377
Vehicle_6;9230337;88;15;ededa;2.0820000171661377
Vehicle_6;9230337;89;15;ededa;1.9179999828338623
Vehicle_6;9230337;90;15;ede8;1.9179999828338623
Vehicle_6;9230337;91;15;edb2;1.9179999828338623
Vehicle_6;9230337;92;15;b7b24;1.058000087738037
Vehicle_6;9230337;93;15;e8;1.056999921798706
Vehicle_6;9230337;94;15;e8;1.056999921798706
Vehicle_6;9230337;95;15;e812;1.056999921798706
Vehicle_6;9230337;96;15;e812;1.056999921798706
Vehicle_6;9230337;97;15;e812;1.056999921798706
Vehicle_6;9230337;98;15;a1;1.121000051498413
Vehicle_6;9230337;99;15;12;1.121000051498413
Vehicle_6;9230337;100;15;12;1.121000051498413
Vehicle_6;9230337;101;15;12;1.121000051498413
Vehicle_6;9230337;102;15;124;1.121000051498413
Vehicle_6;9230337;103;15;124;1.121000051498413
Vehicle_6;9230337;104;15;e8;1.121000051498413
Vehicle_6;9230337;105;15;e8;1.121000051498413
Vehicle_6;9230337;106;15;e8;1.121000051498413
Vehicle_6;9230337;107;15;e84;1.121000051498413
Vehicle_6;9230337;108;15;e;1.121000051498413
Vehicle_6;9230337;109;15;b2;2.0
Vehicle_6;9230337;110;15;b212;2.0
Vehicle_6;9230337;111;15;b2121;2.0
Vehicle_6;9230337;112;15;b21;2.0
Vehicle_6;9230337;113;15;ed;2.0
Vehicle_6;9230337;114;15;ededed;2.0
Vehicle_6;9230337;115;15;eded;2.0
Vehicle_6;9230337;116;15;eded;2.0
Vehicle_6;9230337;117;15;eded;2.0
Vehicle_6;9230337;118;15;ede;2.0
Vehicle_6;9230337;119;15;e;2.0
Vehicle_6;9230337;120;15;e;2.0
Vehicle_6;9230337;121;15;e;2.0
Vehicle_6;9230337;122;15;e;2.0
Vehicle_6;9230337;123;15;e;1.0410001277923584
Vehicle_6;9230337;124;15;e;1.0410001277923584
Vehicle_6;9230337;125;15;e;1.0410001277923584
Vehicle_6;9230337;126;15;e;1.0410001277923584
Vehicle_6;9230337;127;15;e;1.0410001277923584
Vehicle_6;9230337;128;15;e;1.0399999618530273
Vehicle_6;9230337;129;15;e;1.0399999618530273
Vehicle_6;9230337;130;15;e;1.0399999618530273
Vehicle_6;9230337;131;15;e;1.0399999618530273
Vehicle_6;9230337;132;15;e;1.0399999618530273
Vehicle_6;9230337;133;15;e;1.0399999618530273
Vehicle_6;9230337;134;15;ede;1.0399999618530273
Vehicle_6;9230337;135;15;ede;1.0399999618530273
Vehicle_6;9230337;136;15;e;2.0
Vehicle_6;9230337;137;15;e;2.0
Vehicle_6;9230337;138;15;ed;2.0
Vehicle_6;9230337;139;15;ed;2.0
Vehicle_6;9230337;140;15;ed;2.0
Vehicle_6;9230337;141;15;ed;2.0
Vehicle_6;9230337;142;15;ed;2.0
Vehicle_6;9230337;143;15;ede;2.0
Vehicle_6;9230337;144;15;ed;2.0
Vehicle_6;9230337;145;15;e;2.0
Vehicle_6;9230337;146;15;e8;2.0
Vehicle_6;9230337;147;15;e8;2.0
Vehicle_6;9230337;148;15;e8;2.0
Vehicle_6;9230337;149;15;e8;2.0
Vehicle_6;9230337;150;15;e8;1.0410001277923584
Vehicle_6;9230337;151;15;e8;1.0410001277923584
Vehicle_6;9230337;152;15;e8;1.0410001277923584
Vehicle_6;9230337;153;15;b24;1.0410001277923584
Vehicle_6;9230337;154;15;b2;1.0450000762939453
Vehicle_6;9230337;155;15;b2;1.0450000762939453
Vehicle_6;9230337;156;15;b2;1.0450000762939453
Vehicle_6;9230337;157;15;b2;1.0450000762939453
Vehicle_6;9230337;158;15;e;1.0450000762939453
Vehicle_6;9230337;159;15;e;1.0450000762939453
Vehicle_6;9230337;160;15;ede;1.0450000762939453
Vehicle_6;9230337;161;15;ede;1.0450000762939453
Vehicle_6;9230337;162;15;eded;1.0450000762939453
Vehicle_6;9230337;163;15;edede;1.0450000762939453
Vehicle_6;9230337;164;15;eded;1.0450000762939453
Vehicle_6;9230337;165;15;eded;1.0450000762939453
Vehicle_6;9230337;166;15;ed;1.0450000762939453
Vehicle_6;9230337;167;15;ed;1.0450000762939453
Vehicle_6;9230337;168;15;e;2.248000144958496
Vehicle_6;9230337;169;15;ed;2.248000144958496
Vehicle_6;9230337;170;15;ed;2.248000144958496
Vehicle_6;9230337;171;15;ed;2.248000144958496
Vehicle_6;9230337;172;15;eded;2.248000144958496
Vehicle_6;9230337;173;15;ededb;2.248000144958496
Vehicle_6;9230337;174;15;ede8;2.248000144958496
Vehicle_6;9230337;175;15;edb;2.248000144958496
Vehicle_6;9230337;176;15;e8;2.248000144958496
Vehicle_6;9230337;177;15;e8;2.248000144958496
Vehicle_6;9230337;178;15;e8;2.248000144958496
Vehicle_6;9230337;179;15;b24848;2.248000144958496
Vehicle_6;9230337;180;15;b2;2.248000144958496
Vehicle_6;9230337;181;15;b2;2.248000144958496
Vehicle_6;9230337;182;15;b2;1.0429999828338623
Vehicle_6;9230337;183;15;b2;1.0429999828338623
Vehicle_6;9230337;184;15;b2;1.0429999828338623
Vehicle_6;9230337;185;15;ede;1.0429999828338623
Vehicle_6;9230337;186;15;edede;1.1200001239776611
Vehicle_6;9230337;187;15;ede;1.1200001239776611
Vehicle_6;9230337;188;15;e;1.1200001239776611
Vehicle_6;9230337;189;15;e;1.1200001239776611
Vehicle_6;9230337;190;15;e;1.1200001239776611
Vehicle_6;9230337;191;15;e;1.125
Vehicle_6;9230337;192;15;e;1.125
Vehicle_6;9230337;193;15;e;3.1060001850128174
Vehicle_6;9230337;194;15;e;3.1060001850128174
Vehicle_6;9230337;195;15;e;3.1060001850128174
Vehicle_6;9230337;196;15;ede;3.1060001850128174
Vehicle_6;9230337;197;15;ed;3.1060001850128174
Vehicle_6;9230337;198;15;ed;3.1060001850128174
Vehicle_6;9230337;199;15;ed;3.1060001850128174
Vehicle_6;9230337;200;15;ed;3.1060001850128174
Vehicle_6;9230337;201;15;ed;3.1060001850128174
Vehicle_6;9230337;202;15;e;3.1060001850128174
Vehicle_6;9230337;203;15;e;3.1060001850128174
Vehicle_6;9230337;204;15;e;3.1060001850128174
Vehicle_6;9230337;205;15;ede;3.1060001850128174
Vehicle_6;9230337;206;15;e;3.1060001850128174
Vehicle_6;9230337;207;15;e;1.1089999675750732
Vehicle_6;9230337;208;15;e;1.1089999675750732
Vehicle_6;9230337;209;15;e;1.0410001277923584
Vehicle_6;9230337;210;15;ede;1.0410001277923584
Vehicle_6;9230337;211;15;ede;1.0410001277923584
Vehicle_6;9230337;212;15;ede;1.0410001277923584
Vehicle_6;9230337;213;15;ede;1.0410001277923584
Vehicle_6;9230337;214;15;ede;1.0410001277923584
Vehicle_6;9230337;215;15;ede;1.0410001277923584
Vehicle_6;9230337;216;15;eded;1.0410001277923584
Vehicle_6;9230337;217;15;ededede;1.0410001277923584
Vehicle_6;9230337;218;15;ededed;2.0
Vehicle_6;9230337;219;15;eded;2.0
Vehicle_6;9230337;220;15;ededed;2.0
Vehicle_6;9230337;221;15;ede;2.0
Vehicle_6;9230337;222;15;ede;2.0
Vehicle_6;9230337;223;15;e;2.0
Vehicle_6;9230337;224;15;e;2.0
Vehicle_6;9230337;225;15;ede;2.0
Vehicle_6;9230337;226;15;e;2.0
Vehicle_6;9230337;227;15;ede;2.0
Vehicle_6;9230337;228;15;e;2.0
Vehicle_6;9230337;229;15;e;2.0
Vehicle_6;9230337;230;15;e8;2.0
Vehicle_6;9230337;231;15;e8;2.0
Vehicle_6;9230337;232;15;e8;1.125999927520752
Vehicle_6;9230337;233;15;e8;1.125999927520752
Vehicle_6;9230337;234;15;b2484;1.125999927520752
Vehicle_6;9230337;235;15;b2;1.125999927520752
Vehicle_6;9230337;236;15;b2;1.125999927520752
Vehicle_6;9230337;237;15;b2;1.125999927520752
Vehicle_6;9230337;238;15;b2;1.125999927520752
Vehicle_6;9230337;239;15;b2;1.0429999828338623
Vehicle_6;9230337;240;15;b2;1.0429999828338623
Vehicle_6;9230337;241;15;b2;1.1369998455047607
Vehicle_6;9230337;242;15;e;1.1369998455047607
Vehicle_6;9230337;243;15;ede9;1.1369998455047607
Vehicle_6;9230337;244;15;ede92;1.1369998455047607
Vehicle_6;9230337;245;15;ede812;1.1369998455047607
Vehicle_6;9230337;246;15;edb21;1.1369998455047607
Vehicle_6;9230337;247;15;edb21;1.1369998455047607
Vehicle_6;9230337;248;15;edb212;1.1369998455047607
Vehicle_6;9230337;249;15;edb212;1.1369998455047607
Vehicle_6;9230337;250;15;edb212;1.1369998455047607
Vehicle_6;9230337;251;15;e8121;1.1369998455047607
Vehicle_6;9230337;252;15;e8121;1.1369998455047607
Vehicle_6;9230337;253;15;b2;1.1369998455047607
Vehicle_6;9230337;254;15;e8;1.1369998455047607
Vehicle_6;9230337;255;15;a12;1.0529999732971191
Vehicle_6;9230337;256;15;eded;1.0529999732971191
Vehicle_6;9230337;257;15;ed;1.0529999732971191
Vehicle_6;9230337;258;15;ed;1.0529999732971191
Vehicle_6;9230337;259;15;ed;1.0529999732971191
Vehicle_6;9230337;260;15;ed;1.0399999618530273
Vehicle_6;9230337;261;15;ed;1.0399999618530273
Vehicle_6;9230337;262;15;ed;1.0529999732971191
Vehicle_6;9230337;263;15;ed;1.0529999732971191
Vehicle_6;9230337;264;15;ed;1.0529999732971191
Vehicle_6;9230337;265;15;ed;1.0529999732971191
Vehicle_6;9230337;266;15;e;1.0529999732971191
Vehicle_6;9230337;267;15;e;1.121000051498413
Vehicle_6;9230337;268;15;e;1.121000051498413
Vehicle_6;9230337;269;15;b7e;1.121000051498413
Vehicle_6;9230337;270;15;b7e;1.121000051498413
Vehicle_6;9230337;271;15;b7ed;1.121000051498413
Vehicle_6;9230337;272;15;b21;1.121000051498413
Vehicle_6;9230337;273;15;b21;1.121000051498413
Vehicle_6;9230337;274;15;b212;1.121000051498413
Vehicle_6;9230337;275;15;ede;1.121000051498413
Vehicle_6;9230337;276;15;ede;1.121000051498413
Vehicle_6;9230337;277;15;edede;1.121000051498413
Vehicle_6;9230337;278;15;eded;1.121000051498413
Vehicle_6;9230337;279;15;ed;1.121000051498413
Vehicle_6;9230337;280;15;ed;1.121000051498413
Vehicle_6;9230337;281;15;ed;1.0479998588562012
Vehicle_6;9230337;282;15;ed;1.0479998588562012
Vehicle_6;9230337;283;15;e;1.0479998588562012
Vehicle_6;9230337;284;15;e;1.0479998588562012
Vehicle_6;9230337;285;15;e;1.0479998588562012
Vehicle_6;9230337;286;15;ede;1.0399999618530273
Vehicle_6;9230337;287;15;ede;1.0399999618530273
Vehicle_6;9230337;288;15;e;1.0399999618530273
Vehicle_6;9230337;289;15;e;1.0399999618530273
Vehicle_6;9230337;290;15;e;1.0410001277923584
Vehicle_6;9230337;291;15;e;1.0410001277923584
Vehicle_6;9230337;292;15;e;1.0410001277923584
Vehicle_6;9230337;293;15;e;1.0410001277923584
Vehicle_6;9230337;294;15;ed;1.0410001277923584
Vehicle_6;9230337;295;15;ede;1.0410001277923584
Vehicle_6;9230337;296;15;eded;1.0410001277923584
Vehicle_6;9230337;297;15;ede;1.0410001277923584
Vehicle_6;9230337;298;15;ede;1.0410001277923584
Vehicle_6;9230337;299;15;ede;1.0410001277923584
Vehicle_6;9230337;300;15;e;1.0410001277923584
Vehicle_6;9230337;301;15;e;1.0410001277923584
Vehicle_6;9230337;302;15;e;1.0410001277923584
Vehicle_6;9230337;303;15;e;1.0410001277923584
Vehicle_6;9230337;304;15;e;1.0399999618530273
Vehicle_6;9230337;305;15;e;1.0399999618530273
Vehicle_6;9230337;306;15;eded;1.0399999618530273
Vehicle_6;9230337;307;15;ed;1.0399999618530273
Vehicle_6;9230337;308;15;ed;1.1200001239776611
Vehicle_6;9230337;309;15;e;1.1200001239776611
Vehicle_6;9230337;310;15;e;1.1200001239776611
Vehicle_6;9230337;311;15;ed;1.1200001239776611
Vehicle_6;9230337;312;15;ed;1.1200001239776611
Vehicle_6;9230337;313;15;eded;1.1200001239776611
Vehicle_6;9230337;314;15;ed;1.1200001239776611
Vehicle_6;9230337;315;15;ed;1.1200001239776611
Vehicle_6;9230337;316;15;e;1.1200001239776611
Vehicle_6;9230337;317;15;ed;1.1200001239776611
Vehicle_6;9230337;318;15;ed;1.1200001239776611
Vehicle_6;9230337;319;15;ed;1.1200001239776611
Vehicle_6;9230337;320;15;ed;1.1200001239776611
Vehicle_6;9230337;321;15;ed;1.1200001239776611
Vehicle_6;9230337;322;15;ed;1.11899995803833
Vehicle_6;9230337;323;15;ed;1.121999979019165
Vehicle_6;9230337;324;15;e;1.121999979019165
Vehicle_6;9230337;325;15;e;1.121999979019165
Vehicle_6;9230337;326;15;e;1.121999979019165
Vehicle_6;9230337;327;15;e;1.121999979019165
Vehicle_6;9230337;328;15;ede;1.121999979019165
Vehicle_6;9230337;329;15;ede;1.121999979019165
Vehicle_6;9230337;330;15;e;1.121999979019165
Vehicle_6;9230337;331;15;e;1.121999979019165
Vehicle_6;9230337;332;15;e;1.121999979019165
Vehicle_6;9230337;333;15;e;1.121999979019165
Vehicle_6;9230337;334;15;ede;1.121999979019165
Vehicle_6;9230337;335;15;ede;1.121999979019165
Vehicle_6;9230337;336;15;eded;1.121999979019165
Vehicle_6;9230337;337;15;eded;1.2039999961853027
Vehicle_6;9230337;338;15;ed;1.2039999961853027
Vehicle_6;9230337;339;15;e;1.2039999961853027
Vehicle_6;9230337;340;15;e;1.2039999961853027
Vehicle_6;9230337;341;15;e;1.2039999961853027
Vehicle_6;9230337;342;15;e;1.2039999961853027
Vehicle_6;9230337;343;15;e;1.2039999961853027
Vehicle_6;9230337;344;15;e;1.2039999961853027
Vehicle_6;9230337;345;15;e;1.2039999961853027
Vehicle_6;9230337;346;15;e;1.2039999961853027
Vehicle_6;9230337;347;15;e;1.2039999961853027
Vehicle_6;9230337;348;15;e;1.2039999961853027
Vehicle_6;9230337;349;15;e;1.2039999961853027
Vehicle_6;9230337;350;15;e;1.2039999961853027
Vehicle_6;9230337;351;15;ed;1.0490000247955322
Vehicle_6;9230337;352;15;ed;1.0490000247955322
Vehicle_6;9230337;353;15;ed;1.0490000247955322
Vehicle_6;9230337;354;15;edb;1.0410001277923584
Vehicle_6;9230337;355;15;e8;1.0410001277923584
Vehicle_6;9230337;356;15;e8;1.055999994277954
Vehicle_6;9230337;357;15;e848;1.055999994277954
Vehicle_6;9230337;358;15;e84;1.055999994277954
Vehicle_6;9230337;359;15;b7e;1.055999994277954
Vehicle_6;9230337;360;15;b2;1.055999994277954
Vehicle_6;9230337;361;15;b2;1.055999994277954
Vehicle_6;9230337;362;15;b212;1.055999994277954
Vehicle_6;9230337;363;15;b212;1.055999994277954
Vehicle_6;9230337;364;15;b212;1.055999994277954
Vehicle_6;9230337;365;15;ede;1.055999994277954
Vehicle_6;9230337;366;15;ede;2.0209999084472656
Vehicle_6;9230337;367;15;e;2.0209999084472656
Vehicle_6;9230337;368;15;e;2.0209999084472656
Vehicle_6;9230337;369;15;e;2.0209999084472656
Vehicle_6;9230337;370;15;e;2.0209999084472656
Vehicle_6;9230337;371;15;e;2.0209999084472656
Vehicle_6;9230337;372;15;e;2.0209999084472656
Vehicle_6;9230337;373;15;e;2.0209999084472656
Vehicle_6;9230337;374;15;e;2.0209999084472656
Vehicle_6;9230337;375;15;e;2.0209999084472656
Vehicle_6;9230337;376;15;e;2.0209999084472656
Vehicle_6;9230337;377;15;e;2.0209999084472656
Vehicle_6;9230337;378;15;e;2.0209999084472656
Vehicle_6;9230337;379;15;e;2.0209999084472656
Vehicle_6;9230337;380;15;e;1.9200000762939453
Vehicle_6;9230337;381;15;ede;1.9200000762939453
Vehicle_6;9230337;382;15;ede;1.9200000762939453
Vehicle_6;9230337;383;15;ede;1.9200000762939453
Vehicle_6;9230337;384;15;ede;1.9200000762939453
Vehicle_6;9230337;385;15;ede;1.2009999752044678
Vehicle_6;9230337;386;15;e;1.2009999752044678
Vehicle_6;9230337;387;15;ede;1.2009999752044678
Vehicle_6;9230337;388;15;ede;1.2009999752044678
Vehicle_6;9230337;389;15;ede;1.2009999752044678
Vehicle_6;9230337;390;15;ede;1.2009999752044678
Vehicle_6;9230337;391;15;ede;1.2009999752044678
Vehicle_6;9230337;392;15;ede;1.2009999752044678
Vehicle_6;9230337;393;15;e;1.2009999752044678
Vehicle_6;9230337;394;15;e;1.2009999752044678
Vehicle_6;9230337;395;15;e;1.2009999752044678
Vehicle_6;9230337;396;15;e;1.2009999752044678
Vehicle_6;9230337;397;15;e;1.2009999752044678
Vehicle_6;9230337;398;15;ede;1.2009999752044678
Vehicle_6;9230337;399;15;ede;1.2000000476837158
Vehicle_6;9230337;400;15;e;1.2000000476837158
Vehicle_6;9230337;401;15;e;1.2000000476837158
Vehicle_6;9230337;402;15;e;1.053999900817871
Vehicle_6;9230337;403;15;e;1.053999900817871
Vehicle_6;9230337;404;15;e;1.053999900817871
Vehicle_6;9230337;405;15;e;1.053999900817871
Vehicle_6;9230337;406;15;e;1.053999900817871
Vehicle_6;9230337;407;15;e;1.053999900817871
Vehicle_6;9230337;408;15;e;1.053999900817871
Vehicle_6;9230337;409;15;e;1.053999900817871
Vehicle_6;9230337;410;15;e;1.053999900817871
Vehicle_6;9230337;411;15;e;1.053999900817871
Vehicle_6;9230337;412;15;e;1.053999900817871
Vehicle_6;9230337;413;15;e;1.053999900817871
Vehicle_6;9230337;414;15;ed;1.0410001277923584
Vehicle_6;9230337;415;15;ed;1.0410001277923584
Vehicle_6;9230337;416;15;ed;1.0410001277923584
Vehicle_6;9230337;417;15;e;1.0410001277923584
Vehicle_6;9230337;418;15;e;1.0410001277923584
Vehicle_6;9230337;419;15;ed;1.0410001277923584
Vehicle_6;9230337;420;15;ed;1.0410001277923584
Vehicle_6;9230337;421;15;ede;1.0410001277923584
Vehicle_6;9230337;422;15;ede;1.0410001277923584
Vehicle_6;9230337;423;15;ede;1.0410001277923584
Vehicle_6;9230337;424;15;eded;1.0410001277923584
Vehicle_6;9230337;425;15;eded;1.0410001277923584
Vehicle_6;9230337;426;15;ededb;1.0410001277923584
Vehicle_6;9230337;427;15;ededb2;1.0410001277923584
Vehicle_6;9230337;428;15;ededb2;1.0410001277923584
Vehicle_6;9230337;429;15;ede81;1.0410001277923584
Vehicle_6;9230337;430;15;ede81;1.121000051498413
Vehicle_6;9230337;431;15;edb2;1.121000051498413
Vehicle_6;9230337;432;15;b7e8;1.121000051498413
Vehicle_6;9230337;433;15;a;1.121000051498413
Vehicle_6;9230337;434;15;e8;1.121000051498413
Vehicle_6;9230337;435;15;e81;1.121000051498413
Vehicle_6;9230337;436;15;e81;1.121000051498413
Vehicle_6;9230337;437;15;e81;1.121000051498413
Vehicle_6;9230337;438;15;b2;1.121000051498413
Vehicle_6;9230337;439;15;e;1.1340000629425049
Vehicle_6;9230337;440;15;e;1.1340000629425049
Vehicle_6;9230337;441;15;e;1.1340000629425049
Vehicle_6;9230337;442;15;e;1.1340000629425049
Vehicle_6;9230337;443;15;e;1.1340000629425049
Vehicle_6;9230337;444;15;e;1.1340000629425049
Vehicle_6;9230337;445;15;e8;1.1340000629425049
Vehicle_6;9230337;446;15;e;1.1340000629425049
Vehicle_6;9230337;447;15;e;1.1340000629425049
Vehicle_6;9230337;448;15;eded;1.1340000629425049
Vehicle_6;9230337;449;15;ede;1.1340000629425049
Vehicle_6;9230337;450;15;edede;1.1340000629425049
Vehicle_6;9230337;451;15;edede8;1.1340000629425049
Vehicle_6;9230337;452;15;ede8;1.1340000629425049
Vehicle_6;9230337;453;15;ede8;1.0410001277923584
Vehicle_6;9230337;454;15;ede8;1.0410001277923584
Vehicle_6;9230337;455;15;ede8;1.0540001392364502
Vehicle_6;9230337;456;15;ede8;1.0540001392364502
Vehicle_6;9230337;457;15;ede8;1.0540001392364502
Vehicle_6;9230337;458;15;eda;1.6000001430511475
Vehicle_6;9230337;459;15;eda;1.6000001430511475
Vehicle_6;9230337;460;15;e8;1.6000001430511475
Vehicle_6;9230337;461;15;e8;1.6000001430511475
Vehicle_6;9230337;462;15;e8;1.6000001430511475
Vehicle_6;9230337;463;15;8;2.0
Vehicle_6;9230337;464;15;;2.0
Vehicle_6;9230337;465;15;;2.0
Vehicle_6;9230337;466;15;;2.0
Vehicle_6;9230337;467;15;;2.0
Vehicle_6;9230337;468;15;;2.0
Vehicle_6;9230337;469;15;;2.0
Vehicle_6;9230337;470;15;;2.0
Vehicle_6;9230337;471;15;;2.0
Vehicle_6;9230337;472;15;12;2.0
Vehicle_6;9230337;473;15;12;2.0
Vehicle_6;9230337;474;15;12;2.0
Vehicle_6;9230337;475;15;121;2.0
Vehicle_6;9230337;476;15;1;2.0
Vehicle_6;9230337;477;15;1;2.0
Vehicle_6;9230337;478;15;1;2.0
Vehicle_6;9230337;479;15;1;2.0
Vehicle_6;9230337;480;15;1;2.0
Vehicle_6;9230337;481;15;1;2.0
Vehicle_6;9230337;482;15;1;2.0
Vehicle_6;9230337;483;15;1;2.0
Vehicle_6;9230337;484;15;e8;2.0
Vehicle_6;9230337;485;15;e84;2.0
Vehicle_6;9230337;486;15;e848;2.0
Vehicle_6;9230337;487;15;e848;2.0
Vehicle_6;9230337;488;15;e848;2.0
Vehicle_6;9230337;489;15;e8;1.0520000457763672
Vehicle_6;9230337;490;15;b24;1.0520000457763672
Vehicle_6;9230337;491;15;ede8;1.0520000457763672
Vehicle_6;9230337;492;15;b2124;1.0520000457763672
Vehicle_6;9230337;493;15;b24;1.0520000457763672
Vehicle_6;9230337;494;15;b212484;1.0520000457763672
Vehicle_6;9230337;495;15;b7b24;1.0520000457763672
Vehicle_6;9230337;496;15;b24;1.0520000457763672
Vehicle_6;9230337;497;15;b24;1.0520000457763672
Vehicle_6;9230337;498;15;e81;1.0520000457763672
Vehicle_6;9230337;499;15;b24;1.0520000457763672
Vehicle_6;9230337;500;15;b2;1.0520000457763672
Vehicle_6;9230337;501;15;b2;1.0399999618530273
Vehicle_6;9230337;502;15;b2;1.0400002002716064
Vehicle_6;9230337;503;15;b7b2;1.0400002002716064
Vehicle_6;9230337;504;15;b7e;2.01200008392334
Vehicle_6;9230337;505;15;b2124;2.01200008392334
Vehicle_6;9230337;506;15;b2124;2.01200008392334
Vehicle_6;9230337;507;15;e8;2.01200008392334
Vehicle_6;9230337;508;15;ede8;2.01200008392334
Vehicle_6;9230337;509;15;e8;2.01200008392334
Vehicle_6;9230337;510;15;e8;2.01200008392334
Vehicle_6;9230337;511;15;b2484;2.01200008392334
Vehicle_6;9230337;512;15;e848;2.01200008392334
Vehicle_6;9230337;513;15;b24;2.01200008392334
Vehicle_6;9230337;514;15;b212484;2.01200008392334
Vehicle_6;9230337;515;15;b24;2.01200008392334
Vehicle_6;9230337;516;15;b24;2.01200008392334
Vehicle_6;9230337;517;15;e8481;2.01200008392334
Vehicle_6;9230337;518;15;e81;2.0
Vehicle_6;9230337;519;15;b2;2.0
Vehicle_6;9230337;520;15;b2;2.0
Vehicle_6;9230337;521;15;b2;2.0
Vehicle_6;9230337;522;15;b2;2.0
Vehicle_6;9230337;523;15;b2;2.0
Vehicle_6;9230337;524;15;b7ede8;2.0
Vehicle_6;9230337;525;15;b7e8;2.0
Vehicle_6;9230337;526;15;b24;2.0
Vehicle_6;9230337;527;15;e8;2.0
Vehicle_6;9230337;528;15;e8;2.0
Vehicle_6;9230337;529;15;e8;2.0
Vehicle_6;9230337;530;15;e8;2.0
Vehicle_6;9230337;531;15;b24;1.121999979019165
Vehicle_6;9230337;532;15;b2484;1.121999979019165
Vehicle_6;9230337;533;15;b24;1.121999979019165
Vehicle_6;9230337;534;15;b24;1.121999979019165
Vehicle_6;9230337;535;15;b24;1.121999979019165
Vehicle_6;9230337;536;15;b24;1.0429999828338623
Vehicle_6;9230337;537;15;b2484;2.002000093460083
Vehicle_6;9230337;538;15;b248;2.002000093460083
Vehicle_6;9230337;539;15;b7b2;2.002000093460083
Vehicle_6;9230337;540;15;b7b2124;2.002000093460083
Vehicle_6;9230337;541;15;b2;2.002000093460083
Vehicle_6;9230337;542;15;b2;2.002000093460083
Vehicle_6;9230337;543;15;b212;2.002000093460083
Vehicle_6;9230337;544;15;b212;2.002000093460083
Vehicle_6;9230337;545;15;b212;2.002000093460083
Vehicle_6;9230337;546;15;b24;2.002000093460083
Vehicle_6;9230337;547;15;e8;2.002000093460083
Vehicle_6;9230337;548;15;e81;2.002000093460083
Vehicle_6;9230337;549;15;ede812;2.002000093460083
Vehicle_6;9230337;550;15;ede812;2.002000093460083
Vehicle_6;9230337;551;15;ede812;1.121000051498413
Vehicle_6;9230337;552;15;ede8121;1.121000051498413
Vehicle_6;9230337;553;15;ede81;1.121000051498413
Vehicle_6;9230337;554;15;ede81;1.121000051498413
Vehicle_6;9230337;555;15;e81;1.121000051498413
Vehicle_6;9230337;556;15;e8121;1.121000051498413
Vehicle_6;9230337;557;15;e81;1.121000051498413
Vehicle_6;9230337;558;15;e81;1.121000051498413
Vehicle_6;9230337;559;15;a1212;1.121000051498413
Vehicle_6;9230337;560;15;481;1.121000051498413
Vehicle_6;9230337;561;15;b25e;1.0409998893737793
Vehicle_6;9230337;562;15;a12;1.0409998893737793
Vehicle_6;9230337;563;15;17;1.2189998626708984
Vehicle_6;9230337;564;15;e8;1.2189998626708984
Vehicle_6;9230337;565;15;e8;1.2189998626708984
Vehicle_6;9230337;566;15;e8;1.2189998626708984
Vehicle_6;9230337;567;15;e8;1.2189998626708984
Vehicle_6;9230337;568;15;e8;1.2189998626708984
Vehicle_6;9230337;569;15;e848;1.2189998626708984
Vehicle_6;9230337;570;15;e848;1.2189998626708984
Vehicle_6;9230337;571;15;e848;1.2189998626708984
Vehicle_6;9230337;572;15;e8;1.2189998626708984
Vehicle_6;9230337;573;15;b2124;1.2189998626708984
Vehicle_6;9230337;574;15;b2124;1.2189998626708984
Vehicle_6;9230337;575;15;b2;1.2189998626708984
Vehicle_6;9230337;576;15;b2;1.2189998626708984
Vehicle_6;9230337;577;15;b24;1.0410001277923584
Vehicle_6;9230337;578;15;b24;1.0410001277923584
Vehicle_6;9230337;579;15;b7b24;1.0410001277923584
Vehicle_6;9230337;580;15;b7e8;1.0410001277923584
Vehicle_6;9230337;581;15;b24;1.0520000457763672
Vehicle_6;9230337;582;15;b24;1.0520000457763672
Vehicle_6;9230337;583;15;b24;1.0520000457763672
Vehicle_6;9230337;584;15;b2;1.0520000457763672
Vehicle_6;9230337;585;15;b2;1.0520000457763672
Vehicle_6;9230337;586;15;b2;1.9189999103546143
Vehicle_6;9230337;587;15;b2;1.9189999103546143
Vehicle_6;9230337;588;15;b2;1.9189999103546143
Vehicle_6;9230337;589;15;b2;1.9189999103546143
Vehicle_6;9230337;590;15;e;1.9189999103546143
Vehicle_6;9230337;591;15;e;1.9189999103546143
Vehicle_6;9230337;592;15;e8;1.9189999103546143
Vehicle_6;9230337;593;15;e8;1.9189999103546143
Vehicle_6;9230337;594;15;e84;1.9189999103546143
Vehicle_6;9230337;595;15;e84;1.9189999103546143
Vehicle_6;9230337;596;15;e8;1.9189999103546143
Vehicle_6;9230337;597;15;e8;1.9189999103546143
Vehicle_6;9230337;598;15;e8;1.9189999103546143
Vehicle_6;9230337;599;15;e8;1.9189999103546143
Vehicle_6;9230337;600;15;b2124;1.3600001335144043
Vehicle_6;9230337;601;15;b7b24;1.2000000476837158
Vehicle_6;9230337;602;15;b248;1.2000000476837158
Vehicle_6;9230337;603;15;b248;1.2000000476837158
Vehicle_6;9230337;604;15;b7b2;2.0
Vehicle_6;9230337;605;15;b2;2.0
Vehicle_6;9230337;606;15;b2;2.0
Vehicle_6;9230337;607;15;b2124;2.0
Vehicle_6;9230337;608;15;b21248;2.0
Vehicle_6;9230337;609;15;b2124;2.0
Vehicle_6;9230337;610;15;b2124;2.0
Vehicle_6;9230337;611;15;b24;2.0
Vehicle_6;9230337;612;15;e;2.0
Vehicle_6;9230337;613;15;e8;2.0
Vehicle_6;9230337;614;15;e;2.0
Vehicle_6;9230337;615;15;e;2.0
Vehicle_6;9230337;616;15;ede;2.0
Vehicle_6;9230337;617;15;e;2.0
Vehicle_6;9230337;618;15;b24;1.0410001277923584
Vehicle_6;9230337;619;15;e;1.0410001277923584
Vehicle_6;9230337;620;15;e;1.0410001277923584
Vehicle_6;9230337;621;15;e8;1.121000051498413
Vehicle_6;9230337;622;15;e8;1.121000051498413
Vehicle_6;9230337;623;15;e8;1.121000051498413
Vehicle_6;9230337;624;15;e8;1.121000051498413
Vehicle_6;9230337;625;15;e8;1.121000051498413
Vehicle_6;9230337;626;15;e;1.121000051498413
Vehicle_6;9230337;627;15;b2;1.121000051498413
Vehicle_6;9230337;628;15;b2;1.121000051498413
Vehicle_6;9230337;629;15;b2;1.121000051498413
Vehicle_6;9230337;630;15;b2;1.121000051498413
Vehicle_6;9230337;631;15;b2;1.121000051498413
Vehicle_6;9230337;632;15;b2;1.121000051498413
Vehicle_6;9230337;633;15;b2;1.121000051498413
Vehicle_6;9230337;634;15;e;1.121000051498413
Vehicle_6;9230337;635;15;e;1.1200001239776611
Vehicle_6;9230337;636;15;b2;1.1200001239776611
Vehicle_6;9230337;637;15;ede;1.1200001239776611
Vehicle_6;9230337;638;15;ede;1.1200001239776611
Vehicle_6;9230337;639;15;eded;1.1200001239776611
Vehicle_6;9230337;640;15;eded;1.1200001239776611
Vehicle_6;9230337;641;15;eded;1.0409998893737793
Vehicle_6;9230337;642;15;eded;1.0409998893737793
Vehicle_6;9230337;643;15;eded;1.0409998893737793
Vehicle_6;9230337;644;15;ede;1.0409998893737793
Vehicle_6;9230337;645;15;ed;1.0409998893737793
Vehicle_6;9230337;646;15;ed;1.0409998893737793
Vehicle_6;9230337;647;15;e9;1.0409998893737793
Vehicle_6;9230337;648;15;e92;1.0409998893737793
Vehicle_6;9230337;649;15;e92;1.0409998893737793
Vehicle_6;9230337;650;15;ede92;1.0409998893737793
Vehicle_6;9230337;651;15;ede92;1.0409998893737793
Vehicle_6;9230337;652;15;edede92;1.0400002002716064
Vehicle_6;9230337;653;15;ededa;1.0400002002716064
Vehicle_6;9230337;654;15;a4;1.0400002002716064
Vehicle_6;9230337;655;15;a4d;1.0400002002716064
Vehicle_6;9230337;656;15;a4d;1.0400002002716064
Vehicle_6;9230337;657;15;a4d;1.0400002002716064
Vehicle_6;9230337;658;15;a4d;1.0399999618530273
Vehicle_6;9230337;659;15;a4d;1.0399999618530273
Vehicle_6;9230337;660;15;a12;1.0399999618530273
Vehicle_6;9230337;661;15;12;1.0399999618530273
Vehicle_6;9230337;662;15;12;1.0399999618530273
Vehicle_6;9230337;663;15;12;1.0399999618530273
Vehicle_6;9230337;664;15;12;1.0399999618530273
Vehicle_6;9230337;665;15;1212;2.0
Vehicle_6;9230337;666;15;1212;2.0
Vehicle_6;9230337;667;15;ede;2.0
Vehicle_6;9230337;668;15;e8;2.0
Vehicle_6;9230337;669;15;e8;2.0
Vehicle_6;9230337;670;15;e8;2.0
Vehicle_6;9230337;671;15;e8;2.0
Vehicle_6;9230337;672;15;e8;2.0
Vehicle_6;9230337;673;15;ede8;2.0
Vehicle_6;9230337;674;15;edede8;2.0
Vehicle_6;9230337;675;15;eda4;2.0
Vehicle_6;9230337;676;15;a4;2.0
Vehicle_6;9230337;677;15;a4d;2.0
Vehicle_6;9230337;678;15;a4de;2.0
Vehicle_6;9230337;679;15;a4ded;1.0410001277923584
Vehicle_6;9230337;680;15;a4deda;1.0399999618530273
Vehicle_6;9230337;681;15;1212;1.0399999618530273
Vehicle_6;9230337;682;15;1212;1.0410001277923584
Vehicle_6;9230337;683;15;1212;1.0410001277923584
Vehicle_6;9230337;684;15;1212;1.0410001277923584
Vehicle_6;9230337;685;15;1212;1.0410001277923584
Vehicle_6;9230337;686;15;1212;1.0410001277923584
Vehicle_6;9230337;687;15;1212;1.0410001277923584
Vehicle_6;9230337;688;15;ede8;1.0410001277923584
Vehicle_6;9230337;689;15;ede8;1.0410001277923584
Vehicle_6;9230337;690;15;de8;1.0410001277923584
Vehicle_6;9230337;691;15;e8;1.0410001277923584
Vehicle_6;9230337;692;15;8;1.0410001277923584
Vehicle_6;9230337;693;15;;1.0410001277923584
Vehicle_6;9230337;694;15;;61.436999797821045
Vehicle_6;9230337;695;15;12;61.436999797821045
Vehicle_6;9230337;696;15;12;61.436999797821045
Vehicle_6;9230337;697;15;12;61.436999797821045
Vehicle_6;9230337;698;15;12;61.436999797821045
Vehicle_6;9230337;699;15;12;61.436999797821045
Vehicle_6;9230337;700;15;12;61.436999797821045
Vehicle_6;9230337;701;15;12;61.436999797821045
Vehicle_6;9230337;702;15;12;61.436999797821045
Vehicle_6;9230337;703;15;12;61.436999797821045
Vehicle_6;9230337;704;15;12;61.436999797821045
Vehicle_6;9230337;705;15;12;61.436999797821045
Vehicle_6;9230337;706;15;12;61.436999797821045
Vehicle_6;9230337;707;15;e;61.436999797821045
Vehicle_6;9230337;708;15;e;31.680000066757202
Vehicle_6;9230337;709;15;edede;3.140000104904175
Vehicle_6;9230337;710;15;edede8;23.115999937057495
Vehicle_6;9230337;711;15;edede8;23.115999937057495
Vehicle_6;9230337;712;15;a4;23.115999937057495
Vehicle_6;9230337;713;15;a4;23.115999937057495
Vehicle_6;9230337;714;15;a4;23.115999937057495
Vehicle_6;9230337;715;15;a4d;23.115999937057495
Vehicle_6;9230337;716;15;a4d;23.115999937057495
Vehicle_6;9230337;717;15;a4d;23.115999937057495
Vehicle_6;9230337;718;15;a4d;23.115999937057495
Vehicle_6;9230337;719;15;a4d;23.115999937057495
Vehicle_6;9230337;720;15;a4d;23.115999937057495
Vehicle_6;9230337;721;15;a484d;23.115999937057495
Vehicle_6;9230337;722;15;a484d;23.115999937057495
Vehicle_6;9230337;723;15;17b2;23.115999937057495
Vehicle_6;9230337;724;15;17b2;1.1200001239776611
Vehicle_6;9230337;725;15;b7ed;1.1200001239776611
Vehicle_6;9230337;726;15;b212;1.1200001239776611
Vehicle_6;9230337;727;15;ede;1.1200001239776611
Vehicle_6;9230337;728;15;ede;1.1200001239776611
Vehicle_6;9230337;729;15;ede;1.1200001239776611
Vehicle_6;9230337;730;15;eded;56.14199995994568
Vehicle_6;9230337;731;15;ededb;56.14199995994568
Vehicle_6;9230337;732;15;ede8;56.14199995994568
Vehicle_6;9230337;733;15;ede8;56.14199995994568
Vehicle_6;9230337;734;15;e8;56.14199995994568
Vehicle_6;9230337;735;15;e8;56.14199995994568
Vehicle_6;9230337;736;15;e8;56.14199995994568
Vehicle_6;9230337;737;15;b2;56.14199995994568
Vehicle_6;9230337;738;15;b2;56.14199995994568
Vehicle_6;9230337;739;15;e92;56.14199995994568
Vehicle_6;9230337;740;15;e81;56.14199995994568
Vehicle_6;9230337;741;15;e81;56.14199995994568
Vehicle_6;9230337;742;15;e81;56.14199995994568
Vehicle_6;9230337;743;15;b2;56.14199995994568
Vehicle_6;9230337;744;15;e;1.6800000667572021
Vehicle_6;9230337;745;15;e;1.6800000667572021
Vehicle_6;9230337;746;15;e;1.6800000667572021
Vehicle_6;9230337;747;15;e;1.1200001239776611
Vehicle_6;9230337;748;15;e8;1.1999998092651367
Vehicle_6;9230337;749;15;e8;1.1999998092651367
Vehicle_6;9230337;750;15;e8;1.1999998092651367
Vehicle_6;9230337;751;15;e8;1.1999998092651367
Vehicle_6;9230337;752;15;e8;1.1999998092651367
Vehicle_6;9230337;753;15;e8;1.1999998092651367
Vehicle_6;9230337;754;15;b2;1.1999998092651367
Vehicle_6;9230337;755;15;b2;1.1999998092651367
Vehicle_6;9230337;756;15;b2;1.1999998092651367
Vehicle_6;9230337;757;15;b2;1.1999998092651367
Vehicle_6;9230337;758;15;b2;1.1999998092651367
Vehicle_6;9230337;759;15;b2;1.1999998092651367
Vehicle_6;9230337;760;15;ed;1.1999998092651367
Vehicle_6;9230337;761;15;ed;1.1999998092651367
Vehicle_6;9230337;762;15;ed;1.0409998893737793
Vehicle_6;9230337;763;15;ed;1.121000051498413
Vehicle_6;9230337;764;15;e;1.121000051498413
Vehicle_6;9230337;765;15;e;1.121000051498413
Vehicle_6;9230337;766;15;e;1.121000051498413
Vehicle_6;9230337;767;15;ed;1.121000051498413
Vehicle_6;9230337;768;15;ed;1.121000051498413
Vehicle_6;9230337;769;15;ed;1.121000051498413
Vehicle_6;9230337;770;15;ed;1.121000051498413
Vehicle_6;9230337;771;15;ed;1.121000051498413
Vehicle_6;9230337;772;15;ed;1.121000051498413
Vehicle_6;9230337;773;15;e;1.121000051498413
Vehicle_6;9230337;774;15;e;1.121000051498413
Vehicle_6;9230337;775;15;e;1.121000051498413
Vehicle_6;9230337;776;15;e;1.121000051498413
Vehicle_6;9230337;777;15;e;1.0400002002716064
Vehicle_6;9230337;778;15;ed;1.0400002002716064
Vehicle_6;9230337;779;15;ed;1.0400002002716064
Vehicle_6;9230337;780;15;ed;1.0400002002716064
Vehicle_6;9230337;781;15;ed;1.0400002002716064
Vehicle_6;9230337;782;15;edb;1.0400002002716064
Vehicle_6;9230337;783;15;e8;1.0400002002716064
Vehicle_6;9230337;784;15;e8;1.121999979019165
Vehicle_6;9230337;785;15;e8;1.121999979019165
Vehicle_6;9230337;786;15;e;1.121999979019165
Vehicle_6;9230337;787;15;e;1.121999979019165
Vehicle_6;9230337;788;15;e;1.121999979019165
Vehicle_6;9230337;789;15;e;1.121999979019165
Vehicle_6;9230337;790;15;e;1.121999979019165
Vehicle_6;9230337;791;15;e;1.121999979019165
Vehicle_6;9230337;792;15;e;1.121999979019165
Vehicle_6;9230337;793;15;e;3.0400002002716064
Vehicle_6;9230337;794;15;ede;3.0400002002716064
Vehicle_6;9230337;795;15;eded;3.0400002002716064
Vehicle_6;9230337;796;15;ede;3.0400002002716064
Vehicle_6;9230337;797;15;ede;3.0400002002716064
Vehicle_6;9230337;798;15;ede;3.0400002002716064
Vehicle_6;9230337;799;15;edede;3.0400002002716064
Vehicle_6;9230337;800;15;e;3.0400002002716064
Vehicle_6;9230337;801;15;e;3.0400002002716064
Vehicle_6;9230337;802;15;e;3.0400002002716064
Vehicle_6;9230337;803;15;e;3.0400002002716064
Vehicle_6;9230337;804;15;e8;3.0400002002716064
Vehicle_6;9230337;805;15;e8;3.0400002002716064
Vehicle_6;9230337;806;15;e8;3.0400002002716064
Vehicle_6;9230337;807;15;e8;1.0399999618530273
Vehicle_6;9230337;808;15;e8;1.0399999618530273
Vehicle_6;9230337;809;15;e8;1.0399999618530273
Vehicle_6;9230337;810;15;e8;1.0399999618530273
Vehicle_6;9230337;811;15;e8;1.0410001277923584
Vehicle_6;9230337;812;15;e8;1.0410001277923584
Vehicle_6;9230337;813;15;b24;1.0410001277923584
Vehicle_6;9230337;814;15;b2;1.0410001277923584
Vehicle_6;9230337;815;15;b2;1.0410001277923584
Vehicle_6;9230337;816;15;b2;1.0410001277923584
Vehicle_6;9230337;817;15;b2;1.0410001277923584
Vehicle_6;9230337;818;15;e;1.0410001277923584
Vehicle_6;9230337;819;15;e8;1.0410001277923584
Vehicle_6;9230337;820;15;e8;1.0410001277923584
Vehicle_6;9230337;821;15;e8;1.0410001277923584
Vehicle_6;9230337;822;15;e8;1.121000051498413
Vehicle_6;9230337;823;15;e84;1.121000051498413
Vehicle_6;9230337;824;15;e8;1.121000051498413
Vehicle_6;9230337;825;15;e8;1.121000051498413
Vehicle_6;9230337;826;15;e8;1.121000051498413
Vehicle_6;9230337;827;15;e8;1.121000051498413
Vehicle_6;9230337;828;15;b212;1.121000051498413
Vehicle_6;9230337;829;15;b24;1.999000072479248
Vehicle_6;9230337;830;15;b24;1.999000072479248
Vehicle_6;9230337;831;15;b24;1.999000072479248
Vehicle_6;9230337;832;15;b21248;1.999000072479248
Vehicle_6;9230337;833;15;b7b24;1.999000072479248
Vehicle_6;9230337;834;15;b24;1.999000072479248
Vehicle_6;9230337;835;15;b2;1.999000072479248
Vehicle_6;9230337;836;15;b2;1.999000072479248
Vehicle_6;9230337;837;15;b2;1.999000072479248
Vehicle_6;9230337;838;15;b24;1.999000072479248
Vehicle_6;9230337;839;15;b7e8;1.999000072479248
Vehicle_6;9230337;840;15;b248;1.999000072479248
Vehicle_6;9230337;841;15;b24;1.999000072479248
Vehicle_6;9230337;842;15;e8;1.999000072479248
Vehicle_6;9230337;843;15;e8;1.0419998168945312
Vehicle_6;9230337;844;15;e8;1.0419998168945312
Vehicle_6;9230337;845;15;b24;1.0409998893737793
Vehicle_6;9230337;846;15;ede848;1.0409998893737793
Vehicle_6;9230337;847;15;b24;1.0399999618530273
Vehicle_6;9230337;848;15;b2;1.0420000553131104
Vehicle_6;9230337;849;15;b7b212;1.0420000553131104
Vehicle_6;9230337;850;15;b2;1.0420000553131104
Vehicle_6;9230337;851;15;b2;1.0420000553131104
Vehicle_6;9230337;852;15;b2;1.0420000553131104
Vehicle_6;9230337;853;15;b2;1.0420000553131104
Vehicle_6;9230337;854;15;b2;1.0420000553131104
Vehicle_6;9230337;855;15;b7e;1.0420000553131104
Vehicle_6;9230337;856;15;b7e;1.0420000553131104
Vehicle_6;9230337;857;15;b2;1.0420000553131104
Vehicle_6;9230337;858;15;e;1.0420000553131104
Vehicle_6;9230337;859;15;ede;1.0420000553131104
Vehicle_6;9230337;860;15;ede;1.0420000553131104
Vehicle_6;9230337;861;15;b212;1.0420000553131104
Vehicle_6;9230337;862;15;e;1.1200001239776611
Vehicle_6;9230337;863;15;e;1.1200001239776611
Vehicle_6;9230337;864;15;ede;1.1200001239776611
Vehicle_6;9230337;865;15;e8;1.1200001239776611
Vehicle_6;9230337;866;15;e8;1.1200001239776611
Vehicle_6;9230337;867;15;e8;1.1200001239776611
Vehicle_6;9230337;868;15;e8;1.1200001239776611
Vehicle_6;9230337;869;15;b24;1.1200001239776611
Vehicle_6;9230337;870;15;b2;1.1200001239776611
Vehicle_6;9230337;871;15;b2;1.1200001239776611
Vehicle_6;9230337;872;15;b2;1.1200001239776611
Vehicle_6;9230337;873;15;e81;1.1200001239776611
Vehicle_6;9230337;874;15;b2;1.1200001239776611
Vehicle_6;9230337;875;15;b2;1.1200001239776611
Vehicle_6;9230337;876;15;b2;1.0409998893737793
Vehicle_6;9230337;877;15;b2;1.0409998893737793
Vehicle_6;9230337;878;15;b2;1.0409998893737793
Vehicle_6;9230337;879;15;e;1.0399999618530273
Vehicle_6;9230337;880;15;e;1.0399999618530273
Vehicle_6;9230337;881;15;e;1.0399999618530273
Vehicle_6;9230337;882;15;e;1.0399999618530273
Vehicle_6;9230337;883;15;e;1.0399999618530273
Vehicle_6;9230337;884;15;ed;1.0399999618530273
Vehicle_6;9230337;885;15;ed;1.0399999618530273
Vehicle_6;9230337;886;15;ed;1.0399999618530273
Vehicle_6;9230337;887;15;ed;1.0399999618530273
Vehicle_6;9230337;888;15;ed;1.0410001277923584
Vehicle_6;9230337;889;15;ed;1.0410001277923584
Vehicle_6;9230337;890;15;ed;1.0410001277923584
Vehicle_6;9230337;891;15;ed;1.0410001277923584
Vehicle_6;9230337;892;15;ed;1.0410001277923584
Vehicle_6;9230337;893;15;ed;1.0410001277923584
Vehicle_6;9230337;894;15;ed;1.0410001277923584
Vehicle_6;9230337;895;15;e;1.0410001277923584
Vehicle_6;9230337;896;15;ede;1.0410001277923584
Vehicle_6;9230337;897;15;ede8;1.0410001277923584
Vehicle_6;9230337;898;15;ede;1.0410001277923584
Vehicle_6;9230337;899;15;e;1.0419998168945312
Vehicle_6;9230337;900;15;e8;1.0419998168945312
Vehicle_6;9230337;901;15;e8;1.0419998168945312
Vehicle_6;9230337;902;15;e;1.0419998168945312
Vehicle_6;9230337;903;15;e;1.0419998168945312
Vehicle_6;9230337;904;15;e;1.0419998168945312
Vehicle_6;9230337;905;15;e8;1.0419998168945312
Vehicle_6;9230337;906;15;b24;1.0419998168945312
Vehicle_6;9230337;907;15;b2;2.000999927520752
Vehicle_6;9230337;908;15;e;2.000999927520752
Vehicle_6;9230337;909;15;e;2.000999927520752
Vehicle_6;9230337;910;15;e;2.000999927520752
Vehicle_6;9230337;911;15;e;2.000999927520752
Vehicle_6;9230337;912;15;e;2.000999927520752
Vehicle_6;9230337;913;15;e;2.000999927520752
Vehicle_6;9230337;914;15;e8;2.000999927520752
Vehicle_6;9230337;915;15;b24;2.000999927520752
Vehicle_6;9230337;916;15;b248;2.000999927520752
Vehicle_6;9230337;917;15;e8;2.000999927520752
Vehicle_6;9230337;918;15;e84;2.000999927520752
Vehicle_6;9230337;919;15;e8;2.000999927520752
Vehicle_6;9230337;920;15;e;2.000999927520752
Vehicle_6;9230337;921;15;b2;1.0409998893737793
Vehicle_6;9230337;922;15;e;1.0409998893737793
Vehicle_6;9230337;923;15;b2;1.0409998893737793
Vehicle_6;9230337;924;15;b212;1.0399999618530273
Vehicle_6;9230337;925;15;b21212;1.0399999618530273
Vehicle_6;9230337;926;15;b2;1.0410001277923584
Vehicle_6;9230337;927;15;e;1.0410001277923584
Vehicle_6;9230337;928;15;e;1.0410001277923584
Vehicle_6;9230337;929;15;e;1.0410001277923584
Vehicle_6;9230337;930;15;e8;1.0410001277923584
Vehicle_6;9230337;931;15;e8;1.0410001277923584
Vehicle_6;9230337;932;15;ede;1.0410001277923584
Vehicle_6;9230337;933;15;b2;1.0410001277923584
Vehicle_6;9230337;934;15;e;1.0410001277923584
Vehicle_6;9230337;935;15;e;1.0410001277923584
Vehicle_6;9230337;936;15;e;1.0410001277923584
Vehicle_6;9230337;937;15;e8;1.0420000553131104
Vehicle_6;9230337;938;15;ede;1.0420000553131104
Vehicle_6;9230337;939;15;ede;1.0420000553131104
Vehicle_6;9230337;940;15;ede8;1.0420000553131104
Vehicle_6;9230337;941;15;e8;1.0420000553131104
Vehicle_6;9230337;942;15;e8;1.0420000553131104
Vehicle_6;9230337;943;15;e;1.122999906539917
Vehicle_6;9230337;944;15;e;1.122999906539917
Vehicle_6;9230337;945;15;e8;1.122999906539917
Vehicle_6;9230337;946;15;b24;1.9160001277923584
Vehicle_6;9230337;947;15;e8;1.9160001277923584
Vehicle_6;9230337;948;15;e8;1.9160001277923584
Vehicle_6;9230337;949;15;ede81;1.9160001277923584
Vehicle_6;9230337;950;15;ede81;1.9160001277923584
Vehicle_6;9230337;951;15;e812;1.9160001277923584
Vehicle_6;9230337;952;15;b24d;1.9160001277923584
Vehicle_6;9230337;953;15;e8;1.9160001277923584
Vehicle_6;9230337;954;15;b7b2484;1.9160001277923584
Vehicle_6;9230337;955;15;b2484;1.9160001277923584
Vehicle_6;9230337;956;15;b24;1.9160001277923584
Vehicle_6;9230337;957;15;b212484;1.9160001277923584
Vehicle_6;9230337;958;15;b2124;1.9160001277923584
Vehicle_6;9230337;959;15;b2124;1.9160001277923584
Vehicle_6;9230337;960;15;b2;1.120999813079834
Vehicle_6;9230337;961;15;b7b212;1.120999813079834
Vehicle_6;9230337;962;15;b7b212;1.120999813079834
Vehicle_6;9230337;963;15;b7e;1.0499999523162842
Vehicle_6;9230337;964;15;b24;1.0499999523162842
Vehicle_6;9230337;965;15;b2;1.0439999103546143
Vehicle_6;9230337;966;15;b24;1.056999921798706
Vehicle_6;9230337;967;15;b7b2;1.056999921798706
Vehicle_6;9230337;968;15;b7e8;1.056999921798706
Vehicle_6;9230337;969;15;b24;1.056999921798706
Vehicle_6;9230337;970;15;b24;1.056999921798706
Vehicle_6;9230337;971;15;b24;1.056999921798706
Vehicle_6;9230337;972;15;b2124;1.056999921798706
Vehicle_6;9230337;973;15;b2;1.056999921798706
Vehicle_6;9230337;974;15;b24;1.056999921798706
Vehicle_6;9230337;975;15;b2;1.056999921798706
Vehicle_6;9230337;976;15;b2;1.056999921798706
Vehicle_6;9230337;977;15;b24;1.056999921798706
Vehicle_6;9230337;978;15;b24;1.056999921798706
Vehicle_6;9230337;979;15;b7e8;1.056999921798706
Vehicle_6;9230337;980;15;b24;2.0
Vehicle_6;9230337;981;15;b24;2.0
Vehicle_6;9230337;982;15;e8;2.0
Vehicle_6;9230337;983;15;e8;2.0
Vehicle_6;9230337;984;15;e8;2.0
Vehicle_6;9230337;985;15;e8;2.0
Vehicle_6;9230337;986;15;e8;2.0
Vehicle_6;9230337;987;15;e8;2.0
Vehicle_6;9230337;988;15;e8;2.0
Vehicle_6;9230337;989;15;e8;2.0
Vehicle_6;9230337;990;15;e8;2.0
Vehicle_6;9230337;991;15;b24;56.71900010108948
Vehicle_6;9230337;992;15;e8;56.71900010108948
Vehicle_6;9230337;993;15;e8;56.71900010108948
Vehicle_6;9230337;994;15;e8;56.71900010108948
Vehicle_6;9230337;995;15;e812;56.71900010108948
Vehicle_6;9230337;996;15;a;56.71900010108948
Vehicle_6;9230337;997;15;;56.71900010108948
Vehicle_6;9230337;998;15;12;56.71900010108948
Vehicle_6;9230337;999;15;1212;56.71900010108948
Vehicle_6;9230337;1000;15;1212;56.71900010108948
Vehicle_6;9230337;1001;15;1212;56.71900010108948
Vehicle_6;9230337;1002;15;1212;56.71900010108948
Vehicle_6;9230337;1003;15;1212;56.71900010108948
Vehicle_6;9230337;1004;15;a5e;56.71900010108948
Vehicle_6;9230337;1005;15;12;6.954999923706055
Vehicle_6;9230337;1006;15;12;6.954999923706055
Vehicle_6;9230337;1007;15;12;6.954999923706055
Vehicle_6;9230337;1008;15;121212;6.954999923706055
Vehicle_6;9230337;1009;15;121212;6.954999923706055
Vehicle_6;9230337;1010;15;1212121;1.6800000667572021
Vehicle_6;9230337;1011;15;ededed;1.6800000667572021
Vehicle_6;9230337;1012;15;eded;1.6800000667572021
Vehicle_6;9230337;1013;15;ededed;1.121000051498413
Vehicle_6;9230337;1014;15;edede;1.121000051498413
Vehicle_6;9230337;1015;15;eded;1.121000051498413
Vehicle_6;9230337;1016;15;edede;1.121000051498413
Vehicle_6;9230337;1017;15;edede;1.121000051498413
Vehicle_6;9230337;1018;15;edede;1.0419998168945312
Vehicle_6;9230337;1019;15;eded;1.0419998168945312
Vehicle_6;9230337;1020;15;ede;1.0419998168945312
Vehicle_6;9230337;1021;15;ede;1.0429999828338623
Vehicle_6;9230337;1022;15;ede;1.0429999828338623
Vehicle_6;9230337;1023;15;edede;1.0429999828338623
Vehicle_6;9230337;1024;15;ede;1.0429999828338623
Vehicle_6;9230337;1025;15;ede;1.0429999828338623
Vehicle_6;9230337;1026;15;ede;1.0429999828338623
Vehicle_6;9230337;1027;15;eded;1.0429999828338623
Vehicle_6;9230337;1028;15;ede;1.0429999828338623
Vehicle_6;9230337;1029;15;ede;1.0429999828338623
Vehicle_6;9230337;1030;15;ededed;1.0429999828338623
Vehicle_6;9230337;1031;15;ededed;1.0429999828338623
Vehicle_6;9230337;1032;15;ededed;1.0429999828338623
Vehicle_6;9230337;1033;15;edede;1.0429999828338623
Vehicle_6;9230337;1034;15;eded;1.0429999828338623
Vehicle_6;9230337;1035;15;eded;1.0399999618530273
Vehicle_6;9230337;1036;15;ede;1.0399999618530273
Vehicle_6;9230337;1037;15;ede;1.0399999618530273
Vehicle_6;9230337;1038;15;ede;1.0399999618530273
Vehicle_6;9230337;1039;15;edede;1.0399999618530273
Vehicle_6;9230337;1040;15;ededede;1.0399999618530273
Vehicle_6;9230337;1041;15;ede;1.0399999618530273
Vehicle_6;9230337;1042;15;ede;1.0399999618530273
Vehicle_6;9230337;1043;15;ede;1.0460000038146973
Vehicle_6;9230337;1044;15;ed;1.0460000038146973
Vehicle_6;9230337;1045;15;ede;1.0460000038146973
Vehicle_6;9230337;1046;15;ede;1.0460000038146973
Vehicle_6;9230337;1047;15;ed;1.0460000038146973
Vehicle_6;9230337;1048;15;ede;1.0460000038146973
Vehicle_6;9230337;1049;15;eded;1.0520000457763672
Vehicle_6;9230337;1050;15;eded;1.0520000457763672
Vehicle_6;9230337;1051;15;eded;1.0520000457763672
Vehicle_6;9230337;1052;15;ededed;1.0520000457763672
Vehicle_6;9230337;1053;15;edede;1.0520000457763672
Vehicle_6;9230337;1054;15;edede8;1.0520000457763672
Vehicle_6;9230337;1055;15;ede84;2.2279999256134033
Vehicle_6;9230337;1056;15;e84d;2.2279999256134033
Vehicle_6;9230337;1057;15;e84d;2.2279999256134033
Vehicle_6;9230337;1058;15;e84d;2.2279999256134033
Vehicle_6;9230337;1059;15;ede84d;2.2279999256134033
Vehicle_6;9230337;1060;15;eda5e;2.2279999256134033
Vehicle_6;9230337;1061;15;e84d;2.2279999256134033
Vehicle_6;9230337;1062;15;e84de;2.2279999256134033
Vehicle_6;9230337;1063;15;a5ed;2.2279999256134033
Vehicle_6;9230337;1064;15;a5ed;2.2279999256134033
Vehicle_6;9230337;1065;15;a5ed;2.2279999256134033
Vehicle_6;9230337;1066;15;a5ed;2.2279999256134033
Vehicle_6;9230337;1067;15;121;2.2279999256134033
Vehicle_6;9230337;1068;15;ed;2.2279999256134033
Vehicle_6;9230337;1069;15;e;1.0409998893737793
Vehicle_6;9230337;1070;15;e;1.0409998893737793
Vehicle_6;9230337;1071;15;e;1.0409998893737793
Vehicle_6;9230337;1072;15;e;1.0410001277923584
Vehicle_6;9230337;1073;15;ede;1.0410001277923584
Vehicle_6;9230337;1074;15;e;1.0410001277923584
Vehicle_6;9230337;1075;15;ed;1.0410001277923584
Vehicle_6;9230337;1076;15;ed;1.0410001277923584
Vehicle_6;9230337;1077;15;eded;1.0410001277923584
Vehicle_6;9230337;1078;15;ed;1.0410001277923584
Vehicle_6;9230337;1079;15;e;1.0410001277923584
Vehicle_6;9230337;1080;15;e;1.0410001277923584
Vehicle_6;9230337;1081;15;e;1.0410001277923584
Vehicle_6;9230337;1082;15;e;1.0410001277923584
Vehicle_6;9230337;1083;15;ed;1.0410001277923584
Vehicle_6;9230337;1084;15;ed;1.0410001277923584
Vehicle_6;9230337;1085;15;ed;1.0410001277923584
Vehicle_6;9230337;1086;15;ed;1.0409998893737793
Vehicle_6;9230337;1087;15;ed;1.0409998893737793
Vehicle_6;9230337;1088;15;ed;1.0410001277923584
Vehicle_6;9230337;1089;15;e;1.0410001277923584
Vehicle_6;9230337;1090;15;e;2.00600004196167
Vehicle_6;9230337;1091;15;e;2.00600004196167
Vehicle_6;9230337;1092;15;e;2.00600004196167
Vehicle_6;9230337;1093;15;e8;2.00600004196167
Vehicle_6;9230337;1094;15;e84;2.00600004196167
Vehicle_6;9230337;1095;15;edede848;2.00600004196167
Vehicle_6;9230337;1096;15;ede848;2.00600004196167
Vehicle_6;9230337;1097;15;ede848;2.00600004196167
Vehicle_6;9230337;1098;15;e848;2.00600004196167
Vehicle_6;9230337;1099;15;e848;2.00600004196167
Vehicle_6;9230337;1100;15;e848;2.00600004196167
Vehicle_6;9230337;1101;15;e8481;2.00600004196167
Vehicle_6;9230337;1102;15;b7a4;2.00600004196167
Vehicle_6;9230337;1103;15;b24;2.00600004196167
Vehicle_6;9230337;1104;15;b24d;1.0410001277923584
Vehicle_6;9230337;1105;15;b24d;1.0410001277923584
Vehicle_6;9230337;1106;15;a1;1.0410001277923584
Vehicle_6;9230337;1107;15;a1;1.0410001277923584
Vehicle_6;9230337;1108;15;1;1.0410001277923584
Vehicle_6;9230337;1109;15;1;1.0400002002716064
Vehicle_6;9230337;1110;15;1;1.0400002002716064
Vehicle_6;9230337;1111;15;1;1.0400002002716064
Vehicle_6;9230337;1112;15;12;1.0400002002716064
Vehicle_6;9230337;1113;15;121;1.0400002002716064
Vehicle_6;9230337;1114;15;eded;1.0400002002716064
Vehicle_6;9230337;1115;15;eded;1.0400002002716064
Vehicle_6;9230337;1116;15;edede;1.0400002002716064
Vehicle_6;9230337;1117;15;eded;1.0400002002716064
Vehicle_6;9230337;1118;15;eded;1.0400002002716064
