vehicle;ride;pos;ws;marker;time_delay
Vehicle_1;4697405;0;5;;5.0
Vehicle_1;4697405;1;5;;5.0
Vehicle_1;4697405;2;5;;5.0
Vehicle_1;4697405;3;5;;5.0
Vehicle_1;4697405;4;5;;5.0
Vehicle_1;4697405;5;5;;5.0
Vehicle_1;4697405;6;5;8;5.0
Vehicle_1;4697405;7;5;;5.0
Vehicle_1;4697405;8;5;;5.0
Vehicle_1;4697405;9;5;;5.0
Vehicle_1;4697405;10;5;;5.0
Vehicle_1;4697405;11;5;;5.0
Vehicle_1;4697405;12;5;;5.0
Vehicle_1;4697405;13;5;;5.0
Vehicle_1;4697405;14;5;;5.0
Vehicle_1;4697405;15;5;;5.0
Vehicle_1;4697405;16;5;;5.0
Vehicle_1;4697405;17;5;;5.0
Vehicle_1;4697405;18;5;;5.0
Vehicle_1;4697405;19;5;;5.0
Vehicle_1;4697405;20;5;;5.0
Vehicle_1;4697405;21;5;;5.0
Vehicle_1;4697405;22;5;1;5.0
Vehicle_1;4697405;23;5;1;5.0
Vehicle_1;4697405;24;5;e;5.0
Vehicle_1;4697405;25;5;e;5.0
Vehicle_1;4697405;26;5;e;5.0
Vehicle_1;4697405;27;5;e;5.0
Vehicle_1;4697405;28;5;e;5.0
Vehicle_1;4697405;29;5;ed;5.0
Vehicle_1;4697405;30;5;e;5.0
Vehicle_1;4697405;31;5;ed;5.0
Vehicle_1;4697405;32;5;ed;5.0
Vehicle_1;4697405;33;5;ede;5.0
Vehicle_1;4697405;34;5;ede;5.0
Vehicle_1;4697405;35;5;ed;5.0
Vehicle_1;4697405;36;5;e;5.0
Vehicle_1;4697405;37;5;e;5.0
Vehicle_1;4697405;38;5;e;5.0
Vehicle_1;4697405;39;5;e;5.0
Vehicle_1;4697405;40;5;e;5.0
Vehicle_1;4697405;41;5;e;5.0
Vehicle_1;4697405;42;5;e;5.0
Vehicle_1;4697405;43;5;e;5.0
Vehicle_1;4697405;44;5;e;5.0
Vehicle_1;4697405;45;5;e;5.0
Vehicle_1;4697405;46;5;ed;5.0
Vehicle_1;4697405;47;5;ed;5.0
Vehicle_1;4697405;48;5;e;5.0
Vehicle_1;4697405;49;5;e;5.0
Vehicle_1;4697405;50;5;e;5.0
Vehicle_1;4697405;51;5;ede;5.0
Vehicle_1;4697405;52;5;ed;5.0
Vehicle_1;4697405;53;5;e;5.0
Vehicle_1;4697405;54;5;ed;5.0
Vehicle_1;4697405;55;5;e;5.0
Vehicle_1;4697405;56;5;ed;5.0
Vehicle_1;4697405;57;5;e;5.0
Vehicle_1;4697405;58;5;e;5.0
Vehicle_1;4697405;59;5;ed;5.0
Vehicle_1;4697405;60;5;ed;5.0
Vehicle_1;4697405;61;5;e;5.0
Vehicle_1;4697405;62;5;e;5.0
Vehicle_1;4697405;63;5;e;5.0
Vehicle_1;4697405;64;5;e;5.0
Vehicle_1;4697405;65;5;e;5.0
Vehicle_1;4697405;66;5;e;5.0
Vehicle_1;4697405;67;5;ed;5.0
Vehicle_1;4697405;68;5;ed;5.0
Vehicle_1;4697405;69;5;ede;5.0
Vehicle_1;4697405;70;5;ed;5.0
Vehicle_1;4697405;71;5;e;5.0
Vehicle_1;4697405;72;5;e;5.0
Vehicle_1;4697405;73;5;e;5.0
Vehicle_1;4697405;74;5;e;5.0
Vehicle_1;4697405;75;5;ed;5.0
Vehicle_1;4697405;76;5;e;5.0
Vehicle_1;4697405;77;5;e;5.0
Vehicle_1;4697405;78;5;e;5.0
Vehicle_1;4697405;79;5;e;5.0
Vehicle_1;4697405;80;5;e;5.0
Vehicle_1;4697405;81;5;e;5.0
Vehicle_1;4697405;82;5;ed;5.0
Vehicle_1;4697405;83;5;e;5.0
Vehicle_1;4697405;84;5;e;5.0
Vehicle_1;4697405;85;5;e;5.0
Vehicle_1;4697405;86;5;e;5.0
Vehicle_1;4697405;87;5;ed;5.0
Vehicle_1;4697405;88;5;e;5.0
Vehicle_1;4697405;89;5;ed;5.0
Vehicle_1;4697405;90;5;ed;5.0
Vehicle_1;4697405;91;5;e;5.0
Vehicle_1;4697405;92;5;e;5.0
Vehicle_1;4697405;93;5;ed;5.0
Vehicle_1;4697405;94;5;e;5.0
Vehicle_1;4697405;95;5;e;5.0
Vehicle_1;4697405;96;5;ed;5.0
Vehicle_1;4697405;97;5;ede;5.0
Vehicle_1;4697405;98;5;ed;5.0
Vehicle_1;4697405;99;5;e;5.0
Vehicle_1;4697405;100;5;e;5.0
Vehicle_1;4697405;101;5;ed;5.0
Vehicle_1;4697405;102;5;e;5.0
Vehicle_1;4697405;103;5;e;5.0
Vehicle_1;4697405;104;5;e;5.0
Vehicle_1;4697405;105;5;e;5.0
Vehicle_1;4697405;106;5;e;5.0
Vehicle_1;4697405;107;5;e;5.0
Vehicle_1;4697405;108;5;e;5.0
Vehicle_1;4697405;109;5;e;5.0
Vehicle_1;4697405;110;5;ede;5.0
Vehicle_1;4697405;111;5;ed;5.0
Vehicle_1;4697405;112;5;ede;5.0
Vehicle_1;4697405;113;5;e;5.0
Vehicle_1;4697405;114;5;ed;5.0
Vehicle_1;4697405;115;5;e;5.0
Vehicle_1;4697405;116;5;e;5.0
Vehicle_1;4697405;117;5;e;5.0
Vehicle_1;4697405;118;5;ed;5.0
Vehicle_1;4697405;119;5;ed;5.0
Vehicle_1;4697405;120;5;ed;5.0
Vehicle_1;4697405;121;5;e;5.0
Vehicle_1;4697405;122;5;ed;5.0
Vehicle_1;4697405;123;5;e;5.0
Vehicle_1;4697405;124;5;e;5.0
Vehicle_1;4697405;125;5;e;5.0
Vehicle_1;4697405;126;5;ed;5.0
Vehicle_1;4697405;127;5;e;5.0
Vehicle_1;4697405;128;5;e;5.0
Vehicle_1;4697405;129;5;e;5.0
Vehicle_1;4697405;130;5;ede;5.0
Vehicle_1;4697405;131;5;e;5.0
Vehicle_1;4697405;132;5;e;5.0
Vehicle_1;4697405;133;5;e;5.0
Vehicle_1;4697405;134;5;e;5.0
Vehicle_1;4697405;135;5;ed;5.0
Vehicle_1;4697405;136;5;ede;5.0
Vehicle_1;4697405;137;5;e;5.0
Vehicle_1;4697405;138;5;e;5.0
Vehicle_1;4697405;139;5;e;5.0
Vehicle_1;4697405;140;5;ed;5.0
Vehicle_1;4697405;141;5;e;5.0
Vehicle_1;4697405;142;5;e;5.0
Vehicle_1;4697405;143;5;e;5.0
Vehicle_1;4697405;144;5;ed;5.0
Vehicle_1;4697405;145;5;e;5.0
Vehicle_1;4697405;146;5;ed;5.0
Vehicle_1;4697405;147;5;ed;5.0
Vehicle_1;4697405;148;5;ed;5.0
Vehicle_1;4697405;149;5;ed;5.0
Vehicle_1;4697405;150;5;e;5.0
Vehicle_1;4697405;151;5;e;5.0
Vehicle_1;4697405;152;5;e;5.0
Vehicle_1;4697405;153;5;e;5.0
Vehicle_1;4697405;154;5;ed;5.0
Vehicle_1;4697405;155;5;e;5.0
Vehicle_1;4697405;156;5;e;5.0
Vehicle_1;4697405;157;5;e;5.0
Vehicle_1;4697405;158;5;e;5.0
Vehicle_1;4697405;159;5;ede;5.0
Vehicle_1;4697405;160;5;e;5.0
Vehicle_1;4697405;161;5;e;5.0
Vehicle_1;4697405;162;5;e;5.0
Vehicle_1;4697405;163;5;e;5.0
Vehicle_1;4697405;164;5;e;5.0
Vehicle_1;4697405;165;5;e;5.0
Vehicle_1;4697405;166;5;e;5.0
Vehicle_1;4697405;167;5;e;5.0
Vehicle_1;4697405;168;5;e;5.0
Vehicle_1;4697405;169;5;e;5.0
Vehicle_1;4697405;170;5;e;5.0
Vehicle_1;4697405;171;5;e;5.0
Vehicle_1;4697405;172;5;e;5.0
Vehicle_1;4697405;173;5;e;5.0
Vehicle_1;4697405;174;5;e;5.0
Vehicle_1;4697405;175;5;e;5.0
Vehicle_1;4697405;176;5;e;5.0
Vehicle_1;4697405;177;5;e;5.0
Vehicle_1;4697405;178;5;e;5.0
Vehicle_1;4697405;179;5;e;5.0
Vehicle_1;4697405;180;5;e;5.0
Vehicle_1;4697405;181;5;e;5.0
Vehicle_1;4697405;182;5;e;5.0
Vehicle_1;4697405;183;5;e;5.0
Vehicle_1;4697405;184;5;e;5.0
Vehicle_1;4697405;185;5;e;5.0
Vehicle_1;4697405;186;5;e;5.0
Vehicle_1;4697405;187;5;e;5.0
Vehicle_1;4697405;188;5;e;10.0
Vehicle_1;4697405;189;5;e;10.0
Vehicle_1;4697405;190;5;e;10.0
Vehicle_1;4697405;191;5;e;10.0
Vehicle_1;4697405;192;5;e;5.0
Vehicle_1;4697405;193;5;e;5.0
Vehicle_1;4697405;194;5;e;5.0
Vehicle_1;4697405;195;5;e;5.0
Vehicle_1;4697405;196;5;e;5.0
Vehicle_1;4697405;197;5;e;5.0
Vehicle_1;4697405;198;5;e;5.0
Vehicle_1;4697405;199;5;e;5.0
Vehicle_1;4697405;200;5;e;5.0
Vehicle_1;4697405;201;5;e;5.0
Vehicle_1;4697405;202;5;ed;5.0
Vehicle_1;4697405;203;5;e8;5.0
Vehicle_1;4697405;204;5;e84;5.0
Vehicle_1;4697405;205;5;a48;5.0
Vehicle_1;4697405;206;5;1;5.0
Vehicle_1;4697405;207;5;a5e;5.0
Vehicle_1;4697405;208;5;12;5.0
Vehicle_1;4697405;209;5;e;5.0
Vehicle_1;4697405;210;5;e8;5.0
Vehicle_1;4697405;211;5;e85;5.0
Vehicle_1;4697405;212;5;a4;5.0
Vehicle_1;4697405;213;5;12;5.0
Vehicle_1;4697405;214;5;e8;5.0
Vehicle_1;4697405;215;5;8;5.0
Vehicle_1;4697405;216;5;;5.0
Vehicle_1;4697405;217;5;;5.0
Vehicle_1;4697405;218;5;;5.0
Vehicle_1;4697405;219;5;;5.0
Vehicle_1;4697405;220;5;;5.0
Vehicle_1;4697405;221;5;;5.0
Vehicle_1;4697405;222;5;;5.0
Vehicle_1;4697405;223;5;;5.0
Vehicle_1;4697405;224;5;;5.0
Vehicle_1;4697405;225;5;;5.0
Vehicle_1;4697405;226;5;;5.0
Vehicle_1;4697405;227;5;;5.0
Vehicle_1;4697405;228;5;;5.0
Vehicle_1;4697405;229;5;;5.0
Vehicle_1;4697405;230;5;;5.0
Vehicle_1;4697405;231;5;;5.0
Vehicle_1;4697405;232;5;;5.0
Vehicle_1;4697405;233;5;;5.0
Vehicle_1;4697405;234;5;;5.0
Vehicle_1;4697405;235;5;;5.0
Vehicle_1;4697405;236;5;;5.0
Vehicle_1;4697405;237;5;;5.0
Vehicle_1;4697405;238;5;;5.0
Vehicle_1;4697405;239;5;;5.0
Vehicle_1;4697405;240;5;;5.0
Vehicle_1;4697405;241;5;;5.0
Vehicle_1;4697405;242;5;;5.0
Vehicle_1;4697405;243;5;;5.0
Vehicle_1;4697405;244;5;;5.0
Vehicle_1;4697405;245;5;;5.0
Vehicle_1;4697405;246;5;;5.0
Vehicle_1;4697405;247;5;12;5.0
Vehicle_1;4697405;248;5;12;5.0
Vehicle_1;4697405;249;5;e;5.0
Vehicle_1;4697405;250;5;e;5.0
Vehicle_1;4697405;251;5;ed;5.0
Vehicle_1;4697405;252;5;e;5.0
Vehicle_1;4697405;253;5;ed;5.0
Vehicle_1;4697405;254;5;e;5.0
Vehicle_1;4697405;255;5;e;5.0
Vehicle_1;4697405;256;5;ed;5.0
Vehicle_1;4697405;257;5;e;5.0
Vehicle_1;4697405;258;5;e;5.0
Vehicle_1;4697405;259;5;e;5.0
Vehicle_1;4697405;260;5;e;5.0
Vehicle_1;4697405;261;5;e;5.0
Vehicle_1;4697405;262;5;e;5.0
Vehicle_1;4697405;263;5;ed;5.0
Vehicle_1;4697405;264;5;e;5.0
Vehicle_1;4697405;265;5;e;5.0
Vehicle_1;4697405;266;5;e;5.0
Vehicle_1;4697405;267;5;e;5.0
Vehicle_1;4697405;268;5;e;5.0
Vehicle_1;4697405;269;5;e9;5.0
Vehicle_1;4697405;270;5;a4;5.0
Vehicle_1;4697405;271;5;a48;5.0
Vehicle_1;4697405;272;5;e8;5.0
Vehicle_1;4697405;273;5;a4;5.0
Vehicle_1;4697405;274;5;1;5.0
Vehicle_1;4697405;275;5;1;5.0
Vehicle_1;4697405;276;5;e8;5.0
Vehicle_1;4697405;277;5;e85;5.0
Vehicle_1;4697405;278;5;a48;5.0
Vehicle_1;4697405;279;5;;5.0
Vehicle_1;4697405;280;5;8;5.0
Vehicle_1;4697405;281;5;;5.0
Vehicle_1;4697405;282;5;1;5.0
Vehicle_1;4697405;283;5;12;5.0
Vehicle_1;4697405;284;5;e8;5.0
Vehicle_1;4697405;285;5;8;5.0
Vehicle_1;4697405;286;5;;5.0
Vehicle_1;4697405;287;5;;5.0
Vehicle_1;4697405;288;5;;5.0
Vehicle_1;4697405;289;5;;5.0
Vehicle_1;4697405;290;5;;5.0
Vehicle_1;4697405;291;5;;5.0
Vehicle_1;4697405;292;5;;5.0
Vehicle_1;4697405;293;5;;5.0
Vehicle_1;4697405;294;5;;5.0
Vehicle_1;4697405;295;5;;5.0
Vehicle_1;4697405;296;5;;5.0
Vehicle_1;4697405;297;5;;5.0
Vehicle_1;4697405;298;5;;5.0
Vehicle_1;4697405;299;5;;5.0
Vehicle_1;4697405;300;5;;5.0
Vehicle_1;4697405;301;5;;5.0
Vehicle_1;4697405;302;5;;5.0
Vehicle_1;4697405;303;5;;5.0
Vehicle_1;4697405;304;5;;5.0
Vehicle_1;4697405;305;5;;5.0
Vehicle_1;4697405;306;5;;5.0
Vehicle_1;4697405;307;5;16;5.0
Vehicle_1;4697405;308;5;16;5.0
Vehicle_1;4697405;309;5;a;5.0
Vehicle_1;4697405;310;5;e;5.0
Vehicle_1;4697405;311;5;ed;5.0
Vehicle_1;4697405;312;5;e;5.0
Vehicle_1;4697405;313;5;e;5.0
Vehicle_1;4697405;314;5;ede;5.0
Vehicle_1;4697405;315;5;e;5.0
Vehicle_1;4697405;316;5;e;5.0
Vehicle_1;4697405;317;5;e;5.0
Vehicle_1;4697405;318;5;e;5.0
Vehicle_1;4697405;319;5;e;5.0
Vehicle_1;4697405;320;5;ed;5.0
Vehicle_1;4697405;321;5;e;5.0
Vehicle_1;4697405;322;5;e;5.0
Vehicle_1;4697405;323;5;e;5.0
Vehicle_1;4697405;324;5;ed;5.0
Vehicle_1;4697405;325;5;ede;5.0
Vehicle_1;4697405;326;5;e;5.0
Vehicle_1;4697405;327;5;e;5.0
Vehicle_1;4697405;328;5;e;5.0
Vehicle_1;4697405;329;5;e;5.0
Vehicle_1;4697405;330;5;ed;5.0
Vehicle_1;4697405;331;5;e;5.0
Vehicle_1;4697405;332;5;e;5.0
Vehicle_1;4697405;333;5;e;5.0
Vehicle_1;4697405;334;5;e;5.0
Vehicle_1;4697405;335;5;e;5.0
Vehicle_1;4697405;336;5;e;5.0
Vehicle_1;4697405;337;5;e;5.0
Vehicle_1;4697405;338;5;ed;5.0
Vehicle_1;4697405;339;5;e;5.0
Vehicle_1;4697405;340;5;e;5.0
Vehicle_1;4697405;341;5;e;5.0
Vehicle_1;4697405;342;5;e;5.0
Vehicle_1;4697405;343;5;e;5.0
Vehicle_1;4697405;344;5;ed;5.0
Vehicle_1;4697405;345;5;e;5.0
Vehicle_1;4697405;346;5;ed;5.0
Vehicle_1;4697405;347;5;e;5.0
Vehicle_1;4697405;348;5;ed;5.0
Vehicle_1;4697405;349;5;e;5.0
Vehicle_1;4697405;350;5;e;5.0
Vehicle_1;4697405;351;5;e;5.0
Vehicle_1;4697405;352;5;e;5.0
Vehicle_1;4697405;353;5;ed;5.0
Vehicle_1;4697405;354;5;e;5.0
Vehicle_1;4697405;355;5;e;5.0
Vehicle_1;4697405;356;5;ed;5.0
Vehicle_1;4697405;357;5;e;5.0
Vehicle_1;4697405;358;5;e;5.0
Vehicle_1;4697405;359;5;e;5.0
Vehicle_1;4697405;360;5;e;5.0
Vehicle_1;4697405;361;5;e;5.0
Vehicle_1;4697405;362;5;e;5.0
Vehicle_1;4697405;363;5;e;5.0
Vehicle_1;4697405;364;5;e;5.0
Vehicle_1;4697405;365;5;ede;5.0
Vehicle_1;4697405;366;5;e;5.0
Vehicle_1;4697405;367;5;ed;5.0
Vehicle_1;4697405;368;5;e;5.0
Vehicle_1;4697405;369;5;ed;5.0
Vehicle_1;4697405;370;5;e;5.0
Vehicle_1;4697405;371;5;e;5.0
Vehicle_1;4697405;372;5;e;5.0
Vehicle_1;4697405;373;5;e;5.0
Vehicle_1;4697405;374;5;e;5.0
Vehicle_1;4697405;375;5;e;5.0
Vehicle_1;4697405;376;5;ede;5.0
Vehicle_1;4697405;377;5;ede;5.0
Vehicle_1;4697405;378;5;e;5.0
Vehicle_1;4697405;379;5;e;5.0
Vehicle_1;4697405;380;5;ede;5.0
Vehicle_1;4697405;381;5;e;5.0
Vehicle_1;4697405;382;5;e;5.0
Vehicle_1;4697405;383;5;ede;5.0
Vehicle_1;4697405;384;5;e;5.0
Vehicle_1;4697405;385;5;e;5.0
Vehicle_1;4697405;386;5;e;5.0
Vehicle_1;4697405;387;5;a;5.0
Vehicle_1;4697405;388;5;a1;5.0
Vehicle_1;4697405;389;5;b24;5.0
Vehicle_1;4697405;390;5;e81;5.0
Vehicle_1;4697405;391;5;b2;5.0
Vehicle_1;4697405;392;5;e;5.0
Vehicle_1;4697405;393;5;e;5.0
Vehicle_1;4697405;394;5;e;5.0
Vehicle_1;4697405;395;5;e;5.0
Vehicle_1;4697405;396;5;e;5.0
Vehicle_1;4697405;397;5;e;5.0
Vehicle_1;4697405;398;5;e;5.0
Vehicle_1;4697405;399;5;e;5.0
Vehicle_1;4697405;400;5;e8;5.0
Vehicle_1;4697405;401;5;e8;5.0
Vehicle_1;4697405;402;5;a4;5.0
Vehicle_1;4697405;403;5;1;5.0
Vehicle_1;4697405;404;5;12;5.0
Vehicle_1;4697405;405;5;e8;5.0
Vehicle_1;4697405;406;5;8;5.0
Vehicle_1;4697405;407;5;;5.0
Vehicle_1;4697405;408;5;5;5.0
Vehicle_1;4697405;409;5;5a;5.0
Vehicle_1;4697405;410;5;a;5.0
Vehicle_1;4697405;411;5;8;5.0
Vehicle_1;4697405;412;5;;5.0
Vehicle_1;4697405;413;5;;5.0
Vehicle_1;4697405;414;5;;5.0
Vehicle_1;4697405;415;5;;5.0
Vehicle_1;4697405;416;5;;5.0
Vehicle_1;4697405;417;5;1;5.0
Vehicle_1;4697405;418;5;12;5.0
Vehicle_1;4697405;419;5;b7e;5.0
Vehicle_1;4697405;420;5;b2;5.0
Vehicle_1;4697405;421;5;b2;5.0
Vehicle_1;4697405;422;5;e;5.0
Vehicle_1;4697405;423;5;e;5.0
Vehicle_1;4697405;424;5;e;5.0
Vehicle_1;4697405;425;5;e;5.0
Vehicle_1;4697405;426;5;e;5.0
Vehicle_1;4697405;427;5;e;5.0
Vehicle_1;4697405;428;5;e;5.0
Vehicle_1;4697405;429;5;e;5.0
Vehicle_1;4697405;430;5;e;5.0
Vehicle_1;4697405;431;5;e;5.0
Vehicle_1;4697405;432;5;e;5.0
Vehicle_1;4697405;433;5;e;5.0
Vehicle_1;4697405;434;5;e;5.0
Vehicle_1;4697405;435;5;e;5.0
Vehicle_1;4697405;436;5;e;5.0
Vehicle_1;4697405;437;5;e;5.0
Vehicle_1;4697405;438;5;e;5.0
Vehicle_1;4697405;439;5;e;5.0
Vehicle_1;4697405;440;5;e;5.0
Vehicle_1;4697405;441;5;e;5.0
Vehicle_1;4697405;442;5;ed;5.0
Vehicle_1;4697405;443;5;e;5.0
Vehicle_1;4697405;444;5;ed;5.0
Vehicle_1;4697405;445;5;e;5.0
Vehicle_1;4697405;446;5;e;5.0
Vehicle_1;4697405;447;5;e;5.0
Vehicle_1;4697405;448;5;e;5.0
Vehicle_1;4697405;449;5;ed;5.0
Vehicle_1;4697405;450;5;e;5.0
Vehicle_1;4697405;451;5;e;5.0
Vehicle_1;4697405;452;5;e;5.0
Vehicle_1;4697405;453;5;e;5.0
Vehicle_1;4697405;454;5;ed;5.0
Vehicle_1;4697405;455;5;e;5.0
Vehicle_1;4697405;456;5;ed;5.0
Vehicle_1;4697405;457;5;e;5.0
Vehicle_1;4697405;458;5;e;5.0
Vehicle_1;4697405;459;5;e;5.0
Vehicle_1;4697405;460;5;ed;5.0
Vehicle_1;4697405;461;5;e;5.0
Vehicle_1;4697405;462;5;e;5.0
Vehicle_1;4697405;463;5;ed;5.0
Vehicle_1;4697405;464;5;e;5.0
Vehicle_1;4697405;465;5;e;5.0
Vehicle_1;4697405;466;5;ed;5.0
Vehicle_1;4697405;467;5;e;5.0
Vehicle_1;4697405;468;5;e;5.0
Vehicle_1;4697405;469;5;ed;5.0
Vehicle_1;4697405;470;5;e;5.0
Vehicle_1;4697405;471;5;e;5.0
Vehicle_1;4697405;472;5;ed;5.0
Vehicle_1;4697405;473;5;e;5.0
Vehicle_1;4697405;474;5;e;5.0
Vehicle_1;4697405;475;5;e;5.0
Vehicle_1;4697405;476;5;e;5.0
Vehicle_1;4697405;477;5;e;5.0
Vehicle_1;4697405;478;5;ed;5.0
Vehicle_1;4697405;479;5;e;5.0
Vehicle_1;4697405;480;5;e;5.0
Vehicle_1;4697405;481;5;e;5.0
Vehicle_1;4697405;482;5;e;5.0
Vehicle_1;4697405;483;5;e;5.0
Vehicle_1;4697405;484;5;ed;5.0
Vehicle_1;4697405;485;5;e;5.0
Vehicle_1;4697405;486;5;e;5.0
Vehicle_1;4697405;487;5;ed;5.0
Vehicle_1;4697405;488;5;e;5.0
Vehicle_1;4697405;489;5;e;5.0
Vehicle_1;4697405;490;5;e;5.0
Vehicle_1;4697405;491;5;e;5.0
Vehicle_1;4697405;492;5;e;5.0
Vehicle_1;4697405;493;5;e;5.0
Vehicle_1;4697405;494;5;e;5.0
Vehicle_1;4697405;495;5;ed;5.0
Vehicle_1;4697405;496;5;e;5.0
Vehicle_1;4697405;497;5;ed;5.0
Vehicle_1;4697405;498;5;ed;5.0
Vehicle_1;4697405;499;5;ed;5.0
Vehicle_1;4697405;500;5;e;5.0
Vehicle_1;4697405;501;5;e;5.0
Vehicle_1;4697405;502;5;e;5.0
Vehicle_1;4697405;503;5;e;5.0
Vehicle_1;4697405;504;5;e;5.0
Vehicle_1;4697405;505;5;eda;5.0
Vehicle_1;4697405;506;5;e8;5.0
Vehicle_1;4697405;507;5;8;5.0
Vehicle_1;4697405;508;5;;5.0
Vehicle_1;4697405;509;5;;5.0
Vehicle_1;4697405;510;5;;5.0
Vehicle_1;4697405;511;5;;5.0
Vehicle_1;4697405;512;5;;5.0
Vehicle_1;4697405;513;5;;5.0
Vehicle_1;4697405;514;5;;5.0
Vehicle_1;4697405;515;5;;5.0
Vehicle_1;4697405;516;5;;5.0
Vehicle_1;4697405;517;5;;5.0
Vehicle_1;4697405;518;5;12;5.0
Vehicle_1;4697405;519;5;12;5.0
Vehicle_1;4697405;520;5;e;5.0
Vehicle_1;4697405;521;5;e;5.0
Vehicle_1;4697405;522;5;e;5.0
Vehicle_1;4697405;523;5;e;5.0
Vehicle_1;4697405;524;5;e;5.0
Vehicle_1;4697405;525;5;e8;5.0
Vehicle_1;4697405;526;5;a4;5.0
Vehicle_1;4697405;527;5;a5e;5.0
Vehicle_1;4697405;528;5;1;5.0
Vehicle_1;4697405;529;5;e;5.0
Vehicle_1;4697405;530;5;e;5.0
Vehicle_1;4697405;531;5;e;5.0
Vehicle_1;4697405;532;5;e;5.0
Vehicle_1;4697405;533;5;e;5.0
Vehicle_1;4697405;534;5;e;5.0
Vehicle_1;4697405;535;5;e;5.0
Vehicle_1;4697405;536;5;e;5.0
Vehicle_1;4697405;537;5;e;5.0
Vehicle_1;4697405;538;5;e;5.0
Vehicle_1;4697405;539;5;e;5.0
Vehicle_1;4697405;540;5;e;5.0
Vehicle_1;4697405;541;5;e;5.0
Vehicle_1;4697405;542;5;e;5.0
Vehicle_1;4697405;543;5;e;5.0
Vehicle_1;4697405;544;5;e;5.0
Vehicle_1;4697405;545;5;ede;5.0
Vehicle_1;4697405;546;5;ede;5.0
Vehicle_1;4697405;547;5;ede;5.0
Vehicle_1;4697405;548;5;e;5.0
Vehicle_1;4697405;549;5;ed;5.0
Vehicle_1;4697405;550;5;ed;5.0
Vehicle_1;4697405;551;5;e;5.0
Vehicle_1;4697405;552;5;e;5.0
Vehicle_1;4697405;553;5;e;5.0
Vehicle_1;4697405;554;5;e;5.0
Vehicle_1;4697405;555;5;e;5.0
Vehicle_1;4697405;556;5;ed;5.0
Vehicle_1;4697405;557;5;e;5.0
Vehicle_1;4697405;558;5;e;5.0
Vehicle_1;4697405;559;5;ed;5.0
Vehicle_1;4697405;560;5;ed;5.0
Vehicle_1;4697405;561;5;e;5.0
Vehicle_1;4697405;562;5;e;5.0
Vehicle_1;4697405;563;5;ed;5.0
Vehicle_1;4697405;564;5;ed;5.0
Vehicle_1;4697405;565;5;e;5.0
Vehicle_1;4697405;566;5;e;5.0
Vehicle_1;4697405;567;5;e;5.0
Vehicle_1;4697405;568;5;e;5.0
Vehicle_1;4697405;569;5;e;5.0
Vehicle_1;4697405;570;5;e;5.0
Vehicle_1;4697405;571;5;e;5.0
Vehicle_1;4697405;572;5;e;5.0
Vehicle_1;4697405;573;5;e;5.0
Vehicle_1;4697405;574;5;e;5.0
Vehicle_1;4697405;575;5;e;5.0
Vehicle_1;4697405;576;5;e8;5.0
Vehicle_1;4697405;577;5;e8;5.0
Vehicle_1;4697405;578;5;8;5.0
Vehicle_1;4697405;579;5;;5.0
Vehicle_1;4697405;580;5;;5.0
Vehicle_1;4697405;581;5;1;5.0
Vehicle_1;4697405;582;5;a5e;5.0
Vehicle_1;4697405;583;5;121;5.0
Vehicle_1;4697405;584;5;ed;5.0
Vehicle_1;4697405;585;5;e8;5.0
Vehicle_1;4697405;586;5;e8;5.0
Vehicle_1;4697405;587;5;8;5.0
Vehicle_1;4697405;588;5;;5.0
Vehicle_1;4697405;589;5;;5.0
Vehicle_1;4697405;590;5;;5.0
Vehicle_1;4697405;591;5;;5.0
Vehicle_1;4697405;592;5;;5.0
Vehicle_1;4697405;593;5;;5.0
Vehicle_1;4697405;594;5;;5.0
Vehicle_1;4697405;595;5;;5.0
Vehicle_1;4697405;596;5;;5.0
Vehicle_1;4697405;597;5;;5.0
Vehicle_1;4697405;598;5;;5.0
Vehicle_1;4697405;599;5;;5.0
Vehicle_1;4697405;600;5;;5.0
Vehicle_1;4697405;601;5;;5.0
Vehicle_1;4697405;602;5;;5.0
Vehicle_1;4697405;603;5;;5.0
Vehicle_1;4697405;604;5;;5.0
Vehicle_1;4697405;605;5;;5.0
Vehicle_1;4697405;606;5;;5.0
Vehicle_1;4697405;607;5;;5.0
Vehicle_1;4697405;608;5;;5.0
Vehicle_1;4697405;609;5;;5.0
Vehicle_1;4697405;610;5;;5.0
Vehicle_1;4697405;611;5;;5.0
Vehicle_1;4697405;612;5;;5.0
Vehicle_1;4697405;613;5;;5.0
Vehicle_1;4697405;614;5;;5.0
Vehicle_1;4697405;615;5;;5.0
Vehicle_1;4697405;616;5;;5.0
Vehicle_1;4697405;617;5;;5.0
Vehicle_1;4697405;618;5;8;5.0
Vehicle_1;4697405;619;5;;5.0
Vehicle_1;4697405;620;5;;5.0
Vehicle_1;4697405;621;5;;5.0
Vehicle_1;4697405;622;5;;5.0
Vehicle_1;4697405;623;5;;5.0
Vehicle_1;4697405;624;5;;5.0
Vehicle_1;4697405;625;5;;5.0
Vehicle_1;4697405;626;5;;5.0
Vehicle_1;4697405;627;5;;5.0
Vehicle_1;4697405;628;5;;5.0
Vehicle_1;4697405;629;5;;5.0
Vehicle_1;4697405;630;5;;5.0
Vehicle_1;4697405;631;5;;5.0
Vehicle_1;4697405;632;5;;5.0
Vehicle_1;4697405;633;5;;5.0
Vehicle_1;4697405;634;5;;5.0
Vehicle_1;4697405;635;5;;5.0
Vehicle_1;4697405;636;5;;5.0
Vehicle_1;4697405;637;5;;5.0
Vehicle_1;4697405;638;5;;5.0
Vehicle_1;4697405;639;5;;5.0
Vehicle_1;4697405;640;5;;5.0
Vehicle_1;4697405;641;5;;5.0
Vehicle_1;4697405;642;5;;5.0
Vehicle_1;4697405;643;5;;5.0
Vehicle_1;4697405;644;5;;5.0
Vehicle_1;4697405;645;5;;5.0
Vehicle_1;4697405;646;5;;5.0
Vehicle_1;4697405;647;5;;5.0
Vehicle_1;4697405;648;5;;5.0
Vehicle_1;4697405;649;5;;5.0
Vehicle_1;4697405;650;5;;5.0
Vehicle_1;4697405;651;5;;5.0
Vehicle_1;4697405;652;5;;5.0
Vehicle_1;4697405;653;5;;5.0
Vehicle_1;4697405;654;5;1;5.0
Vehicle_1;4697405;655;5;1;5.0
Vehicle_1;4697405;656;5;e;5.0
Vehicle_1;4697405;657;5;e;5.0
Vehicle_1;4697405;658;5;e;5.0
Vehicle_1;4697405;659;5;ed;5.0
Vehicle_1;4697405;660;5;e;5.0
Vehicle_1;4697405;661;5;e;5.0
Vehicle_1;4697405;662;5;ed;5.0
Vehicle_1;4697405;663;5;e;5.0
Vehicle_1;4697405;664;5;ed;5.0
Vehicle_1;4697405;665;5;e;5.0
Vehicle_1;4697405;666;5;ed;5.0
Vehicle_1;4697405;667;5;ed;5.0
Vehicle_1;4697405;668;5;ed;5.0
Vehicle_1;4697405;669;5;e;5.0
Vehicle_1;4697405;670;5;e;5.0
Vehicle_1;4697405;671;5;e;5.0
Vehicle_1;4697405;672;5;e;5.0
Vehicle_1;4697405;673;5;e;5.0
Vehicle_1;4697405;674;5;e;5.0
Vehicle_1;4697405;675;5;ed;10.0
Vehicle_1;4697405;676;5;e;10.0
Vehicle_1;4697405;677;5;e;10.0
Vehicle_1;4697405;678;5;e;10.0
Vehicle_1;4697405;679;5;e;5.0
Vehicle_1;4697405;680;5;ed;5.0
Vehicle_1;4697405;681;5;e;5.0
Vehicle_1;4697405;682;5;e;5.0
Vehicle_1;4697405;683;5;e;5.0
Vehicle_1;4697405;684;5;e;5.0
Vehicle_1;4697405;685;5;e;5.0
Vehicle_1;4697405;686;5;e;5.0
Vehicle_1;4697405;687;5;e;5.0
Vehicle_1;4697405;688;5;e;5.0
Vehicle_1;4697405;689;5;e;5.0
Vehicle_1;4697405;690;5;e;5.0
Vehicle_1;4697405;691;5;e;5.0
Vehicle_1;4697405;692;5;e;5.0
Vehicle_1;4697405;693;5;e;5.0
Vehicle_1;4697405;694;5;e;5.0
Vehicle_1;4697405;695;5;e;5.0
Vehicle_1;4697405;696;5;ed;5.0
Vehicle_1;4697405;697;5;e;5.0
Vehicle_1;4697405;698;5;ed;5.0
Vehicle_1;4697405;699;5;e;5.0
Vehicle_1;4697405;700;5;ede;5.0
Vehicle_1;4697405;701;5;ede;5.0
Vehicle_1;4697405;702;5;e;5.0
Vehicle_1;4697405;703;5;e;5.0
Vehicle_1;4697405;704;5;ed;5.0
Vehicle_1;4697405;705;5;ed;5.0
Vehicle_1;4697405;706;5;ed;5.0
Vehicle_1;4697405;707;5;e;5.0
Vehicle_1;4697405;708;5;e;5.0
Vehicle_1;4697405;709;5;e;5.0
Vehicle_1;4697405;710;5;e;5.0
Vehicle_1;4697405;711;5;e;5.0
Vehicle_1;4697405;712;5;ede;5.0
Vehicle_1;4697405;713;5;ed;5.0
Vehicle_1;4697405;714;5;e;5.0
Vehicle_1;4697405;715;5;ed;5.0
Vehicle_1;4697405;716;5;e;5.0
Vehicle_1;4697405;717;5;e;5.0
Vehicle_1;4697405;718;5;e;5.0
Vehicle_1;4697405;719;5;e;5.0
Vehicle_1;4697405;720;5;e;5.0
Vehicle_1;4697405;721;5;e;5.0
Vehicle_1;4697405;722;5;e;5.0
Vehicle_1;4697405;723;5;e;5.0
Vehicle_1;4697405;724;5;e;5.0
Vehicle_1;4697405;725;5;e;5.0
Vehicle_1;4697405;726;5;ed;5.0
Vehicle_1;4697405;727;5;e;5.0
Vehicle_1;4697405;728;5;ed;5.0
Vehicle_1;4697405;729;5;e;5.0
Vehicle_1;4697405;730;5;ed;5.0
Vehicle_1;4697405;731;5;e;5.0
Vehicle_1;4697405;732;5;ed;5.0
Vehicle_1;4697405;733;5;e;5.0
Vehicle_1;4697405;734;5;ed;5.0
Vehicle_1;4697405;735;5;e;5.0
Vehicle_1;4697405;736;5;e;5.0
Vehicle_1;4697405;737;5;e;5.0
Vehicle_1;4697405;738;5;e;5.0
Vehicle_1;4697405;739;5;e;5.0
Vehicle_1;4697405;740;5;ed;5.0
Vehicle_1;4697405;741;5;e;5.0
Vehicle_1;4697405;742;5;e;5.0
Vehicle_1;4697405;743;5;ed;5.0
Vehicle_1;4697405;744;5;ed;5.0
Vehicle_1;4697405;745;5;ed;5.0
Vehicle_1;4697405;746;5;e;5.0
Vehicle_1;4697405;747;5;e;5.0
Vehicle_1;4697405;748;5;e;5.0
Vehicle_1;4697405;749;5;e;5.0
Vehicle_1;4697405;750;5;ede;5.0
Vehicle_1;4697405;751;5;ed;5.0
Vehicle_1;4697405;752;5;e;5.0
Vehicle_1;4697405;753;5;ed;5.0
Vehicle_1;4697405;754;5;e;5.0
Vehicle_1;4697405;755;5;e;5.0
Vehicle_1;4697405;756;5;ed;5.0
Vehicle_1;4697405;757;5;e;5.0
Vehicle_1;4697405;758;5;ed;5.0
Vehicle_1;4697405;759;5;ed;5.0
Vehicle_1;4697405;760;5;e;5.0
Vehicle_1;4697405;761;5;e;5.0
Vehicle_1;4697405;762;5;e;5.0
Vehicle_1;4697405;763;5;e;5.0
Vehicle_1;4697405;764;5;e;5.0
Vehicle_1;4697405;765;5;e;5.0
Vehicle_1;4697405;766;5;ed;10.0
Vehicle_1;4697405;767;5;e;10.0
Vehicle_1;4697405;768;5;e;10.0
Vehicle_1;4697405;769;5;e;10.0
Vehicle_1;4697405;770;5;e;5.0
Vehicle_1;4697405;771;5;e;5.0
Vehicle_1;4697405;772;5;e;5.0
Vehicle_1;4697405;773;5;ed;5.0
Vehicle_1;4697405;774;5;e;5.0
Vehicle_1;4697405;775;5;e;5.0
Vehicle_1;4697405;776;5;e;5.0
Vehicle_1;4697405;777;5;e;5.0
Vehicle_1;4697405;778;5;ed;5.0
Vehicle_1;4697405;779;5;e;5.0
Vehicle_1;4697405;780;5;ed;5.0
Vehicle_1;4697405;781;5;e;5.0
Vehicle_1;4697405;782;5;e;5.0
Vehicle_1;4697405;783;5;e;5.0
Vehicle_1;4697405;784;5;e;5.0
Vehicle_1;4697405;785;5;e;5.0
Vehicle_1;4697405;786;5;e;5.0
Vehicle_1;4697405;787;5;e;5.0
Vehicle_1;4697405;788;5;ed;5.0
Vehicle_1;4697405;789;5;e;5.0
Vehicle_1;4697405;790;5;e;5.0
Vehicle_1;4697405;791;5;e;5.0
Vehicle_1;4697405;792;5;e;5.0
Vehicle_1;4697405;793;5;e;5.0
Vehicle_1;4697405;794;5;e;5.0
Vehicle_1;4697405;795;5;e;5.0
Vehicle_1;4697405;796;5;e;5.0
Vehicle_1;4697405;797;5;e;5.0
Vehicle_1;4697405;798;5;e;5.0
Vehicle_1;4697405;799;5;e;5.0
Vehicle_1;4697405;800;5;e;5.0
Vehicle_1;4697405;801;5;e;5.0
Vehicle_1;4697405;802;5;e;5.0
Vehicle_1;4697405;803;5;e;5.0
Vehicle_1;4697405;804;5;e;5.0
Vehicle_1;4697405;805;5;e;5.0
Vehicle_1;4697405;806;5;e;5.0
Vehicle_1;4697405;807;5;e;5.0
Vehicle_1;4697405;808;5;e;5.0
Vehicle_1;4697405;809;5;e;5.0
Vehicle_1;4697405;810;5;e;5.0
Vehicle_1;4697405;811;5;e;5.0
Vehicle_1;4697405;812;5;e;5.0
Vehicle_1;4697405;813;5;ed;5.0
Vehicle_1;4697405;814;5;ede;5.0
Vehicle_1;4697405;815;5;e;5.0
Vehicle_1;4697405;816;5;e;5.0
Vehicle_1;4697405;817;5;e;5.0
Vehicle_1;4697405;818;5;e;5.0
Vehicle_1;4697405;819;5;ed;5.0
Vehicle_1;4697405;820;5;e;5.0
Vehicle_1;4697405;821;5;e;5.0
Vehicle_1;4697405;822;5;ed;5.0
Vehicle_1;4697405;823;5;e;5.0
Vehicle_1;4697405;824;5;ed;5.0
Vehicle_1;4697405;825;5;ed;5.0
Vehicle_1;4697405;826;5;e;5.0
Vehicle_1;4697405;827;5;e;5.0
Vehicle_1;4697405;828;5;e;5.0
Vehicle_1;4697405;829;5;ed;5.0
Vehicle_1;4697405;830;5;e;5.0
Vehicle_1;4697405;831;5;e;5.0
Vehicle_1;4697405;832;5;e;5.0
Vehicle_1;4697405;833;5;e;5.0
Vehicle_1;4697405;834;5;e;5.0
Vehicle_1;4697405;835;5;e;5.0
Vehicle_1;4697405;836;5;e;5.0
Vehicle_1;4697405;837;5;e;5.0
Vehicle_1;4697405;838;5;e;5.0
Vehicle_1;4697405;839;5;e;5.0
Vehicle_1;4697405;840;5;e;5.0
Vehicle_1;4697405;841;5;ede;5.0
Vehicle_1;4697405;842;5;ede;5.0
Vehicle_1;4697405;843;5;ed;5.0
Vehicle_1;4697405;844;5;ed;5.0
Vehicle_1;4697405;845;5;e;5.0
Vehicle_1;4697405;846;5;e;5.0
Vehicle_1;4697405;847;5;e;5.0
Vehicle_1;4697405;848;5;e;5.0
Vehicle_1;4697405;849;5;e;5.0
Vehicle_1;4697405;850;5;ed;5.0
Vehicle_1;4697405;851;5;e;5.0
Vehicle_1;4697405;852;5;e;5.0
Vehicle_1;4697405;853;5;e;5.0
Vehicle_1;4697405;854;5;e;5.0
Vehicle_1;4697405;855;5;e;5.0
Vehicle_1;4697405;856;5;ede;5.0
Vehicle_1;4697405;857;5;ed;5.0
Vehicle_1;4697405;858;5;ed;5.0
Vehicle_1;4697405;859;5;e;5.0
Vehicle_1;4697405;860;5;e;5.0
Vehicle_1;4697405;861;5;e;5.0
Vehicle_1;4697405;862;5;e;5.0
Vehicle_1;4697405;863;5;e;5.0
Vehicle_1;4697405;864;5;ed;5.0
Vehicle_1;4697405;865;5;ed;5.0
Vehicle_1;4697405;866;5;ede;5.0
Vehicle_1;4697405;867;5;e;5.0
Vehicle_1;4697405;868;5;e;5.0
Vehicle_1;4697405;869;5;ed;5.0
Vehicle_1;4697405;870;5;e;5.0
Vehicle_1;4697405;871;5;e;5.0
Vehicle_1;4697405;872;5;e;5.0
Vehicle_1;4697405;873;5;ed;5.0
Vehicle_1;4697405;874;5;e;5.0
Vehicle_1;4697405;875;5;e;5.0
Vehicle_1;4697405;876;5;e;5.0
Vehicle_1;4697405;877;5;ed;5.0
Vehicle_1;4697405;878;5;e;5.0
Vehicle_1;4697405;879;5;e;5.0
Vehicle_1;4697405;880;5;e;5.0
Vehicle_1;4697405;881;5;e;5.0
Vehicle_1;4697405;882;5;e;5.0
Vehicle_1;4697405;883;5;e;5.0
Vehicle_1;4697405;884;5;e;5.0
Vehicle_1;4697405;885;5;ed;5.0
Vehicle_1;4697405;886;5;e;5.0
Vehicle_1;4697405;887;5;ed;5.0
Vehicle_1;4697405;888;5;ed;5.0
Vehicle_1;4697405;889;5;e;5.0
Vehicle_1;4697405;890;5;ed;5.0
Vehicle_1;4697405;891;5;e;5.0
Vehicle_1;4697405;892;5;e8;5.0
Vehicle_1;4697405;893;5;e8;5.0
Vehicle_1;4697405;894;5;8;5.0
Vehicle_1;4697405;895;5;;5.0
Vehicle_1;4697405;896;5;1;5.0
Vehicle_1;4697405;897;5;1;5.0
Vehicle_1;4697405;898;5;e;5.0
Vehicle_1;4697405;899;5;e;5.0
Vehicle_1;4697405;900;5;e;5.0
Vehicle_1;4697405;901;5;e;5.0
Vehicle_1;4697405;902;5;e;5.0
Vehicle_1;4697405;903;5;e;5.0
Vehicle_1;4697405;904;5;e;5.0
Vehicle_1;4697405;905;5;e;5.0
Vehicle_1;4697405;906;5;e;5.0
Vehicle_1;4697405;907;5;e;5.0
Vehicle_1;4697405;908;5;e;5.0
Vehicle_1;4697405;909;5;e8;5.0
Vehicle_1;4697405;910;5;e8;5.0
Vehicle_1;4697405;911;5;8;5.0
Vehicle_1;4697405;912;5;;5.0
Vehicle_1;4697405;913;5;;5.0
Vehicle_1;4697405;914;5;;5.0
Vehicle_1;4697405;915;5;1;5.0
Vehicle_1;4697405;916;5;12;5.0
Vehicle_1;4697405;917;5;e;5.0
Vehicle_1;4697405;918;5;e;5.0
Vehicle_1;4697405;919;5;e;5.0
Vehicle_1;4697405;920;5;e;5.0
Vehicle_1;4697405;921;5;e;5.0
Vehicle_1;4697405;922;5;e;5.0
