vehicle;ride;pos;ws;marker;time_delay
Vehicle_16;9566208;0;10;e;1.4429998397827148
Vehicle_16;9566208;1;10;e;1.4429998397827148
Vehicle_16;9566208;2;10;e;1.4429998397827148
Vehicle_16;9566208;3;10;e;1.4429998397827148
Vehicle_16;9566208;4;10;edede;1.4429998397827148
Vehicle_16;9566208;5;10;ed;1.4429998397827148
Vehicle_16;9566208;6;10;ed;1.4429998397827148
Vehicle_16;9566208;7;10;e;1.4429998397827148
Vehicle_16;9566208;8;10;e;1.440999984741211
Vehicle_16;9566208;9;10;e;1.440999984741211
Vehicle_16;9566208;10;10;e;1.440999984741211
Vehicle_16;9566208;11;10;e;1.440999984741211
Vehicle_16;9566208;12;10;e;1.496999979019165
Vehicle_16;9566208;13;10;edede;1.496999979019165
Vehicle_16;9566208;14;10;edede;1.496999979019165
Vehicle_16;9566208;15;10;ede;1.496999979019165
Vehicle_16;9566208;16;10;eded;1.496999979019165
Vehicle_16;9566208;17;10;ede;1.496999979019165
Vehicle_16;9566208;18;10;ed;1.496999979019165
Vehicle_16;9566208;19;10;e;1.496999979019165
Vehicle_16;9566208;20;10;ed;1.561000108718872
Vehicle_16;9566208;21;10;ed;1.561000108718872
Vehicle_16;9566208;22;10;ed;1.561000108718872
Vehicle_16;9566208;23;10;ed;1.561000108718872
Vehicle_16;9566208;24;10;e;1.561000108718872
Vehicle_16;9566208;25;10;ede;1.561000108718872
Vehicle_16;9566208;26;10;e;1.561000108718872
Vehicle_16;9566208;27;10;e;1.561000108718872
Vehicle_16;9566208;28;10;e;1.561000108718872
Vehicle_16;9566208;29;10;ede;1.441999912261963
Vehicle_16;9566208;30;10;ede;1.441999912261963
Vehicle_16;9566208;31;10;eded;1.441999912261963
Vehicle_16;9566208;32;10;eded;1.441999912261963
Vehicle_16;9566208;33;10;ede;1.438999891281128
Vehicle_16;9566208;34;10;e;1.438999891281128
Vehicle_16;9566208;35;10;e;1.438999891281128
Vehicle_16;9566208;36;10;e;1.438999891281128
Vehicle_16;9566208;37;10;e;1.438999891281128
Vehicle_16;9566208;38;10;ed;1.443000078201294
Vehicle_16;9566208;39;10;ed;1.443000078201294
Vehicle_16;9566208;40;10;ed;1.443000078201294
Vehicle_16;9566208;41;10;e;1.443000078201294
Vehicle_16;9566208;42;10;e;1.443000078201294
Vehicle_16;9566208;43;10;e;1.443000078201294
Vehicle_16;9566208;44;10;e;1.443000078201294
Vehicle_16;9566208;45;10;e;1.443000078201294
Vehicle_16;9566208;46;10;e;1.443000078201294
Vehicle_16;9566208;47;10;e;1.4399998188018799
Vehicle_16;9566208;48;10;e;1.4399998188018799
Vehicle_16;9566208;49;10;ed;1.4399998188018799
Vehicle_16;9566208;50;10;ed;1.4399998188018799
Vehicle_16;9566208;51;10;e;1.4399998188018799
Vehicle_16;9566208;52;10;e;1.4399998188018799
Vehicle_16;9566208;53;10;e;1.440999984741211
Vehicle_16;9566208;54;10;e;1.440999984741211
Vehicle_16;9566208;55;10;e;1.440999984741211
Vehicle_16;9566208;56;10;ed;1.440999984741211
Vehicle_16;9566208;57;10;ed;1.440999984741211
Vehicle_16;9566208;58;10;ed;1.440999984741211
Vehicle_16;9566208;59;10;e;1.440999984741211
Vehicle_16;9566208;60;10;e;1.440999984741211
Vehicle_16;9566208;61;10;e;1.440999984741211
Vehicle_16;9566208;62;10;e;1.4619998931884766
Vehicle_16;9566208;63;10;e;1.4619998931884766
Vehicle_16;9566208;64;10;ed;1.4619998931884766
Vehicle_16;9566208;65;10;ed;1.4619998931884766
Vehicle_16;9566208;66;10;ed;1.4619998931884766
Vehicle_16;9566208;67;10;ed;1.4619998931884766
Vehicle_16;9566208;68;10;e;1.4619998931884766
Vehicle_16;9566208;69;10;ed;1.4619998931884766
Vehicle_16;9566208;70;10;ed;1.4619998931884766
Vehicle_16;9566208;71;10;ed;1.436999797821045
Vehicle_16;9566208;72;10;e;1.436999797821045
Vehicle_16;9566208;73;10;ed;1.436999797821045
Vehicle_16;9566208;74;10;ed;1.436999797821045
Vehicle_16;9566208;75;10;ed;1.0130000114440918
Vehicle_16;9566208;76;10;ed;1.0130000114440918
Vehicle_16;9566208;77;10;e;1.434000015258789
Vehicle_16;9566208;78;10;e;1.434000015258789
Vehicle_16;9566208;79;10;e;1.434000015258789
Vehicle_16;9566208;80;10;ed;1.6080000400543213
Vehicle_16;9566208;81;10;ed;1.6080000400543213
Vehicle_16;9566208;82;10;e;1.6080000400543213
Vehicle_16;9566208;83;10;e;1.6080000400543213
Vehicle_16;9566208;84;10;e;1.6080000400543213
Vehicle_16;9566208;85;10;e;1.6080000400543213
Vehicle_16;9566208;86;10;e;1.6080000400543213
Vehicle_16;9566208;87;10;ed;1.6080000400543213
Vehicle_16;9566208;88;10;ed;1.6080000400543213
Vehicle_16;9566208;89;10;e;1.437000036239624
Vehicle_16;9566208;90;10;e;1.437000036239624
Vehicle_16;9566208;91;10;e;1.437000036239624
Vehicle_16;9566208;92;10;e;1.437000036239624
Vehicle_16;9566208;93;10;ede;1.3990001678466797
Vehicle_16;9566208;94;10;ede;1.3990001678466797
Vehicle_16;9566208;95;10;eded;1.4010000228881836
Vehicle_16;9566208;96;10;ede;1.4010000228881836
Vehicle_16;9566208;97;10;ed;1.4010000228881836
Vehicle_16;9566208;98;10;e;1.4010000228881836
Vehicle_16;9566208;99;10;ede;1.438999891281128
Vehicle_16;9566208;100;10;ede;1.438999891281128
Vehicle_16;9566208;101;10;e;1.438999891281128
Vehicle_16;9566208;102;10;e;1.438999891281128
Vehicle_16;9566208;103;10;eded;1.438999891281128
Vehicle_16;9566208;104;10;ed;1.438999891281128
Vehicle_16;9566208;105;10;ed;1.438999891281128
Vehicle_16;9566208;106;10;e;1.438999891281128
Vehicle_16;9566208;107;10;e;1.438999891281128
Vehicle_16;9566208;108;10;ede;1.437999963760376
Vehicle_16;9566208;109;10;ede;1.437999963760376
Vehicle_16;9566208;110;10;ede;1.440999984741211
Vehicle_16;9566208;111;10;ede;1.440999984741211
Vehicle_16;9566208;112;10;e;1.440999984741211
Vehicle_16;9566208;113;10;e;1.440999984741211
Vehicle_16;9566208;114;10;e;1.440999984741211
Vehicle_16;9566208;115;10;e;1.440999984741211
Vehicle_16;9566208;116;10;e;1.440999984741211
Vehicle_16;9566208;117;10;e;1.440999984741211
Vehicle_16;9566208;118;10;e;1.440999984741211
Vehicle_16;9566208;119;10;ede;1.4399998188018799
Vehicle_16;9566208;120;10;e;1.4399998188018799
Vehicle_16;9566208;121;10;e;1.4399998188018799
Vehicle_16;9566208;122;10;ede;1.4399998188018799
Vehicle_16;9566208;123;10;e;1.4579999446868896
Vehicle_16;9566208;124;10;ed;1.4579999446868896
Vehicle_16;9566208;125;10;ed;1.4579999446868896
Vehicle_16;9566208;126;10;ed;1.4579999446868896
Vehicle_16;9566208;127;10;ed;1.4579999446868896
Vehicle_16;9566208;128;10;e;1.4579999446868896
Vehicle_16;9566208;129;10;e;1.4579999446868896
Vehicle_16;9566208;130;10;ede;1.4579999446868896
Vehicle_16;9566208;131;10;eded;1.4579999446868896
Vehicle_16;9566208;132;10;ede;1.437999963760376
Vehicle_16;9566208;133;10;ed;1.437999963760376
Vehicle_16;9566208;134;10;ed;1.437999963760376
Vehicle_16;9566208;135;10;ede;1.5410001277923584
Vehicle_16;9566208;136;10;e;1.5410001277923584
Vehicle_16;9566208;137;10;e;1.5410001277923584
Vehicle_16;9566208;138;10;e;1.557999849319458
Vehicle_16;9566208;139;10;ede;1.557999849319458
Vehicle_16;9566208;140;10;ede;1.557999849319458
Vehicle_16;9566208;141;10;edede;1.557999849319458
Vehicle_16;9566208;142;10;ededed;1.557999849319458
Vehicle_16;9566208;143;10;ede;1.557999849319458
Vehicle_16;9566208;144;10;ed;1.557999849319458
Vehicle_16;9566208;145;10;e;1.557999849319458
Vehicle_16;9566208;146;10;e;1.557999849319458
Vehicle_16;9566208;147;10;e;1.4589998722076416
Vehicle_16;9566208;148;10;e;1.4589998722076416
Vehicle_16;9566208;149;10;e;1.4589998722076416
Vehicle_16;9566208;150;10;e;1.4219999313354492
Vehicle_16;9566208;151;10;ed;1.4219999313354492
Vehicle_16;9566208;152;10;ed;1.4219999313354492
Vehicle_16;9566208;153;10;ed;1.4219999313354492
Vehicle_16;9566208;154;10;e;1.441999912261963
Vehicle_16;9566208;155;10;e;1.441999912261963
Vehicle_16;9566208;156;10;e;1.441999912261963
Vehicle_16;9566208;157;10;e;1.441999912261963
Vehicle_16;9566208;158;10;e;1.441999912261963
Vehicle_16;9566208;159;10;e;1.441999912261963
Vehicle_16;9566208;160;10;e;1.441999912261963
Vehicle_16;9566208;161;10;e;1.441999912261963
Vehicle_16;9566208;162;10;e;1.441999912261963
Vehicle_16;9566208;163;10;ed;1.435999870300293
Vehicle_16;9566208;164;10;ed;1.435999870300293
Vehicle_16;9566208;165;10;ed;1.435999870300293
Vehicle_16;9566208;166;10;e;1.435999870300293
Vehicle_16;9566208;167;10;e;1.3970000743865967
Vehicle_16;9566208;168;10;e;1.3970000743865967
Vehicle_16;9566208;169;10;e;1.4790000915527344
Vehicle_16;9566208;170;10;ed;1.4790000915527344
Vehicle_16;9566208;171;10;ed;1.4790000915527344
Vehicle_16;9566208;172;10;ed;1.4790000915527344
Vehicle_16;9566208;173;10;e;1.4790000915527344
Vehicle_16;9566208;174;10;e;1.4790000915527344
Vehicle_16;9566208;175;10;e;1.4790000915527344
Vehicle_16;9566208;176;10;e;1.4790000915527344
Vehicle_16;9566208;177;10;e;1.4790000915527344
Vehicle_16;9566208;178;10;e;1.3989999294281006
Vehicle_16;9566208;179;10;e;1.3989999294281006
Vehicle_16;9566208;180;10;e;1.4820001125335693
Vehicle_16;9566208;181;10;e;1.4820001125335693
Vehicle_16;9566208;182;10;e;1.4820001125335693
Vehicle_16;9566208;183;10;e;1.4820001125335693
Vehicle_16;9566208;184;10;e;1.4820001125335693
Vehicle_16;9566208;185;10;e;1.4820001125335693
Vehicle_16;9566208;186;10;ede;1.4820001125335693
Vehicle_16;9566208;187;10;ede;1.4820001125335693
Vehicle_16;9566208;188;10;ede;1.4820001125335693
Vehicle_16;9566208;189;10;ed;1.4210000038146973
Vehicle_16;9566208;190;10;ed;1.4230000972747803
Vehicle_16;9566208;191;10;ed;1.4230000972747803
Vehicle_16;9566208;192;10;e;1.4230000972747803
Vehicle_16;9566208;193;10;ed;1.4230000972747803
Vehicle_16;9566208;194;10;ed;1.4230000972747803
Vehicle_16;9566208;195;10;e;1.4230000972747803
Vehicle_16;9566208;196;10;e;1.4230000972747803
Vehicle_16;9566208;197;10;ed;1.4230000972747803
Vehicle_16;9566208;198;10;ede;1.4829998016357422
Vehicle_16;9566208;199;10;ede;1.4829998016357422
Vehicle_16;9566208;200;10;ede;1.4829998016357422
Vehicle_16;9566208;201;10;eded;1.4829998016357422
Vehicle_16;9566208;202;10;ede;1.4829998016357422
Vehicle_16;9566208;203;10;ede;1.4829998016357422
Vehicle_16;9566208;204;10;ede;1.4829998016357422
Vehicle_16;9566208;205;10;ed;1.4829998016357422
Vehicle_16;9566208;206;10;e;1.4829998016357422
Vehicle_16;9566208;207;10;e;1.437999963760376
Vehicle_16;9566208;208;10;e;1.437999963760376
Vehicle_16;9566208;209;10;e;1.437999963760376
Vehicle_16;9566208;210;10;e;1.437999963760376
Vehicle_16;9566208;211;10;e;1.437999963760376
Vehicle_16;9566208;212;10;e;1.4210000038146973
Vehicle_16;9566208;213;10;e;1.4210000038146973
Vehicle_16;9566208;214;10;ede;1.4210000038146973
Vehicle_16;9566208;215;10;e;1.4210000038146973
Vehicle_16;9566208;216;10;e;1.4170000553131104
Vehicle_16;9566208;217;10;e;1.4170000553131104
Vehicle_16;9566208;218;10;e;1.3980000019073486
Vehicle_16;9566208;219;10;e;1.3980000019073486
Vehicle_16;9566208;220;10;e;1.3990001678466797
Vehicle_16;9566208;221;10;e;1.3990001678466797
Vehicle_16;9566208;222;10;e;1.4040000438690186
Vehicle_16;9566208;223;10;e;1.4040000438690186
Vehicle_16;9566208;224;10;e;1.4040000438690186
Vehicle_16;9566208;225;10;ede;1.4040000438690186
Vehicle_16;9566208;226;10;ede;1.4040000438690186
Vehicle_16;9566208;227;10;e;1.4049999713897705
Vehicle_16;9566208;228;10;e;1.4049999713897705
Vehicle_16;9566208;229;10;e;1.4219999313354492
Vehicle_16;9566208;230;10;e;1.4219999313354492
Vehicle_16;9566208;231;10;e;1.4219999313354492
Vehicle_16;9566208;232;10;ede;1.4219999313354492
Vehicle_16;9566208;233;10;eded;1.4219999313354492
Vehicle_16;9566208;234;10;eded;1.440000057220459
Vehicle_16;9566208;235;10;ede;1.440000057220459
Vehicle_16;9566208;236;10;e;1.440000057220459
Vehicle_16;9566208;237;10;e;1.440000057220459
Vehicle_16;9566208;238;10;e;1.440000057220459
Vehicle_16;9566208;239;10;e;1.440000057220459
Vehicle_16;9566208;240;10;ed;1.440000057220459
Vehicle_16;9566208;241;10;ed;1.440000057220459
Vehicle_16;9566208;242;10;ed;1.440000057220459
Vehicle_16;9566208;243;10;e;1.4159998893737793
Vehicle_16;9566208;244;10;e;1.4159998893737793
Vehicle_16;9566208;245;10;e;1.4159998893737793
Vehicle_16;9566208;246;10;e;1.4159998893737793
Vehicle_16;9566208;247;10;e;1.4159998893737793
Vehicle_16;9566208;248;10;e;1.4159998893737793
Vehicle_16;9566208;249;10;e;1.4159998893737793
Vehicle_16;9566208;250;10;e;1.4159998893737793
Vehicle_16;9566208;251;10;ede;1.4159998893737793
Vehicle_16;9566208;252;10;ede;1.4159998893737793
Vehicle_16;9566208;253;10;e;1.4159998893737793
Vehicle_16;9566208;254;10;e;1.4159998893737793
Vehicle_16;9566208;255;10;e;1.5190000534057617
Vehicle_16;9566208;256;10;e;1.5190000534057617
Vehicle_16;9566208;257;10;ede;1.5190000534057617
Vehicle_16;9566208;258;10;ede;1.5190000534057617
Vehicle_16;9566208;259;10;ede;1.5190000534057617
Vehicle_16;9566208;260;10;eded;1.5190000534057617
Vehicle_16;9566208;261;10;eded;1.5190000534057617
Vehicle_16;9566208;262;10;ede;1.5190000534057617
Vehicle_16;9566208;263;10;ede;1.5190000534057617
Vehicle_16;9566208;264;10;ed;1.3989999294281006
Vehicle_16;9566208;265;10;ed;2.738999843597412
Vehicle_16;9566208;266;10;ed;2.738999843597412
Vehicle_16;9566208;267;10;ed;2.738999843597412
Vehicle_16;9566208;268;10;ede;2.738999843597412
Vehicle_16;9566208;269;10;edede;2.738999843597412
Vehicle_16;9566208;270;10;e;2.738999843597412
Vehicle_16;9566208;271;10;e;2.738999843597412
Vehicle_16;9566208;272;10;e;2.738999843597412
Vehicle_16;9566208;273;10;e;2.738999843597412
Vehicle_16;9566208;274;10;e;1.8650000095367432
Vehicle_16;9566208;275;10;e;1.8650000095367432
Vehicle_16;9566208;276;10;e;1.8650000095367432
Vehicle_16;9566208;277;10;ede;1.8650000095367432
Vehicle_16;9566208;278;10;eded;1.8650000095367432
Vehicle_16;9566208;279;10;eded;1.4210000038146973
Vehicle_16;9566208;280;10;ede;1.4210000038146973
Vehicle_16;9566208;281;10;eded;1.4210000038146973
Vehicle_16;9566208;282;10;ede;1.4210000038146973
Vehicle_16;9566208;283;10;ede;1.4210000038146973
Vehicle_16;9566208;284;10;eded;1.4210000038146973
Vehicle_16;9566208;285;10;eded;1.4210000038146973
Vehicle_16;9566208;286;10;eded;1.4210000038146973
Vehicle_16;9566208;287;10;ede;1.4210000038146973
Vehicle_16;9566208;288;10;e;1.4210000038146973
Vehicle_16;9566208;289;10;e;1.4210000038146973
Vehicle_16;9566208;290;10;e;1.4210000038146973
Vehicle_16;9566208;291;10;e;1.616999864578247
Vehicle_16;9566208;292;10;e;1.616999864578247
Vehicle_16;9566208;293;10;e;3.3919999599456787
Vehicle_16;9566208;294;10;e;3.3919999599456787
Vehicle_16;9566208;295;10;e;3.3919999599456787
Vehicle_16;9566208;296;10;e;3.3919999599456787
Vehicle_16;9566208;297;10;e;3.3919999599456787
Vehicle_16;9566208;298;10;e;3.3919999599456787
Vehicle_16;9566208;299;10;e;3.3919999599456787
Vehicle_16;9566208;300;10;e;3.3919999599456787
Vehicle_16;9566208;301;10;e;3.3919999599456787
Vehicle_16;9566208;302;10;e;1.5
Vehicle_16;9566208;303;10;e;1.5
Vehicle_16;9566208;304;10;e;1.5379998683929443
Vehicle_16;9566208;305;10;e;1.5379998683929443
Vehicle_16;9566208;306;10;e;1.5379998683929443
Vehicle_16;9566208;307;10;e;1.5379998683929443
Vehicle_16;9566208;308;10;e;1.5379998683929443
Vehicle_16;9566208;309;10;e;1.5379998683929443
Vehicle_16;9566208;310;10;e;1.5379998683929443
Vehicle_16;9566208;311;10;e;1.5379998683929443
Vehicle_16;9566208;312;10;e;1.5379998683929443
Vehicle_16;9566208;313;10;e;1.3989999294281006
Vehicle_16;9566208;314;10;e;1.3989999294281006
Vehicle_16;9566208;315;10;e;1.3989999294281006
Vehicle_16;9566208;316;10;e;1.4060001373291016
Vehicle_16;9566208;317;10;e;1.4060001373291016
Vehicle_16;9566208;318;10;ed;1.4060001373291016
Vehicle_16;9566208;319;10;eded;1.4060001373291016
Vehicle_16;9566208;320;10;ede;1.4060001373291016
Vehicle_16;9566208;321;10;e;1.4060001373291016
Vehicle_16;9566208;322;10;e;1.4060001373291016
Vehicle_16;9566208;323;10;e;1.4060001373291016
Vehicle_16;9566208;324;10;e8;1.4060001373291016
Vehicle_16;9566208;325;10;e8;1.4029998779296875
Vehicle_16;9566208;326;10;e8;1.4029998779296875
Vehicle_16;9566208;327;10;e8;1.4029998779296875
Vehicle_16;9566208;328;10;b2;1.4029998779296875
Vehicle_16;9566208;329;10;b2;1.4029998779296875
Vehicle_16;9566208;330;10;b2;1.4029998779296875
Vehicle_16;9566208;331;10;b2;1.4029998779296875
Vehicle_16;9566208;332;10;b2;1.4029998779296875
Vehicle_16;9566208;333;10;e;1.4029998779296875
Vehicle_16;9566208;334;10;e;1.4020001888275146
Vehicle_16;9566208;335;10;e;1.4020001888275146
Vehicle_16;9566208;336;10;e;1.4020001888275146
Vehicle_16;9566208;337;10;e;1.4020001888275146
Vehicle_16;9566208;338;10;e;1.4010000228881836
Vehicle_16;9566208;339;10;e;1.4010000228881836
Vehicle_16;9566208;340;10;e;1.4010000228881836
Vehicle_16;9566208;341;10;e;1.4010000228881836
Vehicle_16;9566208;342;10;ed;1.4010000228881836
Vehicle_16;9566208;343;10;ed;1.4030001163482666
Vehicle_16;9566208;344;10;e;1.4030001163482666
Vehicle_16;9566208;345;10;e;1.4219999313354492
Vehicle_16;9566208;346;10;ed;1.4219999313354492
Vehicle_16;9566208;347;10;ed;1.4219999313354492
Vehicle_16;9566208;348;10;ed;1.4219999313354492
Vehicle_16;9566208;349;10;ed;1.4219999313354492
Vehicle_16;9566208;350;10;e;1.4219999313354492
Vehicle_16;9566208;351;10;e;1.4219999313354492
Vehicle_16;9566208;352;10;e;1.4219999313354492
Vehicle_16;9566208;353;10;e;1.4219999313354492
Vehicle_16;9566208;354;10;ed;1.3999998569488525
Vehicle_16;9566208;355;10;ed;1.3999998569488525
Vehicle_16;9566208;356;10;ed;1.3999998569488525
Vehicle_16;9566208;357;10;e;1.3999998569488525
Vehicle_16;9566208;358;10;ede;1.4210000038146973
Vehicle_16;9566208;359;10;e;1.4210000038146973
Vehicle_16;9566208;360;10;e;1.4210000038146973
Vehicle_16;9566208;361;10;e;1.4210000038146973
Vehicle_16;9566208;362;10;e;1.4210000038146973
Vehicle_16;9566208;363;10;e;1.4210000038146973
Vehicle_16;9566208;364;10;e;1.4210000038146973
Vehicle_16;9566208;365;10;e;1.4210000038146973
Vehicle_16;9566208;366;10;e;1.4210000038146973
Vehicle_16;9566208;367;10;e;1.4040000438690186
Vehicle_16;9566208;368;10;e;1.4040000438690186
Vehicle_16;9566208;369;10;ede;1.4040000438690186
Vehicle_16;9566208;370;10;e;1.4040000438690186
Vehicle_16;9566208;371;10;e;1.4040000438690186
Vehicle_16;9566208;372;10;e;1.4040000438690186
Vehicle_16;9566208;373;10;e;1.4040000438690186
Vehicle_16;9566208;374;10;e;1.4040000438690186
Vehicle_16;9566208;375;10;e;1.4040000438690186
Vehicle_16;9566208;376;10;e;1.4040000438690186
Vehicle_16;9566208;377;10;e;1.4040000438690186
Vehicle_16;9566208;378;10;e;1.4040000438690186
Vehicle_16;9566208;379;10;ede;1.4040000438690186
Vehicle_16;9566208;380;10;edede;1.4040000438690186
Vehicle_16;9566208;381;10;ede;1.4040000438690186
Vehicle_16;9566208;382;10;ede;1.3900001049041748
Vehicle_16;9566208;383;10;ede;1.3900001049041748
Vehicle_16;9566208;384;10;edede;1.3900001049041748
Vehicle_16;9566208;385;10;ededed;1.3900001049041748
Vehicle_16;9566208;386;10;ededede;1.3910000324249268
Vehicle_16;9566208;387;10;ededede;1.3910000324249268
Vehicle_16;9566208;388;10;ededed;1.3910000324249268
Vehicle_16;9566208;389;10;edede;1.3910000324249268
Vehicle_16;9566208;390;10;edede;1.3910000324249268
Vehicle_16;9566208;391;10;eded;1.4019999504089355
Vehicle_16;9566208;392;10;ededed;1.4019999504089355
Vehicle_16;9566208;393;10;eded;1.4019999504089355
Vehicle_16;9566208;394;10;ede;1.4019999504089355
Vehicle_16;9566208;395;10;eded;2.695000171661377
Vehicle_16;9566208;396;10;edede;2.695000171661377
Vehicle_16;9566208;397;10;eded;2.695000171661377
Vehicle_16;9566208;398;10;ede;2.695000171661377
Vehicle_16;9566208;399;10;e;2.695000171661377
Vehicle_16;9566208;400;10;ede;2.695000171661377
Vehicle_16;9566208;401;10;e;2.695000171661377
Vehicle_16;9566208;402;10;e;2.695000171661377
Vehicle_16;9566208;403;10;e;2.695000171661377
Vehicle_16;9566208;404;10;e;2.3899998664855957
Vehicle_16;9566208;405;10;e;2.3899998664855957
Vehicle_16;9566208;406;10;e;2.3899998664855957
Vehicle_16;9566208;407;10;ed;2.3899998664855957
Vehicle_16;9566208;408;10;ed;2.3899998664855957
Vehicle_16;9566208;409;10;ed;1.440999984741211
Vehicle_16;9566208;410;10;e;1.440999984741211
Vehicle_16;9566208;411;10;ede;1.440999984741211
Vehicle_16;9566208;412;10;e;1.440999984741211
Vehicle_16;9566208;413;10;e;1.440999984741211
Vehicle_16;9566208;414;10;e;1.440999984741211
Vehicle_16;9566208;415;10;ed;1.440999984741211
Vehicle_16;9566208;416;10;ed;1.444000005722046
Vehicle_16;9566208;417;10;e;1.444000005722046
Vehicle_16;9566208;418;10;e;1.444000005722046
Vehicle_16;9566208;419;10;e;1.444000005722046
Vehicle_16;9566208;420;10;e;1.444000005722046
Vehicle_16;9566208;421;10;e;1.444000005722046
Vehicle_16;9566208;422;10;e;1.444000005722046
Vehicle_16;9566208;423;10;ed;1.444000005722046
Vehicle_16;9566208;424;10;ed;1.444000005722046
Vehicle_16;9566208;425;10;ed;1.438999891281128
Vehicle_16;9566208;426;10;ed;1.438999891281128
Vehicle_16;9566208;427;10;ede;1.438999891281128
Vehicle_16;9566208;428;10;ede;1.438999891281128
Vehicle_16;9566208;429;10;e;1.438999891281128
Vehicle_16;9566208;430;10;ed;1.438999891281128
Vehicle_16;9566208;431;10;ed;1.438999891281128
Vehicle_16;9566208;432;10;ed;1.438999891281128
Vehicle_16;9566208;433;10;ed;1.438999891281128
Vehicle_16;9566208;434;10;e;1.440999984741211
Vehicle_16;9566208;435;10;e;1.440999984741211
Vehicle_16;9566208;436;10;e;1.440999984741211
Vehicle_16;9566208;437;10;e;1.440999984741211
Vehicle_16;9566208;438;10;e;1.440999984741211
Vehicle_16;9566208;439;10;e;1.440999984741211
Vehicle_16;9566208;440;10;ed;1.440999984741211
Vehicle_16;9566208;441;10;ede;1.440999984741211
Vehicle_16;9566208;442;10;ede;1.440999984741211
Vehicle_16;9566208;443;10;ede;1.440999984741211
Vehicle_16;9566208;444;10;ed;1.440999984741211
Vehicle_16;9566208;445;10;ede;1.440999984741211
Vehicle_16;9566208;446;10;ede;1.440999984741211
Vehicle_16;9566208;447;10;e;1.440999984741211
Vehicle_16;9566208;448;10;e;1.438999891281128
Vehicle_16;9566208;449;10;e;1.438999891281128
Vehicle_16;9566208;450;10;e;1.438999891281128
Vehicle_16;9566208;451;10;e;1.439000129699707
Vehicle_16;9566208;452;10;eded;1.439000129699707
Vehicle_16;9566208;453;10;ede;1.439000129699707
Vehicle_16;9566208;454;10;e;1.439000129699707
Vehicle_16;9566208;455;10;e;1.439000129699707
Vehicle_16;9566208;456;10;e;1.439000129699707
Vehicle_16;9566208;457;10;ede;1.439000129699707
Vehicle_16;9566208;458;10;ede;1.439000129699707
Vehicle_16;9566208;459;10;eded;1.439000129699707
Vehicle_16;9566208;460;10;ede;1.4210000038146973
Vehicle_16;9566208;461;10;eded;1.4210000038146973
Vehicle_16;9566208;462;10;ede;1.4210000038146973
Vehicle_16;9566208;463;10;ed;1.4210000038146973
Vehicle_16;9566208;464;10;edede;1.4210000038146973
Vehicle_16;9566208;465;10;e;1.4210000038146973
Vehicle_16;9566208;466;10;e;1.4210000038146973
Vehicle_16;9566208;467;10;e;1.4210000038146973
Vehicle_16;9566208;468;10;ed;1.3389999866485596
Vehicle_16;9566208;469;10;ed;1.3389999866485596
Vehicle_16;9566208;470;10;ed;1.440000057220459
Vehicle_16;9566208;471;10;e;1.440000057220459
Vehicle_16;9566208;472;10;e;1.440000057220459
Vehicle_16;9566208;473;10;e;1.440000057220459
Vehicle_16;9566208;474;10;ed;1.440000057220459
Vehicle_16;9566208;475;10;edede;1.440000057220459
Vehicle_16;9566208;476;10;edede;1.440000057220459
Vehicle_16;9566208;477;10;ede;1.440000057220459
Vehicle_16;9566208;478;10;ede;1.440000057220459
Vehicle_16;9566208;479;10;ede;1.440000057220459
Vehicle_16;9566208;480;10;ede;1.440000057220459
Vehicle_16;9566208;481;10;ed;1.440000057220459
Vehicle_16;9566208;482;10;ed;1.440000057220459
Vehicle_16;9566208;483;10;ede;1.440000057220459
Vehicle_16;9566208;484;10;ede;1.4560000896453857
Vehicle_16;9566208;485;10;ede;1.4560000896453857
Vehicle_16;9566208;486;10;ede;1.4560000896453857
Vehicle_16;9566208;487;10;ede;1.4560000896453857
Vehicle_16;9566208;488;10;ed;1.4560000896453857
Vehicle_16;9566208;489;10;ed;1.4560000896453857
Vehicle_16;9566208;490;10;ed;1.4560000896453857
Vehicle_16;9566208;491;10;e;1.4560000896453857
Vehicle_16;9566208;492;10;e;1.4560000896453857
Vehicle_16;9566208;493;10;e;1.439000129699707
Vehicle_16;9566208;494;10;e;1.439000129699707
Vehicle_16;9566208;495;10;e;1.439000129699707
Vehicle_16;9566208;496;10;ede;1.439000129699707
Vehicle_16;9566208;497;10;ede;1.439000129699707
Vehicle_16;9566208;498;10;eded;1.439000129699707
Vehicle_16;9566208;499;10;ede;1.438999891281128
Vehicle_16;9566208;500;10;ede;1.438999891281128
Vehicle_16;9566208;501;10;ed;1.438999891281128
Vehicle_16;9566208;502;10;e;1.438999891281128
Vehicle_16;9566208;503;10;e;1.440000057220459
Vehicle_16;9566208;504;10;e;1.440000057220459
Vehicle_16;9566208;505;10;e;1.440000057220459
Vehicle_16;9566208;506;10;e;1.440000057220459
Vehicle_16;9566208;507;10;e;1.440000057220459
Vehicle_16;9566208;508;10;ed;1.440000057220459
Vehicle_16;9566208;509;10;ede;1.440000057220459
Vehicle_16;9566208;510;10;e;1.440000057220459
Vehicle_16;9566208;511;10;e;1.440000057220459
Vehicle_16;9566208;512;10;e;1.440000057220459
Vehicle_16;9566208;513;10;e;1.440000057220459
Vehicle_16;9566208;514;10;e;1.440000057220459
Vehicle_16;9566208;515;10;e;1.440000057220459
Vehicle_16;9566208;516;10;e;1.440000057220459
Vehicle_16;9566208;517;10;e;1.437999963760376
Vehicle_16;9566208;518;10;ed;1.437999963760376
Vehicle_16;9566208;519;10;ed;1.437999963760376
Vehicle_16;9566208;520;10;eded;1.437999963760376
Vehicle_16;9566208;521;10;ede;1.440999984741211
Vehicle_16;9566208;522;10;e;1.440999984741211
Vehicle_16;9566208;523;10;e;1.440999984741211
Vehicle_16;9566208;524;10;e;1.440999984741211
Vehicle_16;9566208;525;10;ed;1.440999984741211
Vehicle_16;9566208;526;10;ed;1.440999984741211
Vehicle_16;9566208;527;10;ede;1.440999984741211
Vehicle_16;9566208;528;10;ede;1.440999984741211
Vehicle_16;9566208;529;10;edede;1.440999984741211
Vehicle_16;9566208;530;10;eded;1.440000057220459
Vehicle_16;9566208;531;10;ede;1.440000057220459
Vehicle_16;9566208;532;10;ede;1.440000057220459
Vehicle_16;9566208;533;10;ed;1.440000057220459
Vehicle_16;9566208;534;10;ed;1.440000057220459
Vehicle_16;9566208;535;10;e;1.4020001888275146
Vehicle_16;9566208;536;10;e;1.4020001888275146
Vehicle_16;9566208;537;10;e;1.4020001888275146
Vehicle_16;9566208;538;10;ed;1.4020001888275146
Vehicle_16;9566208;539;10;ed;1.4020001888275146
Vehicle_16;9566208;540;10;ed;1.4020001888275146
Vehicle_16;9566208;541;10;ede;1.4020001888275146
Vehicle_16;9566208;542;10;ed;1.4020001888275146
Vehicle_16;9566208;543;10;ed;1.4020001888275146
Vehicle_16;9566208;544;10;ed;1.4040000438690186
Vehicle_16;9566208;545;10;e;1.4040000438690186
Vehicle_16;9566208;546;10;e;1.4040000438690186
Vehicle_16;9566208;547;10;e;1.4040000438690186
Vehicle_16;9566208;548;10;eded;1.4040000438690186
Vehicle_16;9566208;549;10;eded;1.4040000438690186
Vehicle_16;9566208;550;10;ede;1.4040000438690186
Vehicle_16;9566208;551;10;e;1.4040000438690186
Vehicle_16;9566208;552;10;ed;1.4040000438690186
Vehicle_16;9566208;553;10;ed;1.3970000743865967
Vehicle_16;9566208;554;10;e;1.3970000743865967
Vehicle_16;9566208;555;10;e;1.3970000743865967
Vehicle_16;9566208;556;10;e;1.3970000743865967
Vehicle_16;9566208;557;10;e;1.3970000743865967
Vehicle_16;9566208;558;10;e;1.3970000743865967
Vehicle_16;9566208;559;10;e;1.3970000743865967
Vehicle_16;9566208;560;10;e;1.3970000743865967
Vehicle_16;9566208;561;10;e;1.3970000743865967
Vehicle_16;9566208;562;10;ed;1.430999994277954
Vehicle_16;9566208;563;10;ed;1.430999994277954
Vehicle_16;9566208;564;10;ed;1.430999994277954
Vehicle_16;9566208;565;10;e;1.430999994277954
Vehicle_16;9566208;566;10;e;1.430999994277954
Vehicle_16;9566208;567;10;ed;1.430999994277954
Vehicle_16;9566208;568;10;ed;1.430999994277954
Vehicle_16;9566208;569;10;ed;1.430999994277954
Vehicle_16;9566208;570;10;ede;1.430999994277954
Vehicle_16;9566208;571;10;ed;1.437999963760376
Vehicle_16;9566208;572;10;ed;1.437999963760376
Vehicle_16;9566208;573;10;ed;1.437999963760376
Vehicle_16;9566208;574;10;ede;1.437999963760376
Vehicle_16;9566208;575;10;ede;1.437999963760376
Vehicle_16;9566208;576;10;e;1.437999963760376
Vehicle_16;9566208;577;10;e;1.437999963760376
Vehicle_16;9566208;578;10;ed;1.437999963760376
Vehicle_16;9566208;579;10;ede;1.437999963760376
Vehicle_16;9566208;580;10;ed;1.44100022315979
Vehicle_16;9566208;581;10;ede;1.44100022315979
Vehicle_16;9566208;582;10;eded;1.44100022315979
Vehicle_16;9566208;583;10;ede;1.44100022315979
Vehicle_16;9566208;584;10;ede;1.44100022315979
Vehicle_16;9566208;585;10;ede;1.44100022315979
Vehicle_16;9566208;586;10;ed;1.44100022315979
Vehicle_16;9566208;587;10;e;1.44100022315979
Vehicle_16;9566208;588;10;e;1.44100022315979
Vehicle_16;9566208;589;10;e;1.4609999656677246
Vehicle_16;9566208;590;10;ed;1.4609999656677246
Vehicle_16;9566208;591;10;ede;1.4609999656677246
Vehicle_16;9566208;592;10;ede;1.4609999656677246
Vehicle_16;9566208;593;10;ede;1.4609999656677246
Vehicle_16;9566208;594;10;eded;1.4609999656677246
Vehicle_16;9566208;595;10;eded;1.4609999656677246
Vehicle_16;9566208;596;10;edede;1.4609999656677246
Vehicle_16;9566208;597;10;ed;1.4609999656677246
Vehicle_16;9566208;598;10;e;1.440000057220459
Vehicle_16;9566208;599;10;e;1.440000057220459
Vehicle_16;9566208;600;10;ede;1.440000057220459
Vehicle_16;9566208;601;10;ede;1.440000057220459
Vehicle_16;9566208;602;10;ede;1.434000015258789
Vehicle_16;9566208;603;10;eded;1.434000015258789
Vehicle_16;9566208;604;10;ede;1.434000015258789
Vehicle_16;9566208;605;10;ed;1.434000015258789
Vehicle_16;9566208;606;10;e;1.434000015258789
Vehicle_16;9566208;607;10;e;1.438000202178955
Vehicle_16;9566208;608;10;e;1.438000202178955
Vehicle_16;9566208;609;10;ed;1.438000202178955
Vehicle_16;9566208;610;10;ed;1.438000202178955
Vehicle_16;9566208;611;10;ed;1.438999891281128
Vehicle_16;9566208;612;10;e;1.438999891281128
Vehicle_16;9566208;613;10;e9;1.438999891281128
Vehicle_16;9566208;614;10;e97;1.438999891281128
Vehicle_16;9566208;615;10;e97;1.438999891281128
Vehicle_16;9566208;616;10;e97;1.438999891281128
Vehicle_16;9566208;617;10;e97;1.438999891281128
Vehicle_16;9566208;618;10;a4;1.438999891281128
Vehicle_16;9566208;619;10;a4;1.438999891281128
Vehicle_16;9566208;620;10;e92;1.433000087738037
Vehicle_16;9566208;621;10;a12;1.433000087738037
Vehicle_16;9566208;622;10;ed;1.433000087738037
Vehicle_16;9566208;623;10;ed;1.440999984741211
Vehicle_16;9566208;624;10;ed;1.440999984741211
Vehicle_16;9566208;625;10;ed;1.440999984741211
Vehicle_16;9566208;626;10;e;1.440999984741211
Vehicle_16;9566208;627;10;e;1.440999984741211
Vehicle_16;9566208;628;10;e;1.440999984741211
Vehicle_16;9566208;629;10;e;1.440999984741211
Vehicle_16;9566208;630;10;e;1.440999984741211
Vehicle_16;9566208;631;10;ede;1.440999984741211
Vehicle_16;9566208;632;10;e;1.438999891281128
Vehicle_16;9566208;633;10;e;1.438999891281128
Vehicle_16;9566208;634;10;e;1.438999891281128
Vehicle_16;9566208;635;10;e;1.438999891281128
Vehicle_16;9566208;636;10;e;1.438999891281128
Vehicle_16;9566208;637;10;ede;1.4820001125335693
Vehicle_16;9566208;638;10;ede;1.4820001125335693
Vehicle_16;9566208;639;10;e;1.4820001125335693
Vehicle_16;9566208;640;10;e;1.4820001125335693
Vehicle_16;9566208;641;10;e;1.4820001125335693
Vehicle_16;9566208;642;10;ede;1.4820001125335693
Vehicle_16;9566208;643;10;e;1.4820001125335693
Vehicle_16;9566208;644;10;e;1.4820001125335693
Vehicle_16;9566208;645;10;e;1.4820001125335693
Vehicle_16;9566208;646;10;e;1.438999891281128
Vehicle_16;9566208;647;10;edede;1.438999891281128
Vehicle_16;9566208;648;10;ede;1.438999891281128
Vehicle_16;9566208;649;10;e;1.440999984741211
Vehicle_16;9566208;650;10;e;1.440999984741211
Vehicle_16;9566208;651;10;e;1.440999984741211
Vehicle_16;9566208;652;10;e;1.440999984741211
Vehicle_16;9566208;653;10;e;1.4809999465942383
Vehicle_16;9566208;654;10;e;1.4809999465942383
Vehicle_16;9566208;655;10;e;1.4809999465942383
Vehicle_16;9566208;656;10;e;1.4809999465942383
Vehicle_16;9566208;657;10;ede;1.4809999465942383
Vehicle_16;9566208;658;10;ed;1.4809999465942383
Vehicle_16;9566208;659;10;ed;1.4809999465942383
Vehicle_16;9566208;660;10;e;1.4809999465942383
Vehicle_16;9566208;661;10;ede;1.4809999465942383
Vehicle_16;9566208;662;10;ede;1.3809998035430908
Vehicle_16;9566208;663;10;eded;1.5850000381469727
Vehicle_16;9566208;664;10;e;1.5850000381469727
Vehicle_16;9566208;665;10;e;1.5850000381469727
Vehicle_16;9566208;666;10;e;1.5850000381469727
Vehicle_16;9566208;667;10;e;1.5850000381469727
Vehicle_16;9566208;668;10;e;1.5850000381469727
Vehicle_16;9566208;669;10;e;1.5850000381469727
Vehicle_16;9566208;670;10;e;1.5850000381469727
Vehicle_16;9566208;671;10;e;1.5850000381469727
Vehicle_16;9566208;672;10;e;1.559999942779541
Vehicle_16;9566208;673;10;ede;1.559999942779541
Vehicle_16;9566208;674;10;ede;1.559999942779541
Vehicle_16;9566208;675;10;e;1.560999870300293
Vehicle_16;9566208;676;10;e;1.560999870300293
Vehicle_16;9566208;677;10;ede;2.500999927520752
Vehicle_16;9566208;678;10;ede;2.500999927520752
Vehicle_16;9566208;679;10;e;2.500999927520752
Vehicle_16;9566208;680;10;e;2.500999927520752
Vehicle_16;9566208;681;10;e;2.500999927520752
Vehicle_16;9566208;682;10;ede;2.500999927520752
Vehicle_16;9566208;683;10;eded;2.500999927520752
Vehicle_16;9566208;684;10;eded;2.500999927520752
Vehicle_16;9566208;685;10;edede;2.500999927520752
Vehicle_16;9566208;686;10;edede;1.8619999885559082
Vehicle_16;9566208;687;10;ededed;1.8619999885559082
Vehicle_16;9566208;688;10;edede;1.8619999885559082
Vehicle_16;9566208;689;10;ede;1.8619999885559082
Vehicle_16;9566208;690;10;ed;1.8619999885559082
Vehicle_16;9566208;691;10;e;1.6070001125335693
Vehicle_16;9566208;692;10;ede;1.6070001125335693
Vehicle_16;9566208;693;10;e;1.6070001125335693
Vehicle_16;9566208;694;10;e;1.6070001125335693
Vehicle_16;9566208;695;10;e;1.6070001125335693
Vehicle_16;9566208;696;10;e;1.561000108718872
Vehicle_16;9566208;697;10;e;1.561000108718872
Vehicle_16;9566208;698;10;e;1.7229998111724854
Vehicle_16;9566208;699;10;ed;1.7229998111724854
Vehicle_16;9566208;700;10;ed;1.7229998111724854
Vehicle_16;9566208;701;10;e;1.7229998111724854
Vehicle_16;9566208;702;10;e;2.740000009536743
Vehicle_16;9566208;703;10;e;2.740000009536743
Vehicle_16;9566208;704;10;e;2.740000009536743
Vehicle_16;9566208;705;10;e;2.740000009536743
Vehicle_16;9566208;706;10;e;2.740000009536743
Vehicle_16;9566208;707;10;ed;2.740000009536743
Vehicle_16;9566208;708;10;ed;2.740000009536743
Vehicle_16;9566208;709;10;e;2.740000009536743
Vehicle_16;9566208;710;10;e;2.740000009536743
Vehicle_16;9566208;711;10;e;1.560999870300293
Vehicle_16;9566208;712;10;e;1.560999870300293
Vehicle_16;9566208;713;10;e;1.560999870300293
Vehicle_16;9566208;714;10;ede;1.560999870300293
Vehicle_16;9566208;715;10;ede;1.440000057220459
Vehicle_16;9566208;716;10;ede;1.440000057220459
Vehicle_16;9566208;717;10;eded;1.440000057220459
Vehicle_16;9566208;718;10;eded;1.440000057220459
Vehicle_16;9566208;719;10;edede;1.440000057220459
Vehicle_16;9566208;720;10;eded;1.440000057220459
Vehicle_16;9566208;721;10;edede;1.440000057220459
Vehicle_16;9566208;722;10;eded;1.440000057220459
Vehicle_16;9566208;723;10;ede;1.440000057220459
Vehicle_16;9566208;724;10;ede;1.440000057220459
Vehicle_16;9566208;725;10;edede;1.440000057220459
Vehicle_16;9566208;726;10;ede;1.440000057220459
Vehicle_16;9566208;727;10;ed;1.438999891281128
Vehicle_16;9566208;728;10;ed;1.438999891281128
Vehicle_16;9566208;729;10;e;1.438999891281128
Vehicle_16;9566208;730;10;e;1.438999891281128
Vehicle_16;9566208;731;10;e;1.4790000915527344
Vehicle_16;9566208;732;10;e;1.4790000915527344
Vehicle_16;9566208;733;10;e;1.4790000915527344
Vehicle_16;9566208;734;10;ed;1.4790000915527344
Vehicle_16;9566208;735;10;ede;1.4790000915527344
Vehicle_16;9566208;736;10;ede;1.4790000915527344
Vehicle_16;9566208;737;10;ede;1.4790000915527344
Vehicle_16;9566208;738;10;eded;1.4790000915527344
Vehicle_16;9566208;739;10;eded;1.4790000915527344
Vehicle_16;9566208;740;10;ede;1.442000150680542
Vehicle_16;9566208;741;10;e;1.442000150680542
Vehicle_16;9566208;742;10;ed;1.442000150680542
Vehicle_16;9566208;743;10;ed;1.442000150680542
Vehicle_16;9566208;744;10;ede;1.442000150680542
Vehicle_16;9566208;745;10;ed;1.441999912261963
Vehicle_16;9566208;746;10;e;1.441999912261963
Vehicle_16;9566208;747;10;e;1.441999912261963
Vehicle_16;9566208;748;10;e;1.441999912261963
Vehicle_16;9566208;749;10;ede;1.441999912261963
Vehicle_16;9566208;750;10;eded;1.441999912261963
Vehicle_16;9566208;751;10;ede;1.441999912261963
Vehicle_16;9566208;752;10;eded;1.441999912261963
Vehicle_16;9566208;753;10;ede;1.441999912261963
Vehicle_16;9566208;754;10;ed;1.44100022315979
Vehicle_16;9566208;755;10;e;1.44100022315979
Vehicle_16;9566208;756;10;e;1.44100022315979
Vehicle_16;9566208;757;10;e;1.44100022315979
Vehicle_16;9566208;758;10;e;1.440999984741211
Vehicle_16;9566208;759;10;e;1.440999984741211
Vehicle_16;9566208;760;10;ede;1.440999984741211
Vehicle_16;9566208;761;10;eded;1.440999984741211
Vehicle_16;9566208;762;10;eded;1.440999984741211
Vehicle_16;9566208;763;10;ede;1.440999984741211
Vehicle_16;9566208;764;10;e;1.440999984741211
Vehicle_16;9566208;765;10;e;1.440999984741211
Vehicle_16;9566208;766;10;e;1.440999984741211
Vehicle_16;9566208;767;10;ed;1.440000057220459
Vehicle_16;9566208;768;10;ed;1.440000057220459
Vehicle_16;9566208;769;10;ed;1.440000057220459
Vehicle_16;9566208;770;10;ed;1.440000057220459
Vehicle_16;9566208;771;10;e;1.440000057220459
Vehicle_16;9566208;772;10;e;1.440000057220459
Vehicle_16;9566208;773;10;e;1.440000057220459
Vehicle_16;9566208;774;10;ed;1.440000057220459
Vehicle_16;9566208;775;10;ed;1.440000057220459
Vehicle_16;9566208;776;10;e;1.438999891281128
Vehicle_16;9566208;777;10;eded;1.438999891281128
Vehicle_16;9566208;778;10;eded;1.438999891281128
Vehicle_16;9566208;779;10;ed;1.438999891281128
Vehicle_16;9566208;780;10;ede;1.438999891281128
Vehicle_16;9566208;781;10;ede;1.439000129699707
Vehicle_16;9566208;782;10;ede;1.439000129699707
Vehicle_16;9566208;783;10;eded;1.439000129699707
Vehicle_16;9566208;784;10;eded;1.439000129699707
Vehicle_16;9566208;785;10;ede;1.439000129699707
Vehicle_16;9566208;786;10;eded;1.439000129699707
Vehicle_16;9566208;787;10;edede;1.439000129699707
Vehicle_16;9566208;788;10;eded;1.439000129699707
Vehicle_16;9566208;789;10;ed;1.439000129699707
Vehicle_16;9566208;790;10;e;1.439000129699707
Vehicle_16;9566208;791;10;e;1.439000129699707
Vehicle_16;9566208;792;10;e;1.439000129699707
Vehicle_16;9566208;793;10;e;1.439000129699707
Vehicle_16;9566208;794;10;ede;1.440000057220459
Vehicle_16;9566208;795;10;eded;1.440000057220459
Vehicle_16;9566208;796;10;edede;1.440000057220459
Vehicle_16;9566208;797;10;e;1.440000057220459
Vehicle_16;9566208;798;10;e;1.440000057220459
Vehicle_16;9566208;799;10;e;1.440000057220459
Vehicle_16;9566208;800;10;e;1.440000057220459
Vehicle_16;9566208;801;10;e;1.440000057220459
Vehicle_16;9566208;802;10;e;1.440000057220459
Vehicle_16;9566208;803;10;e;1.3989999294281006
Vehicle_16;9566208;804;10;ede;1.3989999294281006
Vehicle_16;9566208;805;10;ede;1.38100004196167
Vehicle_16;9566208;806;10;ede;1.38100004196167
Vehicle_16;9566208;807;10;ede;1.38100004196167
Vehicle_16;9566208;808;10;ede;1.561000108718872
Vehicle_16;9566208;809;10;ede;1.561000108718872
Vehicle_16;9566208;810;10;e;1.561000108718872
Vehicle_16;9566208;811;10;e;1.561000108718872
Vehicle_16;9566208;812;10;e;1.561000108718872
Vehicle_16;9566208;813;10;e;1.561000108718872
Vehicle_16;9566208;814;10;e;1.561000108718872
Vehicle_16;9566208;815;10;e;1.561000108718872
Vehicle_16;9566208;816;10;ede;1.561000108718872
Vehicle_16;9566208;817;10;ede;1.435999870300293
Vehicle_16;9566208;818;10;ed;1.435999870300293
Vehicle_16;9566208;819;10;ede;1.435999870300293
Vehicle_16;9566208;820;10;ede;1.435999870300293
Vehicle_16;9566208;821;10;ede;1.435999870300293
Vehicle_16;9566208;822;10;ede;1.435999870300293
Vehicle_16;9566208;823;10;e;1.435999870300293
Vehicle_16;9566208;824;10;e;1.437000036239624
Vehicle_16;9566208;825;10;e;1.437000036239624
Vehicle_16;9566208;826;10;e;1.437000036239624
Vehicle_16;9566208;827;10;e;1.437000036239624
Vehicle_16;9566208;828;10;e;1.437000036239624
Vehicle_16;9566208;829;10;e;1.437000036239624
Vehicle_16;9566208;830;10;e;1.437000036239624
Vehicle_16;9566208;831;10;e;1.437000036239624
Vehicle_16;9566208;832;10;e;1.437000036239624
Vehicle_16;9566208;833;10;e;1.436000108718872
Vehicle_16;9566208;834;10;e;1.436000108718872
Vehicle_16;9566208;835;10;e;1.436000108718872
Vehicle_16;9566208;836;10;e;1.436000108718872
Vehicle_16;9566208;837;10;e;1.436000108718872
Vehicle_16;9566208;838;10;e;1.4149999618530273
Vehicle_16;9566208;839;10;e;1.4149999618530273
Vehicle_16;9566208;840;10;e;1.4149999618530273
Vehicle_16;9566208;841;10;e;1.4070000648498535
Vehicle_16;9566208;842;10;ed;1.4070000648498535
Vehicle_16;9566208;843;10;ed;1.4070000648498535
Vehicle_16;9566208;844;10;ed;1.440000057220459
Vehicle_16;9566208;845;10;e;1.440000057220459
Vehicle_16;9566208;846;10;e;1.440000057220459
Vehicle_16;9566208;847;10;ed;1.440000057220459
Vehicle_16;9566208;848;10;ede;1.440000057220459
Vehicle_16;9566208;849;10;eded;1.440000057220459
Vehicle_16;9566208;850;10;ede;1.440000057220459
Vehicle_16;9566208;851;10;ede;1.440000057220459
Vehicle_16;9566208;852;10;e;1.440000057220459
Vehicle_16;9566208;853;10;e;1.4119999408721924
Vehicle_16;9566208;854;10;e;1.4119999408721924
Vehicle_16;9566208;855;10;e;1.4119999408721924
Vehicle_16;9566208;856;10;e;1.4119999408721924
Vehicle_16;9566208;857;10;e;1.4119999408721924
Vehicle_16;9566208;858;10;ede;1.4119999408721924
Vehicle_16;9566208;859;10;ede;1.4119999408721924
Vehicle_16;9566208;860;10;ede;1.4119999408721924
Vehicle_16;9566208;861;10;edede;1.4119999408721924
Vehicle_16;9566208;862;10;eded;1.5
Vehicle_16;9566208;863;10;eded;1.5
Vehicle_16;9566208;864;10;eded;1.5
Vehicle_16;9566208;865;10;ede;1.5
Vehicle_16;9566208;866;10;ede;1.5
Vehicle_16;9566208;867;10;e;1.5
Vehicle_16;9566208;868;10;e;1.5
Vehicle_16;9566208;869;10;e;1.5
Vehicle_16;9566208;870;10;ed;1.5
Vehicle_16;9566208;871;10;ed;1.4620001316070557
Vehicle_16;9566208;872;10;ed;1.4639999866485596
Vehicle_16;9566208;873;10;e;1.4639999866485596
Vehicle_16;9566208;874;10;e;1.4639999866485596
Vehicle_16;9566208;875;10;e;1.4639999866485596
Vehicle_16;9566208;876;10;ede;1.4639999866485596
Vehicle_16;9566208;877;10;ede;1.4639999866485596
Vehicle_16;9566208;878;10;ede;1.4639999866485596
Vehicle_16;9566208;879;10;eded;1.4639999866485596
Vehicle_16;9566208;880;10;edede;1.4639999866485596
Vehicle_16;9566208;881;10;eded;1.437000036239624
Vehicle_16;9566208;882;10;eded;1.7999999523162842
Vehicle_16;9566208;883;10;eded;1.7999999523162842
Vehicle_16;9566208;884;10;edede;1.7999999523162842
Vehicle_16;9566208;885;10;edede;1.7999999523162842
Vehicle_16;9566208;886;10;ededed;1.7999999523162842
Vehicle_16;9566208;887;10;ededed;1.7999999523162842
Vehicle_16;9566208;888;10;ededed;1.7999999523162842
Vehicle_16;9566208;889;10;ededed;1.7999999523162842
Vehicle_16;9566208;890;10;edede;1.7999999523162842
Vehicle_16;9566208;891;10;ede;1.443000078201294
Vehicle_16;9566208;892;10;e;1.443000078201294
Vehicle_16;9566208;893;10;e8;1.443000078201294
Vehicle_16;9566208;894;10;e8;1.443000078201294
Vehicle_16;9566208;895;10;e8;1.443000078201294
Vehicle_16;9566208;896;10;e8;1.443000078201294
Vehicle_16;9566208;897;10;eda485;1.443000078201294
Vehicle_16;9566208;898;10;e85a48;1.443000078201294
Vehicle_16;9566208;899;10;a125a4;1.440000057220459
Vehicle_16;9566208;900;10;a125a48;1.440000057220459
Vehicle_16;9566208;901;10;5a121;57.17400002479553
Vehicle_16;9566208;902;10;a125;57.17400002479553
Vehicle_16;9566208;903;10;125b;57.17400002479553
Vehicle_16;9566208;904;10;125b7;57.17400002479553
Vehicle_16;9566208;905;10;e8497b7;57.17400002479553
Vehicle_16;9566208;906;10;a5a484;57.17400002479553
Vehicle_16;9566208;907;10;a5a484d;57.17400002479553
Vehicle_16;9566208;908;10;17b21;57.17400002479553
Vehicle_16;9566208;909;10;e84ded;57.17400002479553
Vehicle_16;9566208;910;10;b7eded;1.9189999103546143
Vehicle_16;9566208;911;10;b7eded;1.9189999103546143
Vehicle_16;9566208;912;10;b2121;1.502000093460083
Vehicle_16;9566208;913;10;eded;1.502000093460083
Vehicle_16;9566208;914;10;eded;1.502000093460083
Vehicle_16;9566208;915;10;edede;1.502000093460083
Vehicle_16;9566208;916;10;edede;1.502000093460083
Vehicle_16;9566208;917;10;eded;1.502000093460083
Vehicle_16;9566208;918;10;ede;1.502000093460083
Vehicle_16;9566208;919;10;ede;1.502000093460083
Vehicle_16;9566208;920;10;ede;1.499000072479248
Vehicle_16;9566208;921;10;e;1.499000072479248
Vehicle_16;9566208;922;10;ed;1.499000072479248
Vehicle_16;9566208;923;10;ede;1.499000072479248
Vehicle_16;9566208;924;10;eded;1.499000072479248
Vehicle_16;9566208;925;10;eded;1.499000072479248
Vehicle_16;9566208;926;10;ede;1.499000072479248
Vehicle_16;9566208;927;10;ede;1.499000072479248
Vehicle_16;9566208;928;10;e;1.499000072479248
Vehicle_16;9566208;929;10;ed;1.4859998226165771
Vehicle_16;9566208;930;10;ed;1.498000144958496
Vehicle_16;9566208;931;10;ede;1.498000144958496
Vehicle_16;9566208;932;10;ede;1.498000144958496
Vehicle_16;9566208;933;10;ded;1.498000144958496
Vehicle_16;9566208;934;10;dede;1.498000144958496
Vehicle_16;9566208;935;10;dedede;1.498000144958496
Vehicle_16;9566208;936;10;eded;1.498000144958496
Vehicle_16;9566208;937;10;ed;1.498000144958496
Vehicle_16;9566208;938;10;edede;1.498000144958496
Vehicle_16;9566208;939;10;ededed;1.498000144958496
Vehicle_16;9566208;940;10;ededed;1.501000165939331
Vehicle_16;9566208;941;10;edede;1.501000165939331
Vehicle_16;9566208;942;10;edede;1.501000165939331
Vehicle_16;9566208;943;10;ededed;1.501000165939331
Vehicle_16;9566208;944;10;eded;1.501000165939331
Vehicle_16;9566208;945;10;edede;1.501000165939331
Vehicle_16;9566208;946;10;eded;1.501000165939331
Vehicle_16;9566208;947;10;eded;1.501000165939331
Vehicle_16;9566208;948;10;edede;1.501000165939331
Vehicle_16;9566208;949;10;edede;20.181999921798706
Vehicle_16;9566208;950;10;edede8;20.181999921798706
Vehicle_16;9566208;951;10;edede85;20.181999921798706
Vehicle_16;9566208;952;10;ededa4;20.181999921798706
Vehicle_16;9566208;953;10;ede85;20.181999921798706
Vehicle_16;9566208;954;10;eda4;20.181999921798706
Vehicle_16;9566208;955;10;e85;20.181999921798706
Vehicle_16;9566208;956;10;a4;20.181999921798706
Vehicle_16;9566208;957;10;a4;20.181999921798706
Vehicle_16;9566208;958;10;1212;1.6019999980926514
Vehicle_16;9566208;959;10;eded;1.6019999980926514
Vehicle_16;9566208;960;10;edede;1.6019999980926514
Vehicle_16;9566208;961;10;ededed;1.4589998722076416
Vehicle_16;9566208;962;10;ededed;1.4630000591278076
Vehicle_16;9566208;963;10;edede;1.4630000591278076
Vehicle_16;9566208;964;10;edede;1.4630000591278076
Vehicle_16;9566208;965;10;ede;1.4630000591278076
Vehicle_16;9566208;966;10;e;1.4630000591278076
Vehicle_16;9566208;967;10;e;1.501000165939331
Vehicle_16;9566208;968;10;e;1.501000165939331
Vehicle_16;9566208;969;10;e8;1.501000165939331
Vehicle_16;9566208;970;10;e84;1.6600000858306885
Vehicle_16;9566208;971;10;e84;1.6600000858306885
Vehicle_16;9566208;972;10;e848;1.6600000858306885
Vehicle_16;9566208;973;10;ede8;1.6600000858306885
Vehicle_16;9566208;974;10;ede848;1.6600000858306885
Vehicle_16;9566208;975;10;eda48;1.6600000858306885
Vehicle_16;9566208;976;10;eda484;1.6600000858306885
Vehicle_16;9566208;977;10;b7a5e8;1.6600000858306885
Vehicle_16;9566208;978;10;a12169;1.6600000858306885
Vehicle_16;9566208;979;10;a12169;1.497999906539917
Vehicle_16;9566208;980;10;121692;1.497999906539917
Vehicle_16;9566208;981;10;eda5ed;1.497999906539917
Vehicle_16;9566208;982;10;e96de;1.497999906539917
Vehicle_16;9566208;983;10;b7ede;55.04100012779236
Vehicle_16;9566208;984;10;b7eded;55.04100012779236
Vehicle_16;9566208;985;10;b2121;55.04100012779236
Vehicle_16;9566208;986;10;ededb;55.04100012779236
Vehicle_16;9566208;987;10;ededb2;55.04100012779236
Vehicle_16;9566208;988;10;ededb24;55.04100012779236
Vehicle_16;9566208;989;10;ede85e;55.04100012779236
Vehicle_16;9566208;990;10;b24de;55.04100012779236
Vehicle_16;9566208;991;10;b24de9;55.04100012779236
Vehicle_16;9566208;992;10;b24de9;10.216000080108643
Vehicle_16;9566208;993;10;b24de96;10.216000080108643
Vehicle_16;9566208;994;10;a125a5;10.216000080108643
Vehicle_16;9566208;995;10;1216968;10.216000080108643
Vehicle_16;9566208;996;10;eda5a4;10.216000080108643
Vehicle_16;9566208;997;10;e9697;10.216000080108643
Vehicle_16;9566208;998;10;a5a49;10.216000080108643
Vehicle_16;9566208;999;10;a5e81;1.5
Vehicle_16;9566208;1000;10;a5e817;1.5
Vehicle_16;9566208;1001;10;a4924;1.5
Vehicle_16;9566208;1002;10;ede85e;1.5
Vehicle_16;9566208;1003;10;a5ed;1.5
Vehicle_16;9566208;1004;10;924de8;1.5
Vehicle_16;9566208;1005;10;a5edb6;1.5
Vehicle_16;9566208;1006;10;a12492;1.5
Vehicle_16;9566208;1007;10;b21681;1.5
Vehicle_16;9566208;1008;10;eda4da;1.4840002059936523
Vehicle_16;9566208;1009;10;de85e84;1.4840002059936523
Vehicle_16;9566208;1010;10;e85e84d;61.355000019073486
Vehicle_16;9566208;1011;10;e97e85a;61.355000019073486
Vehicle_16;9566208;1012;10;a4da497;61.355000019073486
Vehicle_16;9566208;1013;10;b21684;61.355000019073486
Vehicle_16;9566208;1014;10;e85a484;61.355000019073486
Vehicle_16;9566208;1015;10;a497b7;61.355000019073486
Vehicle_16;9566208;1016;10;168484;61.355000019073486
Vehicle_16;9566208;1017;10;a4848;61.355000019073486
Vehicle_16;9566208;1018;10;a4848;61.355000019073486
Vehicle_16;9566208;1019;10;eded;38.861000061035156
Vehicle_16;9566208;1020;10;ede;1.9809999465942383
Vehicle_16;9566208;1021;10;ede;1.500999927520752
Vehicle_16;9566208;1022;10;eda;1.500999927520752
Vehicle_16;9566208;1023;10;eda5;1.500999927520752
Vehicle_16;9566208;1024;10;e84d;1.4809999465942383
Vehicle_16;9566208;1025;10;e84d;1.4809999465942383
Vehicle_16;9566208;1026;10;e84da;1.4809999465942383
Vehicle_16;9566208;1027;10;e84da5;1.4809999465942383
Vehicle_16;9566208;1028;10;a5e84;1.4809999465942383
Vehicle_16;9566208;1029;10;a5e848;1.4809999465942383
Vehicle_16;9566208;1030;10;12;1.4800000190734863
Vehicle_16;9566208;1031;10;e8485e;1.4800000190734863
Vehicle_16;9566208;1032;10;a5e85e;1.4800000190734863
Vehicle_16;9566208;1033;10;a5e85e8;1.4800000190734863
Vehicle_16;9566208;1034;10;1212;1.4800000190734863
Vehicle_16;9566208;1035;10;e85e84;1.4800000190734863
Vehicle_16;9566208;1036;10;a5a5e;35.73900008201599
Vehicle_16;9566208;1037;10;1212;35.73900008201599
Vehicle_16;9566208;1038;10;a5e;35.73900008201599
Vehicle_16;9566208;1039;10;a5e;35.73900008201599
Vehicle_16;9566208;1040;10;a5ed;35.73900008201599
Vehicle_16;9566208;1041;10;121;35.73900008201599
Vehicle_16;9566208;1042;10;1212;35.73900008201599
Vehicle_16;9566208;1043;10;ede;35.73900008201599
Vehicle_16;9566208;1044;10;eded;35.73900008201599
Vehicle_16;9566208;1045;10;ede;1.5769999027252197
Vehicle_16;9566208;1046;10;ede;1.5769999027252197
Vehicle_16;9566208;1047;10;ede;1.6449999809265137
Vehicle_16;9566208;1048;10;ede8;1.6449999809265137
Vehicle_16;9566208;1049;10;eda5;1.6449999809265137
Vehicle_16;9566208;1050;10;e848;1.6449999809265137
Vehicle_16;9566208;1051;10;ede8484;1.6449999809265137
Vehicle_16;9566208;1052;10;ede84848;1.6449999809265137
Vehicle_16;9566208;1053;10;a5a484;1.745999813079834
Vehicle_16;9566208;1054;10;a5a484;1.745999813079834
Vehicle_16;9566208;1055;10;a5a4848;1.745999813079834
Vehicle_16;9566208;1056;10;121692;28.2189998626709
Vehicle_16;9566208;1057;10;a5a5a48;28.2189998626709
Vehicle_16;9566208;1058;10;5eda1;28.2189998626709
Vehicle_16;9566208;1059;10;eda1;28.2189998626709
Vehicle_16;9566208;1060;10;e8121;28.2189998626709
Vehicle_16;9566208;1061;10;a121;28.2189998626709
Vehicle_16;9566208;1062;10;a121;28.2189998626709
Vehicle_16;9566208;1063;10;121;28.2189998626709
Vehicle_16;9566208;1064;10;a5ede;28.2189998626709
Vehicle_16;9566208;1065;10;1;1.498999834060669
Vehicle_16;9566208;1066;10;e;1.498999834060669
Vehicle_16;9566208;1067;10;e8;1.498999834060669
Vehicle_16;9566208;1068;10;e8;1.498999834060669
Vehicle_16;9566208;1069;10;e85;1.498000144958496
Vehicle_16;9566208;1070;10;e85;1.498000144958496
Vehicle_16;9566208;1071;10;a4;1.498000144958496
Vehicle_16;9566208;1072;10;a4d;1.498000144958496
Vehicle_16;9566208;1073;10;a4d;1.494999885559082
Vehicle_16;9566208;1074;10;a4d;1.494999885559082
Vehicle_16;9566208;1075;10;121;1.494999885559082
Vehicle_16;9566208;1076;10;121;1.494999885559082
Vehicle_16;9566208;1077;10;ede;1.498000144958496
Vehicle_16;9566208;1078;10;ede;1.498000144958496
Vehicle_16;9566208;1079;10;edede;1.498000144958496
Vehicle_16;9566208;1080;10;ede;1.498000144958496
Vehicle_16;9566208;1081;10;ede;1.5
Vehicle_16;9566208;1082;10;ede;1.5
Vehicle_16;9566208;1083;10;ede;1.5
Vehicle_16;9566208;1084;10;e;1.5
Vehicle_16;9566208;1085;10;e;1.5
Vehicle_16;9566208;1086;10;e;1.5
Vehicle_16;9566208;1087;10;ed;1.5
Vehicle_16;9566208;1088;10;ede;1.5
Vehicle_16;9566208;1089;10;ede;1.5
Vehicle_16;9566208;1090;10;ede8;1.5
Vehicle_16;9566208;1091;10;ede84;1.5
Vehicle_16;9566208;1092;10;ede85a;1.5
Vehicle_16;9566208;1093;10;eda49;1.5
Vehicle_16;9566208;1094;10;da48;1.5
Vehicle_16;9566208;1095;10;e84921;1.5
Vehicle_16;9566208;1096;10;e85a16;1.5
Vehicle_16;9566208;1097;10;a5a12;1.5
Vehicle_16;9566208;1098;10;49212;1.5
Vehicle_16;9566208;1099;10;a12;1.4780001640319824
Vehicle_16;9566208;1100;10;85a484;1.4820001125335693
Vehicle_16;9566208;1101;10;a5eda5e;1.4820001125335693
Vehicle_16;9566208;1102;10;5e849;61.117000102996826
Vehicle_16;9566208;1103;10;a1217e;61.117000102996826
Vehicle_16;9566208;1104;10;e84da17;61.117000102996826
Vehicle_16;9566208;1105;10;a5e924d;61.117000102996826
Vehicle_16;9566208;1106;10;125e812;61.117000102996826
Vehicle_16;9566208;1107;10;125e812;61.117000102996826
Vehicle_16;9566208;1108;10;e924de;61.117000102996826
Vehicle_16;9566208;1109;10;a16d;61.117000102996826
Vehicle_16;9566208;1110;10;e92;61.117000102996826
Vehicle_16;9566208;1111;10;a121;61.019999980926514
Vehicle_16;9566208;1112;10;ede;30.986999988555908
Vehicle_16;9566208;1113;10;e;1.9529998302459717
Vehicle_16;9566208;1114;10;e;1.502000093460083
Vehicle_16;9566208;1115;10;ede;1.502000093460083
Vehicle_16;9566208;1116;10;ede;1.502000093460083
Vehicle_16;9566208;1117;10;ede;1.502000093460083
Vehicle_16;9566208;1118;10;dede;1.502000093460083
Vehicle_16;9566208;1119;10;ede;1.502000093460083
Vehicle_16;9566208;1120;10;ede;1.4820001125335693
Vehicle_16;9566208;1121;10;ede;1.4820001125335693
Vehicle_16;9566208;1122;10;ede;1.4820001125335693
Vehicle_16;9566208;1123;10;e;1.4830000400543213
Vehicle_16;9566208;1124;10;ede;1.4830000400543213
Vehicle_16;9566208;1125;10;e;1.4830000400543213
Vehicle_16;9566208;1126;10;e;1.4830000400543213
Vehicle_16;9566208;1127;10;e;1.4830000400543213
Vehicle_16;9566208;1128;10;ede;1.4830000400543213
Vehicle_16;9566208;1129;10;eded;1.4930000305175781
Vehicle_16;9566208;1130;10;edede;1.4930000305175781
Vehicle_16;9566208;1131;10;edede;1.4930000305175781
Vehicle_16;9566208;1132;10;edede;1.4930000305175781
Vehicle_16;9566208;1133;10;eded;1.4930000305175781
Vehicle_16;9566208;1134;10;eded;1.4930000305175781
Vehicle_16;9566208;1135;10;eded;1.4930000305175781
Vehicle_16;9566208;1136;10;eded;1.4930000305175781
Vehicle_16;9566208;1137;10;ede;1.4930000305175781
Vehicle_16;9566208;1138;10;ed;1.4800000190734863
Vehicle_16;9566208;1139;10;e;1.4800000190734863
Vehicle_16;9566208;1140;10;ede;1.4800000190734863
Vehicle_16;9566208;1141;10;ed;1.4800000190734863
Vehicle_16;9566208;1142;10;ede;1.4800000190734863
Vehicle_16;9566208;1143;10;ede;1.4800000190734863
Vehicle_16;9566208;1144;10;eded;1.4800000190734863
Vehicle_16;9566208;1145;10;eded;1.4800000190734863
Vehicle_16;9566208;1146;10;ede;1.6459999084472656
Vehicle_16;9566208;1147;10;ede;1.6459999084472656
Vehicle_16;9566208;1148;10;ed;1.6459999084472656
Vehicle_16;9566208;1149;10;ed;1.6459999084472656
Vehicle_16;9566208;1150;10;ed;1.6459999084472656
Vehicle_16;9566208;1151;10;ed;1.6459999084472656
Vehicle_16;9566208;1152;10;e;1.6459999084472656
Vehicle_16;9566208;1153;10;e;1.6459999084472656
Vehicle_16;9566208;1154;10;e;1.6459999084472656
Vehicle_16;9566208;1155;10;e;1.497999906539917
Vehicle_16;9566208;1156;10;e;1.497999906539917
Vehicle_16;9566208;1157;10;e;1.497999906539917
Vehicle_16;9566208;1158;10;ed;1.5420000553131104
Vehicle_16;9566208;1159;10;ed;1.5420000553131104
Vehicle_16;9566208;1160;10;ed;1.5420000553131104
Vehicle_16;9566208;1161;10;e;1.5420000553131104
Vehicle_16;9566208;1162;10;e;1.5420000553131104
Vehicle_16;9566208;1163;10;ed;1.5420000553131104
Vehicle_16;9566208;1164;10;ede;1.5420000553131104
Vehicle_16;9566208;1165;10;ede;1.5420000553131104
Vehicle_16;9566208;1166;10;ede;1.5420000553131104
Vehicle_16;9566208;1167;10;e;1.499000072479248
Vehicle_16;9566208;1168;10;e;1.499000072479248
Vehicle_16;9566208;1169;10;e;1.499000072479248
Vehicle_16;9566208;1170;10;e;1.499000072479248
Vehicle_16;9566208;1171;10;e;1.4820001125335693
Vehicle_16;9566208;1172;10;e;1.4820001125335693
Vehicle_16;9566208;1173;10;e;1.4820001125335693
Vehicle_16;9566208;1174;10;e;1.4810001850128174
Vehicle_16;9566208;1175;10;e;1.4810001850128174
Vehicle_16;9566208;1176;10;ede;1.4810001850128174
Vehicle_16;9566208;1177;10;e;1.4810001850128174
Vehicle_16;9566208;1178;10;e;1.502000093460083
Vehicle_16;9566208;1179;10;e;1.502000093460083
Vehicle_16;9566208;1180;10;e;1.502000093460083
Vehicle_16;9566208;1181;10;e;1.502000093460083
Vehicle_16;9566208;1182;10;e;1.5199999809265137
Vehicle_16;9566208;1183;10;e;1.5199999809265137
Vehicle_16;9566208;1184;10;e;1.5199999809265137
Vehicle_16;9566208;1185;10;e;1.5199999809265137
Vehicle_16;9566208;1186;10;ede;1.5199999809265137
Vehicle_16;9566208;1187;10;ede;1.5199999809265137
Vehicle_16;9566208;1188;10;e;1.5199999809265137
Vehicle_16;9566208;1189;10;ed;1.5199999809265137
Vehicle_16;9566208;1190;10;ed;1.5199999809265137
Vehicle_16;9566208;1191;10;ed;1.496999979019165
Vehicle_16;9566208;1192;10;ede;1.496999979019165
Vehicle_16;9566208;1193;10;ed;1.496999979019165
Vehicle_16;9566208;1194;10;ed;1.5
Vehicle_16;9566208;1195;10;ede;1.5
Vehicle_16;9566208;1196;10;ed;1.5
Vehicle_16;9566208;1197;10;e;1.5
Vehicle_16;9566208;1198;10;e;1.8610000610351562
Vehicle_16;9566208;1199;10;e;1.8610000610351562
Vehicle_16;9566208;1200;10;ede;1.8610000610351562
Vehicle_16;9566208;1201;10;e;1.8610000610351562
Vehicle_16;9566208;1202;10;ed;1.8610000610351562
Vehicle_16;9566208;1203;10;ede;1.8610000610351562
Vehicle_16;9566208;1204;10;eded;1.8610000610351562
Vehicle_16;9566208;1205;10;eded;1.8610000610351562
Vehicle_16;9566208;1206;10;e;1.8610000610351562
Vehicle_16;9566208;1207;10;ede;1.4900000095367432
Vehicle_16;9566208;1208;10;ede;1.4900000095367432
Vehicle_16;9566208;1209;10;eded;1.4900000095367432
Vehicle_16;9566208;1210;10;ede;1.496000051498413
Vehicle_16;9566208;1211;10;ed;1.496000051498413
Vehicle_16;9566208;1212;10;ede;1.496000051498413
Vehicle_16;9566208;1213;10;ede;1.496000051498413
Vehicle_16;9566208;1214;10;e;1.496000051498413
Vehicle_16;9566208;1215;10;e;1.496000051498413
Vehicle_16;9566208;1216;10;e;1.496000051498413
Vehicle_16;9566208;1217;10;e;1.496000051498413
Vehicle_16;9566208;1218;10;e;1.496000051498413
Vehicle_16;9566208;1219;10;ede;1.499000072479248
Vehicle_16;9566208;1220;10;ede;1.499000072479248
Vehicle_16;9566208;1221;10;eded;1.499000072479248
Vehicle_16;9566208;1222;10;eded;1.499000072479248
Vehicle_16;9566208;1223;10;eded;1.499000072479248
Vehicle_16;9566208;1224;10;eded;1.499000072479248
Vehicle_16;9566208;1225;10;ede;1.499000072479248
Vehicle_16;9566208;1226;10;e;1.499000072479248
Vehicle_16;9566208;1227;10;e;1.499000072479248
Vehicle_16;9566208;1228;10;eded;1.4830000400543213
Vehicle_16;9566208;1229;10;edede;1.4830000400543213
Vehicle_16;9566208;1230;10;edede;1.4830000400543213
Vehicle_16;9566208;1231;10;edede;1.5
Vehicle_16;9566208;1232;10;eded;1.5
Vehicle_16;9566208;1233;10;eded;1.5
Vehicle_16;9566208;1234;10;eded;1.5
Vehicle_16;9566208;1235;10;ededede;1.5
Vehicle_16;9566208;1236;10;ededede;1.5
Vehicle_16;9566208;1237;10;ededed;1.5
Vehicle_16;9566208;1238;10;ededed;1.5
Vehicle_16;9566208;1239;10;edede;1.5
Vehicle_16;9566208;1240;10;ede;1.499000072479248
Vehicle_16;9566208;1241;10;e;1.499000072479248
Vehicle_16;9566208;1242;10;ede;1.499000072479248
Vehicle_16;9566208;1243;10;ede;1.499000072479248
Vehicle_16;9566208;1244;10;ede;1.499000072479248
Vehicle_16;9566208;1245;10;e;1.499000072479248
Vehicle_16;9566208;1246;10;e;1.4820001125335693
Vehicle_16;9566208;1247;10;ed;1.498999834060669
Vehicle_16;9566208;1248;10;ed;1.498999834060669
Vehicle_16;9566208;1249;10;ed;1.498999834060669
Vehicle_16;9566208;1250;10;ed;1.758000135421753
Vehicle_16;9566208;1251;10;e;1.758000135421753
Vehicle_16;9566208;1252;10;e;1.758000135421753
Vehicle_16;9566208;1253;10;ede;1.758000135421753
Vehicle_16;9566208;1254;10;e;1.758000135421753
Vehicle_16;9566208;1255;10;ede;1.758000135421753
Vehicle_16;9566208;1256;10;ede;1.758000135421753
Vehicle_16;9566208;1257;10;ede;1.758000135421753
Vehicle_16;9566208;1258;10;edede;1.758000135421753
Vehicle_16;9566208;1259;10;edede;1.5199999809265137
Vehicle_16;9566208;1260;10;eded;1.5199999809265137
Vehicle_16;9566208;1261;10;eded;1.5199999809265137
Vehicle_16;9566208;1262;10;eded;1.5199999809265137
Vehicle_16;9566208;1263;10;eded;1.5829999446868896
Vehicle_16;9566208;1264;10;e;1.5829999446868896
Vehicle_16;9566208;1265;10;e;1.5829999446868896
Vehicle_16;9566208;1266;10;e;1.5829999446868896
Vehicle_16;9566208;1267;10;e;1.5829999446868896
Vehicle_16;9566208;1268;10;e;1.5829999446868896
Vehicle_16;9566208;1269;10;e;1.5829999446868896
Vehicle_16;9566208;1270;10;e;1.5829999446868896
Vehicle_16;9566208;1271;10;ed;1.5829999446868896
Vehicle_16;9566208;1272;10;ed;1.4830000400543213
Vehicle_16;9566208;1273;10;e;1.4830000400543213
Vehicle_16;9566208;1274;10;e;1.4830000400543213
Vehicle_16;9566208;1275;10;e;1.502000093460083
Vehicle_16;9566208;1276;10;e;1.502000093460083
Vehicle_16;9566208;1277;10;e;1.502000093460083
Vehicle_16;9566208;1278;10;ed;1.502000093460083
Vehicle_16;9566208;1279;10;ed;1.502000093460083
Vehicle_16;9566208;1280;10;e;1.502000093460083
Vehicle_16;9566208;1281;10;e;1.502000093460083
Vehicle_16;9566208;1282;10;ed;1.502000093460083
Vehicle_16;9566208;1283;10;ed;1.502000093460083
Vehicle_16;9566208;1284;10;ed;1.4749999046325684
Vehicle_16;9566208;1285;10;ed;1.5
Vehicle_16;9566208;1286;10;e;1.5
Vehicle_16;9566208;1287;10;e;1.5
Vehicle_16;9566208;1288;10;e;1.5230000019073486
Vehicle_16;9566208;1289;10;e;1.5230000019073486
Vehicle_16;9566208;1290;10;e;1.5230000019073486
Vehicle_16;9566208;1291;10;eded;1.5230000019073486
Vehicle_16;9566208;1292;10;eded;1.5230000019073486
Vehicle_16;9566208;1293;10;e;1.5230000019073486
Vehicle_16;9566208;1294;10;e;1.5230000019073486
Vehicle_16;9566208;1295;10;e;1.5230000019073486
Vehicle_16;9566208;1296;10;e;1.6380000114440918
Vehicle_16;9566208;1297;10;e;1.6380000114440918
Vehicle_16;9566208;1298;10;ede;1.6380000114440918
Vehicle_16;9566208;1299;10;ede;1.6380000114440918
Vehicle_16;9566208;1300;10;e;1.6380000114440918
Vehicle_16;9566208;1301;10;eded;1.6380000114440918
Vehicle_16;9566208;1302;10;ede;1.6380000114440918
Vehicle_16;9566208;1303;10;ed;1.6380000114440918
Vehicle_16;9566208;1304;10;ede;1.6380000114440918
Vehicle_16;9566208;1305;10;ed;1.5
Vehicle_16;9566208;1306;10;ed;1.5
Vehicle_16;9566208;1307;10;ed;1.5
Vehicle_16;9566208;1308;10;ed;1.5
Vehicle_16;9566208;1309;10;e;1.560999870300293
Vehicle_16;9566208;1310;10;e;1.560999870300293
Vehicle_16;9566208;1311;10;e;1.560999870300293
Vehicle_16;9566208;1312;10;eded;1.560999870300293
Vehicle_16;9566208;1313;10;ede;1.560999870300293
Vehicle_16;9566208;1314;10;ede;1.560999870300293
Vehicle_16;9566208;1315;10;e;1.560999870300293
Vehicle_16;9566208;1316;10;e;1.560999870300293
Vehicle_16;9566208;1317;10;e;1.560999870300293
Vehicle_16;9566208;1318;10;e;1.503000020980835
Vehicle_16;9566208;1319;10;e;1.5350000858306885
Vehicle_16;9566208;1320;10;e;1.5350000858306885
Vehicle_16;9566208;1321;10;ed;1.5350000858306885
Vehicle_16;9566208;1322;10;ede;1.5350000858306885
Vehicle_16;9566208;1323;10;ede;1.5350000858306885
Vehicle_16;9566208;1324;10;edede;1.5350000858306885
Vehicle_16;9566208;1325;10;eded;1.5350000858306885
Vehicle_16;9566208;1326;10;eded;1.5350000858306885
Vehicle_16;9566208;1327;10;ede;1.5350000858306885
Vehicle_16;9566208;1328;10;ede;1.5
Vehicle_16;9566208;1329;10;e;1.5
Vehicle_16;9566208;1330;10;edede;1.498999834060669
Vehicle_16;9566208;1331;10;edede;1.498999834060669
Vehicle_16;9566208;1332;10;ededed;1.498999834060669
Vehicle_16;9566208;1333;10;ededed;1.498999834060669
Vehicle_16;9566208;1334;10;ededede;1.498999834060669
Vehicle_16;9566208;1335;10;ededede;1.498999834060669
Vehicle_16;9566208;1336;10;edede;1.498999834060669
Vehicle_16;9566208;1337;10;ededed;1.498999834060669
Vehicle_16;9566208;1338;10;ede;1.5
Vehicle_16;9566208;1339;10;e;1.5
Vehicle_16;9566208;1340;10;e;1.5
Vehicle_16;9566208;1341;10;e;1.5
Vehicle_16;9566208;1342;10;e;1.5
Vehicle_16;9566208;1343;10;ed;1.5
Vehicle_16;9566208;1344;10;ed;1.5
Vehicle_16;9566208;1345;10;ed;1.5179998874664307
Vehicle_16;9566208;1346;10;e;1.5179998874664307
Vehicle_16;9566208;1347;10;ede;1.5179998874664307
Vehicle_16;9566208;1348;10;e;1.5179998874664307
Vehicle_16;9566208;1349;10;e;1.5179998874664307
Vehicle_16;9566208;1350;10;e;1.5179998874664307
Vehicle_16;9566208;1351;10;e;1.5179998874664307
Vehicle_16;9566208;1352;10;ede;1.5179998874664307
Vehicle_16;9566208;1353;10;e;1.5179998874664307
Vehicle_16;9566208;1354;10;e;1.5399999618530273
Vehicle_16;9566208;1355;10;e;1.5399999618530273
Vehicle_16;9566208;1356;10;e;1.5399999618530273
Vehicle_16;9566208;1357;10;e;1.5399999618530273
Vehicle_16;9566208;1358;10;e;1.5399999618530273
Vehicle_16;9566208;1359;10;e;1.5399999618530273
Vehicle_16;9566208;1360;10;ed;1.5399999618530273
Vehicle_16;9566208;1361;10;ede;1.5399999618530273
Vehicle_16;9566208;1362;10;edede;1.5399999618530273
Vehicle_16;9566208;1363;10;ede;1.438999891281128
Vehicle_16;9566208;1364;10;ede;1.438999891281128
Vehicle_16;9566208;1365;10;ed;1.438999891281128
Vehicle_16;9566208;1366;10;e;1.438999891281128
Vehicle_16;9566208;1367;10;e;1.438999891281128
Vehicle_16;9566208;1368;10;e;1.440000057220459
Vehicle_16;9566208;1369;10;eded;1.440000057220459
Vehicle_16;9566208;1370;10;edede;1.440000057220459
Vehicle_16;9566208;1371;10;ededed;1.440000057220459
Vehicle_16;9566208;1372;10;edede;1.440000057220459
Vehicle_16;9566208;1373;10;ededed;1.440000057220459
Vehicle_16;9566208;1374;10;edede;1.440000057220459
Vehicle_16;9566208;1375;10;eded;1.440000057220459
Vehicle_16;9566208;1376;10;e;1.440000057220459
Vehicle_16;9566208;1377;10;e;1.440000057220459
Vehicle_16;9566208;1378;10;ede;1.440000057220459
Vehicle_16;9566208;1379;10;e;1.440000057220459
Vehicle_16;9566208;1380;10;e;1.440000057220459
Vehicle_16;9566208;1381;10;e;1.440000057220459
Vehicle_16;9566208;1382;10;e;1.440000057220459
Vehicle_16;9566208;1383;10;ede;1.440000057220459
Vehicle_16;9566208;1384;10;e;1.440000057220459
Vehicle_16;9566208;1385;10;e;1.440000057220459
Vehicle_16;9566208;1386;10;e;1.440000057220459
Vehicle_16;9566208;1387;10;e;1.440000057220459
Vehicle_16;9566208;1388;10;e;1.440000057220459
Vehicle_16;9566208;1389;10;edede;1.440000057220459
Vehicle_16;9566208;1390;10;e;1.440000057220459
Vehicle_16;9566208;1391;10;e;1.440000057220459
Vehicle_16;9566208;1392;10;e;1.440000057220459
Vehicle_16;9566208;1393;10;e;1.440000057220459
Vehicle_16;9566208;1394;10;e;1.440000057220459
Vehicle_16;9566208;1395;10;e;1.438999891281128
Vehicle_16;9566208;1396;10;e;1.438999891281128
Vehicle_16;9566208;1397;10;e;1.438999891281128
Vehicle_16;9566208;1398;10;e;1.438999891281128
Vehicle_16;9566208;1399;10;e;1.440999984741211
Vehicle_16;9566208;1400;10;e;1.440999984741211
Vehicle_16;9566208;1401;10;e;1.440999984741211
Vehicle_16;9566208;1402;10;e;1.440999984741211
Vehicle_16;9566208;1403;10;e;1.440999984741211
Vehicle_16;9566208;1404;10;e;1.440999984741211
Vehicle_16;9566208;1405;10;e;1.440999984741211
Vehicle_16;9566208;1406;10;e;1.440999984741211
Vehicle_16;9566208;1407;10;ede;1.440999984741211
Vehicle_16;9566208;1408;10;ede;1.440000057220459
Vehicle_16;9566208;1409;10;edede;1.440000057220459
Vehicle_16;9566208;1410;10;eded;1.440000057220459
Vehicle_16;9566208;1411;10;eded;1.440000057220459
Vehicle_16;9566208;1412;10;eded;1.440000057220459
Vehicle_16;9566208;1413;10;eded;1.440000057220459
Vehicle_16;9566208;1414;10;ede;1.440000057220459
Vehicle_16;9566208;1415;10;ede;1.440000057220459
Vehicle_16;9566208;1416;10;ede;1.440000057220459
Vehicle_16;9566208;1417;10;ede;1.437000036239624
Vehicle_16;9566208;1418;10;ede;1.437000036239624
Vehicle_16;9566208;1419;10;ede;1.437000036239624
Vehicle_16;9566208;1420;10;eded;1.4800000190734863
Vehicle_16;9566208;1421;10;eded;1.4800000190734863
Vehicle_16;9566208;1422;10;edede;1.4800000190734863
Vehicle_16;9566208;1423;10;edede;1.4800000190734863
Vehicle_16;9566208;1424;10;edede;1.4800000190734863
Vehicle_16;9566208;1425;10;edede;1.4800000190734863
Vehicle_16;9566208;1426;10;ede;1.4800000190734863
Vehicle_16;9566208;1427;10;ededed;1.4800000190734863
Vehicle_16;9566208;1428;10;edede;1.4800000190734863
Vehicle_16;9566208;1429;10;edede;1.440000057220459
Vehicle_16;9566208;1430;10;edede;1.440000057220459
Vehicle_16;9566208;1431;10;eded;1.440000057220459
Vehicle_16;9566208;1432;10;eded;1.440000057220459
Vehicle_16;9566208;1433;10;eded;1.440000057220459
Vehicle_16;9566208;1434;10;edede;1.5219998359680176
Vehicle_16;9566208;1435;10;edede;1.5219998359680176
Vehicle_16;9566208;1436;10;edede;1.5219998359680176
Vehicle_16;9566208;1437;10;edede;1.5219998359680176
Vehicle_16;9566208;1438;10;edede;1.5219998359680176
Vehicle_16;9566208;1439;10;edede;1.5219998359680176
Vehicle_16;9566208;1440;10;ede;1.5219998359680176
Vehicle_16;9566208;1441;10;edede;1.5219998359680176
Vehicle_16;9566208;1442;10;e;1.5219998359680176
Vehicle_16;9566208;1443;10;e;1.439000129699707
Vehicle_16;9566208;1444;10;e;1.439000129699707
Vehicle_16;9566208;1445;10;e;1.439000129699707
Vehicle_16;9566208;1446;10;e;1.439000129699707
Vehicle_16;9566208;1447;10;e;1.444000005722046
Vehicle_16;9566208;1448;10;e;1.444000005722046
Vehicle_16;9566208;1449;10;e;1.444000005722046
Vehicle_16;9566208;1450;10;e;1.444000005722046
Vehicle_16;9566208;1451;10;e;1.444000005722046
Vehicle_16;9566208;1452;10;e;1.444000005722046
Vehicle_16;9566208;1453;10;edede;1.444000005722046
Vehicle_16;9566208;1454;10;edede;1.444000005722046
Vehicle_16;9566208;1455;10;ede;1.444000005722046
Vehicle_16;9566208;1456;10;eded;1.440999984741211
Vehicle_16;9566208;1457;10;eded;1.440999984741211
Vehicle_16;9566208;1458;10;eded;1.440999984741211
Vehicle_16;9566208;1459;10;edede;1.440999984741211
Vehicle_16;9566208;1460;10;edede;1.440999984741211
Vehicle_16;9566208;1461;10;ededed;1.440999984741211
Vehicle_16;9566208;1462;10;ededed;1.440000057220459
Vehicle_16;9566208;1463;10;ededed;1.440000057220459
Vehicle_16;9566208;1464;10;edede;1.440000057220459
Vehicle_16;9566208;1465;10;ededed;1.440000057220459
Vehicle_16;9566208;1466;10;ededede;1.440000057220459
