vehicle;ride;pos;ws;marker;time_delay
Vehicle_11;8825432;0;10;e;1.4229998588562012
Vehicle_11;8825432;1;10;ede;1.4229998588562012
Vehicle_11;8825432;2;10;e;1.4200000762939453
Vehicle_11;8825432;3;10;e;1.4200000762939453
Vehicle_11;8825432;4;10;e;1.4200000762939453
Vehicle_11;8825432;5;10;e;1.4200000762939453
Vehicle_11;8825432;6;10;e;1.4200000762939453
Vehicle_11;8825432;7;10;e;1.4200000762939453
Vehicle_11;8825432;8;10;e;1.4200000762939453
Vehicle_11;8825432;9;10;eded;1.4200000762939453
Vehicle_11;8825432;10;10;eded;1.4200000762939453
Vehicle_11;8825432;11;10;ede;1.4099998474121094
Vehicle_11;8825432;12;10;e;1.4099998474121094
Vehicle_11;8825432;13;10;e;1.4099998474121094
Vehicle_11;8825432;14;10;e;1.4210000038146973
Vehicle_11;8825432;15;10;e;1.4210000038146973
Vehicle_11;8825432;16;10;e;1.4210000038146973
Vehicle_11;8825432;17;10;e;1.4210000038146973
Vehicle_11;8825432;18;10;edede;1.4210000038146973
Vehicle_11;8825432;19;10;ededed;1.4219999313354492
Vehicle_11;8825432;20;10;edede;1.4219999313354492
Vehicle_11;8825432;21;10;eded;1.4219999313354492
Vehicle_11;8825432;22;10;ede;1.4219999313354492
Vehicle_11;8825432;23;10;ede;1.4219999313354492
Vehicle_11;8825432;24;10;dede;1.4219999313354492
Vehicle_11;8825432;25;10;ede;1.4219999313354492
Vehicle_11;8825432;26;10;ed;1.4219999313354492
Vehicle_11;8825432;27;10;e;1.4219999313354492
Vehicle_11;8825432;28;10;e;1.4219999313354492
Vehicle_11;8825432;29;10;e;1.4219999313354492
Vehicle_11;8825432;30;10;e;1.4219999313354492
Vehicle_11;8825432;31;10;e;1.4219999313354492
Vehicle_11;8825432;32;10;e;1.4200000762939453
Vehicle_11;8825432;33;10;e;1.4200000762939453
Vehicle_11;8825432;34;10;e;1.4200000762939453
Vehicle_11;8825432;35;10;e;1.4200000762939453
Vehicle_11;8825432;36;10;e;1.4200000762939453
Vehicle_11;8825432;37;10;e;1.4240000247955322
Vehicle_11;8825432;38;10;e;1.4240000247955322
Vehicle_11;8825432;39;10;e;1.4240000247955322
Vehicle_11;8825432;40;10;e;1.4240000247955322
Vehicle_11;8825432;41;10;e;1.4240000247955322
Vehicle_11;8825432;42;10;e;1.4240000247955322
Vehicle_11;8825432;43;10;e;1.4240000247955322
Vehicle_11;8825432;44;10;e;1.4240000247955322
Vehicle_11;8825432;45;10;e;1.4240000247955322
Vehicle_11;8825432;46;10;e;1.4240000247955322
Vehicle_11;8825432;47;10;ede;1.4240000247955322
Vehicle_11;8825432;48;10;ede;1.4240000247955322
Vehicle_11;8825432;49;10;edede;1.4240000247955322
Vehicle_11;8825432;50;10;e;1.4240000247955322
Vehicle_11;8825432;51;10;e;1.4240000247955322
Vehicle_11;8825432;52;10;e;1.4240000247955322
Vehicle_11;8825432;53;10;ede;1.4240000247955322
Vehicle_11;8825432;54;10;ede;1.4240000247955322
Vehicle_11;8825432;55;10;edede;1.4229998588562012
Vehicle_11;8825432;56;10;edede;1.4229998588562012
Vehicle_11;8825432;57;10;edede;1.4229998588562012
Vehicle_11;8825432;58;10;eded;1.4229998588562012
Vehicle_11;8825432;59;10;eded;1.4229998588562012
Vehicle_11;8825432;60;10;ede;1.4229998588562012
Vehicle_11;8825432;61;10;ede;1.4229998588562012
Vehicle_11;8825432;62;10;ede;1.4229998588562012
Vehicle_11;8825432;63;10;eded;1.4229998588562012
Vehicle_11;8825432;64;10;eded;1.4170000553131104
Vehicle_11;8825432;65;10;edede;1.4170000553131104
Vehicle_11;8825432;66;10;edede;1.4170000553131104
Vehicle_11;8825432;67;10;eded;1.4229998588562012
Vehicle_11;8825432;68;10;ede;1.4229998588562012
Vehicle_11;8825432;69;10;ed;1.4229998588562012
Vehicle_11;8825432;70;10;e;1.4229998588562012
Vehicle_11;8825432;71;10;ed;1.4229998588562012
Vehicle_11;8825432;72;10;ede;1.4229998588562012
Vehicle_11;8825432;73;10;eded;1.4229998588562012
Vehicle_11;8825432;74;10;ededede;1.4229998588562012
Vehicle_11;8825432;75;10;ededede;1.4229998588562012
Vehicle_11;8825432;76;10;ededed;1.4230000972747803
Vehicle_11;8825432;77;10;ededed;1.4230000972747803
Vehicle_11;8825432;78;10;edede;1.4230000972747803
Vehicle_11;8825432;79;10;eded;1.4230000972747803
Vehicle_11;8825432;80;10;ede;1.4230000972747803
Vehicle_11;8825432;81;10;ed;1.4230000972747803
Vehicle_11;8825432;82;10;e;1.4230000972747803
Vehicle_11;8825432;83;10;ed;1.4230000972747803
Vehicle_11;8825432;84;10;edede;1.4230000972747803
Vehicle_11;8825432;85;10;edede;1.4220001697540283
Vehicle_11;8825432;86;10;edede;1.4220001697540283
Vehicle_11;8825432;87;10;edede;1.4220001697540283
Vehicle_11;8825432;88;10;eded;1.4220001697540283
Vehicle_11;8825432;89;10;ede;1.4220001697540283
Vehicle_11;8825432;90;10;ed;1.4220001697540283
Vehicle_11;8825432;91;10;ed;1.4220001697540283
Vehicle_11;8825432;92;10;e;1.4220001697540283
Vehicle_11;8825432;93;10;ed;1.4220001697540283
Vehicle_11;8825432;94;10;ed;1.4219999313354492
Vehicle_11;8825432;95;10;ed;1.4219999313354492
Vehicle_11;8825432;96;10;ed;1.4219999313354492
Vehicle_11;8825432;97;10;ed;1.4219999313354492
Vehicle_11;8825432;98;10;eded;1.4219999313354492
Vehicle_11;8825432;99;10;ede;1.4219999313354492
Vehicle_11;8825432;100;10;ede;1.4219999313354492
Vehicle_11;8825432;101;10;ede;1.4219999313354492
Vehicle_11;8825432;102;10;ede;1.4219999313354492
Vehicle_11;8825432;103;10;edede;1.4230000972747803
Vehicle_11;8825432;104;10;edede;1.4230000972747803
Vehicle_11;8825432;105;10;edede;1.4230000972747803
Vehicle_11;8825432;106;10;e;1.4230000972747803
Vehicle_11;8825432;107;10;e;1.4230000972747803
Vehicle_11;8825432;108;10;e;1.4230000972747803
Vehicle_11;8825432;109;10;e;1.4230000972747803
Vehicle_11;8825432;110;10;e;1.4230000972747803
Vehicle_11;8825432;111;10;e;1.4230000972747803
Vehicle_11;8825432;112;10;e;2.502000093460083
Vehicle_11;8825432;113;10;e;2.502000093460083
Vehicle_11;8825432;114;10;ede;2.502000093460083
Vehicle_11;8825432;115;10;ede;2.502000093460083
Vehicle_11;8825432;116;10;ede;2.502000093460083
Vehicle_11;8825432;117;10;ede;2.502000093460083
Vehicle_11;8825432;118;10;ed;2.502000093460083
Vehicle_11;8825432;119;10;e;2.502000093460083
Vehicle_11;8825432;120;10;ed;2.502000093460083
Vehicle_11;8825432;121;10;ed;1.4219999313354492
Vehicle_11;8825432;122;10;e;1.4219999313354492
Vehicle_11;8825432;123;10;e;1.4219999313354492
Vehicle_11;8825432;124;10;e;1.4219999313354492
Vehicle_11;8825432;125;10;e;1.4219999313354492
Vehicle_11;8825432;126;10;ede;1.4219999313354492
Vehicle_11;8825432;127;10;ede;1.4219999313354492
Vehicle_11;8825432;128;10;edede;1.4219999313354492
Vehicle_11;8825432;129;10;edede;1.4219999313354492
Vehicle_11;8825432;130;10;edede;1.4219999313354492
Vehicle_11;8825432;131;10;edede;1.4219999313354492
Vehicle_11;8825432;132;10;edededed;1.4219999313354492
Vehicle_11;8825432;133;10;ededed;1.4219999313354492
Vehicle_11;8825432;134;10;edede;1.4219999313354492
Vehicle_11;8825432;135;10;edede;1.4219999313354492
Vehicle_11;8825432;136;10;edede;1.4219999313354492
Vehicle_11;8825432;137;10;edede;1.4219999313354492
Vehicle_11;8825432;138;10;ede;1.4219999313354492
Vehicle_11;8825432;139;10;ede;1.4219999313354492
Vehicle_11;8825432;140;10;e;1.4210000038146973
Vehicle_11;8825432;141;10;ed;1.4210000038146973
Vehicle_11;8825432;142;10;ede;1.4210000038146973
Vehicle_11;8825432;143;10;eded;1.4210000038146973
Vehicle_11;8825432;144;10;eded;1.4220001697540283
Vehicle_11;8825432;145;10;ede;1.4220001697540283
Vehicle_11;8825432;146;10;ede;1.4220001697540283
Vehicle_11;8825432;147;10;ede;1.4220001697540283
Vehicle_11;8825432;148;10;eded;1.4220001697540283
Vehicle_11;8825432;149;10;edede;1.4220001697540283
Vehicle_11;8825432;150;10;ededed;1.4220001697540283
Vehicle_11;8825432;151;10;ededede;1.4220001697540283
Vehicle_11;8825432;152;10;ededede;1.4220001697540283
Vehicle_11;8825432;153;10;edededed;1.4200000762939453
Vehicle_11;8825432;154;10;edededed;1.4200000762939453
Vehicle_11;8825432;155;10;edededed;1.438999891281128
Vehicle_11;8825432;156;10;edededed;1.438999891281128
Vehicle_11;8825432;157;10;edededed;1.438999891281128
Vehicle_11;8825432;158;10;ededede;1.438999891281128
Vehicle_11;8825432;159;10;ededed;1.438999891281128
Vehicle_11;8825432;160;10;ededed;1.438999891281128
Vehicle_11;8825432;161;10;eded;1.438999891281128
Vehicle_11;8825432;162;10;eded;1.438999891281128
Vehicle_11;8825432;163;10;edede;1.438999891281128
Vehicle_11;8825432;164;10;edede;1.4219999313354492
Vehicle_11;8825432;165;10;ede;1.4219999313354492
Vehicle_11;8825432;166;10;ede;1.4219999313354492
Vehicle_11;8825432;167;10;ede;1.4219999313354492
Vehicle_11;8825432;168;10;eded;1.4220001697540283
Vehicle_11;8825432;169;10;ed;1.4220001697540283
Vehicle_11;8825432;170;10;ed;1.4220001697540283
Vehicle_11;8825432;171;10;e;1.4220001697540283
Vehicle_11;8825432;172;10;e;1.4220001697540283
Vehicle_11;8825432;173;10;e;1.4749999046325684
Vehicle_11;8825432;174;10;ed;1.4749999046325684
Vehicle_11;8825432;175;10;ede;1.4749999046325684
Vehicle_11;8825432;176;10;eded;1.4749999046325684
Vehicle_11;8825432;177;10;eded;1.4749999046325684
Vehicle_11;8825432;178;10;ede;1.4749999046325684
Vehicle_11;8825432;179;10;ede;1.4749999046325684
Vehicle_11;8825432;180;10;edede;1.4749999046325684
Vehicle_11;8825432;181;10;edede;1.4749999046325684
Vehicle_11;8825432;182;10;edede;1.437000036239624
Vehicle_11;8825432;183;10;edede;1.438999891281128
Vehicle_11;8825432;184;10;ededed;1.438999891281128
Vehicle_11;8825432;185;10;ededed;1.438999891281128
Vehicle_11;8825432;186;10;ededed;1.438999891281128
Vehicle_11;8825432;187;10;e;1.438999891281128
Vehicle_11;8825432;188;10;e;1.438999891281128
Vehicle_11;8825432;189;10;e;1.438999891281128
Vehicle_11;8825432;190;10;e;1.438999891281128
Vehicle_11;8825432;191;10;ed;1.438999891281128
Vehicle_11;8825432;192;10;ed;1.4399998188018799
Vehicle_11;8825432;193;10;eded;1.4399998188018799
Vehicle_11;8825432;194;10;e;1.4399998188018799
Vehicle_11;8825432;195;10;e;1.4399998188018799
Vehicle_11;8825432;196;10;ede;1.440000057220459
Vehicle_11;8825432;197;10;e;1.440000057220459
Vehicle_11;8825432;198;10;ed;1.440000057220459
Vehicle_11;8825432;199;10;edede;1.440000057220459
Vehicle_11;8825432;200;10;ededed;1.440000057220459
Vehicle_11;8825432;201;10;ededed;1.440000057220459
Vehicle_11;8825432;202;10;ede;1.440000057220459
Vehicle_11;8825432;203;10;e;1.440000057220459
Vehicle_11;8825432;204;10;e;1.440000057220459
Vehicle_11;8825432;205;10;e;1.438999891281128
Vehicle_11;8825432;206;10;ede;1.438999891281128
Vehicle_11;8825432;207;10;e;1.438999891281128
Vehicle_11;8825432;208;10;ede;1.438999891281128
Vehicle_11;8825432;209;10;ede;1.438999891281128
Vehicle_11;8825432;210;10;ede;1.440000057220459
Vehicle_11;8825432;211;10;ede;1.440000057220459
Vehicle_11;8825432;212;10;eded;1.440000057220459
Vehicle_11;8825432;213;10;ede;1.440000057220459
Vehicle_11;8825432;214;10;ede;1.440000057220459
Vehicle_11;8825432;215;10;ede;1.440000057220459
Vehicle_11;8825432;216;10;ede;1.440000057220459
Vehicle_11;8825432;217;10;ede;1.440000057220459
Vehicle_11;8825432;218;10;ede;1.440000057220459
Vehicle_11;8825432;219;10;e;1.440000057220459
Vehicle_11;8825432;220;10;e;1.440000057220459
Vehicle_11;8825432;221;10;e;1.440000057220459
Vehicle_11;8825432;222;10;ed;1.440000057220459
Vehicle_11;8825432;223;10;ed;1.440000057220459
Vehicle_11;8825432;224;10;e;1.440000057220459
Vehicle_11;8825432;225;10;e;1.440000057220459
Vehicle_11;8825432;226;10;e;1.440000057220459
Vehicle_11;8825432;227;10;e;1.440000057220459
Vehicle_11;8825432;228;10;e;1.440000057220459
Vehicle_11;8825432;229;10;ede;1.440999984741211
Vehicle_11;8825432;230;10;e;1.440999984741211
Vehicle_11;8825432;231;10;e;1.440999984741211
Vehicle_11;8825432;232;10;e;1.440999984741211
Vehicle_11;8825432;233;10;e;1.440999984741211
Vehicle_11;8825432;234;10;edede;1.442000150680542
Vehicle_11;8825432;235;10;e;1.442000150680542
Vehicle_11;8825432;236;10;e;1.442000150680542
Vehicle_11;8825432;237;10;e;1.442000150680542
Vehicle_11;8825432;238;10;e;1.442000150680542
Vehicle_11;8825432;239;10;e;1.442000150680542
Vehicle_11;8825432;240;10;e;1.5469999313354492
Vehicle_11;8825432;241;10;e;1.5469999313354492
Vehicle_11;8825432;242;10;e;1.5469999313354492
Vehicle_11;8825432;243;10;e;1.5469999313354492
Vehicle_11;8825432;244;10;e;1.5469999313354492
Vehicle_11;8825432;245;10;e;1.5469999313354492
Vehicle_11;8825432;246;10;ede;1.5469999313354492
Vehicle_11;8825432;247;10;edede;1.5469999313354492
Vehicle_11;8825432;248;10;e;1.5469999313354492
Vehicle_11;8825432;249;10;ed;1.439000129699707
Vehicle_11;8825432;250;10;edede;1.439000129699707
Vehicle_11;8825432;251;10;edede;1.439000129699707
Vehicle_11;8825432;252;10;ededed;1.439000129699707
Vehicle_11;8825432;253;10;edede;1.440000057220459
Vehicle_11;8825432;254;10;eded;1.440000057220459
Vehicle_11;8825432;255;10;eded;1.440000057220459
Vehicle_11;8825432;256;10;eded;1.440000057220459
Vehicle_11;8825432;257;10;ede;1.440000057220459
Vehicle_11;8825432;258;10;ed;1.442000150680542
Vehicle_11;8825432;259;10;ede;1.442000150680542
Vehicle_11;8825432;260;10;ede;1.442000150680542
Vehicle_11;8825432;261;10;ede;1.442000150680542
Vehicle_11;8825432;262;10;ede;1.442000150680542
Vehicle_11;8825432;263;10;eded;1.442000150680542
Vehicle_11;8825432;264;10;ede;1.442000150680542
Vehicle_11;8825432;265;10;ede;1.442000150680542
Vehicle_11;8825432;266;10;eded;1.442000150680542
Vehicle_11;8825432;267;10;ede;1.442000150680542
Vehicle_11;8825432;268;10;eded;1.442000150680542
Vehicle_11;8825432;269;10;ede;1.442000150680542
Vehicle_11;8825432;270;10;eded;1.442000150680542
Vehicle_11;8825432;271;10;ede;1.442000150680542
Vehicle_11;8825432;272;10;eded;1.442000150680542
Vehicle_11;8825432;273;10;eded;1.431999921798706
Vehicle_11;8825432;274;10;ede;1.439000129699707
Vehicle_11;8825432;275;10;eded;1.439000129699707
Vehicle_11;8825432;276;10;ede;1.439000129699707
Vehicle_11;8825432;277;10;eded;1.439000129699707
Vehicle_11;8825432;278;10;ed;1.439000129699707
Vehicle_11;8825432;279;10;ed;1.440999984741211
Vehicle_11;8825432;280;10;e;1.440999984741211
Vehicle_11;8825432;281;10;e;1.440999984741211
Vehicle_11;8825432;282;10;e;1.440999984741211
Vehicle_11;8825432;283;10;e;1.440999984741211
Vehicle_11;8825432;284;10;ede;1.440999984741211
Vehicle_11;8825432;285;10;eded;1.440999984741211
Vehicle_11;8825432;286;10;eded;1.440999984741211
Vehicle_11;8825432;287;10;ede;1.440999984741211
Vehicle_11;8825432;288;10;ede;1.2420001029968262
Vehicle_11;8825432;289;10;ede;1.437999963760376
Vehicle_11;8825432;290;10;ede;1.437999963760376
Vehicle_11;8825432;291;10;e;1.437999963760376
Vehicle_11;8825432;292;10;e;1.437999963760376
Vehicle_11;8825432;293;10;e;1.437999963760376
Vehicle_11;8825432;294;10;ed;1.437999963760376
Vehicle_11;8825432;295;10;ed;1.437999963760376
Vehicle_11;8825432;296;10;ed;1.437999963760376
Vehicle_11;8825432;297;10;e;1.437999963760376
Vehicle_11;8825432;298;10;e;1.4170000553131104
Vehicle_11;8825432;299;10;e;1.4170000553131104
Vehicle_11;8825432;300;10;e;1.4170000553131104
Vehicle_11;8825432;301;10;e;1.440999984741211
Vehicle_11;8825432;302;10;e;1.440999984741211
Vehicle_11;8825432;303;10;ed;1.440999984741211
Vehicle_11;8825432;304;10;ede;1.440999984741211
Vehicle_11;8825432;305;10;ede;1.440999984741211
Vehicle_11;8825432;306;10;edede;1.5809998512268066
Vehicle_11;8825432;307;10;e;1.5809998512268066
Vehicle_11;8825432;308;10;e;1.5809998512268066
Vehicle_11;8825432;309;10;e;1.5809998512268066
Vehicle_11;8825432;310;10;e;1.5809998512268066
Vehicle_11;8825432;311;10;e;1.5809998512268066
Vehicle_11;8825432;312;10;e;1.5809998512268066
Vehicle_11;8825432;313;10;e;1.5809998512268066
Vehicle_11;8825432;314;10;e;1.5809998512268066
Vehicle_11;8825432;315;10;e;1.441999912261963
Vehicle_11;8825432;316;10;ede;1.441999912261963
Vehicle_11;8825432;317;10;e8;1.441999912261963
Vehicle_11;8825432;318;10;e84;1.441999912261963
Vehicle_11;8825432;319;10;e849;1.436000108718872
Vehicle_11;8825432;320;10;e849;1.436000108718872
Vehicle_11;8825432;321;10;eda5b6;1.436000108718872
Vehicle_11;8825432;322;10;eda5b69;1.4149999618530273
Vehicle_11;8825432;323;10;eda492;1.4149999618530273
Vehicle_11;8825432;324;10;a5a4921;1.4149999618530273
Vehicle_11;8825432;325;10;2496de;1.4300000667572021
Vehicle_11;8825432;326;10;a4921;1.4300000667572021
Vehicle_11;8825432;327;10;b6de8;1.4300000667572021
Vehicle_11;8825432;328;10;b6de85;1.4300000667572021
Vehicle_11;8825432;329;10;a12492;1.4300000667572021
Vehicle_11;8825432;330;10;edb6de;1.4300000667572021
Vehicle_11;8825432;331;10;e85ede;1.4300000667572021
Vehicle_11;8825432;332;10;b6dede;1.4300000667572021
Vehicle_11;8825432;333;10;b6dede;1.4300000667572021
Vehicle_11;8825432;334;10;b6deded;1.4170000553131104
Vehicle_11;8825432;335;10;a121212;1.4170000553131104
Vehicle_11;8825432;336;10;ededed;1.4399998188018799
Vehicle_11;8825432;337;10;edede;1.4399998188018799
Vehicle_11;8825432;338;10;eded;1.4399998188018799
Vehicle_11;8825432;339;10;ede;1.4399998188018799
Vehicle_11;8825432;340;10;eded;1.4399998188018799
Vehicle_11;8825432;341;10;edede;1.4399998188018799
Vehicle_11;8825432;342;10;edede;1.4399998188018799
Vehicle_11;8825432;343;10;eded;1.4399998188018799
Vehicle_11;8825432;344;10;ede;1.4399998188018799
Vehicle_11;8825432;345;10;eded;1.4179999828338623
Vehicle_11;8825432;346;10;ededb;1.4179999828338623
Vehicle_11;8825432;347;10;ede84;1.4179999828338623
Vehicle_11;8825432;348;10;edb7;1.4179999828338623
Vehicle_11;8825432;349;10;e84;1.4179999828338623
Vehicle_11;8825432;350;10;e84;1.4179999828338623
Vehicle_11;8825432;351;10;ede;1.4179999828338623
Vehicle_11;8825432;352;10;e84d;1.558000087738037
Vehicle_11;8825432;353;10;eded;1.558000087738037
Vehicle_11;8825432;354;10;ede;1.558000087738037
Vehicle_11;8825432;355;10;ede;1.558000087738037
Vehicle_11;8825432;356;10;ede;1.558000087738037
Vehicle_11;8825432;357;10;ede;1.558000087738037
Vehicle_11;8825432;358;10;ede;1.558000087738037
Vehicle_11;8825432;359;10;edede;1.558000087738037
Vehicle_11;8825432;360;10;eded;1.558000087738037
Vehicle_11;8825432;361;10;ede;1.440000057220459
Vehicle_11;8825432;362;10;ede;1.440000057220459
Vehicle_11;8825432;363;10;ede;1.440000057220459
Vehicle_11;8825432;364;10;e;1.440999984741211
Vehicle_11;8825432;365;10;e;1.440999984741211
Vehicle_11;8825432;366;10;e;1.440999984741211
Vehicle_11;8825432;367;10;ed;1.440999984741211
Vehicle_11;8825432;368;10;edede;1.440999984741211
Vehicle_11;8825432;369;10;ede;1.440999984741211
Vehicle_11;8825432;370;10;ede;1.440999984741211
Vehicle_11;8825432;371;10;edede;1.440999984741211
Vehicle_11;8825432;372;10;e;1.440999984741211
Vehicle_11;8825432;373;10;e;1.4399998188018799
Vehicle_11;8825432;374;10;e;1.4399998188018799
Vehicle_11;8825432;375;10;b2;1.4399998188018799
Vehicle_11;8825432;376;10;e;1.440999984741211
Vehicle_11;8825432;377;10;e;1.440999984741211
Vehicle_11;8825432;378;10;e;1.440999984741211
Vehicle_11;8825432;379;10;e;1.440999984741211
Vehicle_11;8825432;380;10;e;1.440999984741211
Vehicle_11;8825432;381;10;e;1.440999984741211
Vehicle_11;8825432;382;10;e;1.440999984741211
Vehicle_11;8825432;383;10;e;1.440999984741211
Vehicle_11;8825432;384;10;e;1.440999984741211
Vehicle_11;8825432;385;10;e;1.439000129699707
Vehicle_11;8825432;386;10;ed;1.439000129699707
Vehicle_11;8825432;387;10;ed;1.439000129699707
Vehicle_11;8825432;388;10;ed;1.439000129699707
Vehicle_11;8825432;389;10;e;1.439000129699707
Vehicle_11;8825432;390;10;e;1.439000129699707
Vehicle_11;8825432;391;10;e;1.437999963760376
Vehicle_11;8825432;392;10;ede;1.437999963760376
Vehicle_11;8825432;393;10;ede;1.4399998188018799
Vehicle_11;8825432;394;10;ede;1.4399998188018799
Vehicle_11;8825432;395;10;edede;1.4399998188018799
Vehicle_11;8825432;396;10;e;1.4399998188018799
Vehicle_11;8825432;397;10;e;1.4399998188018799
Vehicle_11;8825432;398;10;e;1.4399998188018799
Vehicle_11;8825432;399;10;e;1.4399998188018799
Vehicle_11;8825432;400;10;ede;1.4399998188018799
Vehicle_11;8825432;401;10;e;1.4399998188018799
Vehicle_11;8825432;402;10;ede;1.437000036239624
Vehicle_11;8825432;403;10;e;1.437000036239624
Vehicle_11;8825432;404;10;ed;1.437000036239624
Vehicle_11;8825432;405;10;ed;1.440999984741211
Vehicle_11;8825432;406;10;ede;1.440999984741211
Vehicle_11;8825432;407;10;b7b2;61.198999881744385
Vehicle_11;8825432;408;10;edb2;61.198999881744385
Vehicle_11;8825432;409;10;edb25;61.198999881744385
Vehicle_11;8825432;410;10;edb25a;61.198999881744385
Vehicle_11;8825432;411;10;edb25a5;61.198999881744385
Vehicle_11;8825432;412;10;e816849;61.198999881744385
Vehicle_11;8825432;413;10;e8168492;61.198999881744385
Vehicle_11;8825432;414;10;b25a5a12;61.198999881744385
Vehicle_11;8825432;415;10;e9216da;61.198999881744385
Vehicle_11;8825432;416;10;a5a;45.960999965667725
Vehicle_11;8825432;417;10;a5a5a;1.937999963760376
Vehicle_11;8825432;418;10;49681;1.437999963760376
Vehicle_11;8825432;419;10;a5a;1.437999963760376
Vehicle_11;8825432;420;10;a5a;1.437999963760376
Vehicle_11;8825432;421;10;a485e;61.01900005340576
Vehicle_11;8825432;422;10;17a12;61.01900005340576
Vehicle_11;8825432;423;10;17a12;61.01900005340576
Vehicle_11;8825432;424;10;17a12;61.01900005340576
Vehicle_11;8825432;425;10;24de;61.01900005340576
Vehicle_11;8825432;426;10;a121;61.01900005340576
Vehicle_11;8825432;427;10;121212;61.01900005340576
Vehicle_11;8825432;428;10;ededede;61.01900005340576
Vehicle_11;8825432;429;10;edede;61.01900005340576
Vehicle_11;8825432;430;10;edede;9.019999980926514
Vehicle_11;8825432;431;10;ede;1.937999963760376
Vehicle_11;8825432;432;10;e;1.559000015258789
Vehicle_11;8825432;433;10;e;1.559000015258789
Vehicle_11;8825432;434;10;e;1.559000015258789
Vehicle_11;8825432;435;10;b212;1.559000015258789
Vehicle_11;8825432;436;10;ede;1.559000015258789
Vehicle_11;8825432;437;10;e;1.559000015258789
Vehicle_11;8825432;438;10;e;1.559000015258789
Vehicle_11;8825432;439;10;e;1.559000015258789
Vehicle_11;8825432;440;10;e;1.4399998188018799
Vehicle_11;8825432;441;10;ede;1.4399998188018799
Vehicle_11;8825432;442;10;edede;1.438999891281128
Vehicle_11;8825432;443;10;edede;1.438999891281128
Vehicle_11;8825432;444;10;edede;1.6419999599456787
Vehicle_11;8825432;445;10;eded;1.6419999599456787
Vehicle_11;8825432;446;10;eded;1.6419999599456787
Vehicle_11;8825432;447;10;eded;1.6419999599456787
Vehicle_11;8825432;448;10;eded;1.680999994277954
Vehicle_11;8825432;449;10;ede;1.680999994277954
Vehicle_11;8825432;450;10;ed;1.680999994277954
Vehicle_11;8825432;451;10;e;1.680999994277954
Vehicle_11;8825432;452;10;ede;1.680999994277954
Vehicle_11;8825432;453;10;edede;1.680999994277954
Vehicle_11;8825432;454;10;edede;1.680999994277954
Vehicle_11;8825432;455;10;edede;1.680999994277954
Vehicle_11;8825432;456;10;edede;1.680999994277954
Vehicle_11;8825432;457;10;edede;1.5789999961853027
Vehicle_11;8825432;458;10;eded;1.5789999961853027
Vehicle_11;8825432;459;10;ede;1.5789999961853027
Vehicle_11;8825432;460;10;ede;1.5789999961853027
Vehicle_11;8825432;461;10;ede;1.5789999961853027
Vehicle_11;8825432;462;10;ede;1.5180001258850098
Vehicle_11;8825432;463;10;ed;1.5180001258850098
Vehicle_11;8825432;464;10;ed;1.5180001258850098
Vehicle_11;8825432;465;10;ed;1.5180001258850098
Vehicle_11;8825432;466;10;ed;1.5180001258850098
Vehicle_11;8825432;467;10;ede;1.5180001258850098
Vehicle_11;8825432;468;10;ede;1.5180001258850098
Vehicle_11;8825432;469;10;ede;1.440999984741211
Vehicle_11;8825432;470;10;ede;1.4589998722076416
Vehicle_11;8825432;471;10;ede;1.4589998722076416
Vehicle_11;8825432;472;10;ede;1.4589998722076416
Vehicle_11;8825432;473;10;ed;1.4589998722076416
Vehicle_11;8825432;474;10;ede;1.4589998722076416
Vehicle_11;8825432;475;10;ede;1.4589998722076416
Vehicle_11;8825432;476;10;ed;1.4589998722076416
Vehicle_11;8825432;477;10;ede;1.4589998722076416
Vehicle_11;8825432;478;10;ed;1.4589998722076416
Vehicle_11;8825432;479;10;e;1.4219999313354492
Vehicle_11;8825432;480;10;e;1.4219999313354492
Vehicle_11;8825432;481;10;e;1.4219999313354492
Vehicle_11;8825432;482;10;e;1.4219999313354492
Vehicle_11;8825432;483;10;e;1.4219999313354492
Vehicle_11;8825432;484;10;e;1.4219999313354492
Vehicle_11;8825432;485;10;e;1.4219999313354492
Vehicle_11;8825432;486;10;e;1.4219999313354492
Vehicle_11;8825432;487;10;e;1.4219999313354492
Vehicle_11;8825432;488;10;e;1.4219999313354492
Vehicle_11;8825432;489;10;e;1.4219999313354492
Vehicle_11;8825432;490;10;e;1.4219999313354492
Vehicle_11;8825432;491;10;e;1.4219999313354492
Vehicle_11;8825432;492;10;e;1.4219999313354492
Vehicle_11;8825432;493;10;e;1.4219999313354492
Vehicle_11;8825432;494;10;e;1.4219999313354492
Vehicle_11;8825432;495;10;ed;1.4219999313354492
Vehicle_11;8825432;496;10;ed;1.4219999313354492
Vehicle_11;8825432;497;10;ed;1.4219999313354492
Vehicle_11;8825432;498;10;e;1.4219999313354492
Vehicle_11;8825432;499;10;e;1.440000057220459
Vehicle_11;8825432;500;10;e;1.440000057220459
Vehicle_11;8825432;501;10;e;1.440000057220459
Vehicle_11;8825432;502;10;e;1.440000057220459
Vehicle_11;8825432;503;10;ede;1.440000057220459
Vehicle_11;8825432;504;10;edede;1.7749998569488525
Vehicle_11;8825432;505;10;eded;1.7749998569488525
Vehicle_11;8825432;506;10;ede;1.7749998569488525
Vehicle_11;8825432;507;10;ede;1.7749998569488525
Vehicle_11;8825432;508;10;e;1.7749998569488525
Vehicle_11;8825432;509;10;ed;1.7749998569488525
Vehicle_11;8825432;510;10;ed;1.7749998569488525
Vehicle_11;8825432;511;10;ed;1.7749998569488525
Vehicle_11;8825432;512;10;e;1.7749998569488525
Vehicle_11;8825432;513;10;e;1.5160000324249268
Vehicle_11;8825432;514;10;e;1.5160000324249268
Vehicle_11;8825432;515;10;ede;1.5160000324249268
Vehicle_11;8825432;516;10;ededed;1.5160000324249268
Vehicle_11;8825432;517;10;ededed;1.4030001163482666
Vehicle_11;8825432;518;10;edede;1.4210000038146973
Vehicle_11;8825432;519;10;ede;1.4210000038146973
Vehicle_11;8825432;520;10;ede;1.4210000038146973
Vehicle_11;8825432;521;10;ed;1.4210000038146973
Vehicle_11;8825432;522;10;ed;1.4210000038146973
Vehicle_11;8825432;523;10;ed;1.4210000038146973
Vehicle_11;8825432;524;10;e;1.4210000038146973
Vehicle_11;8825432;525;10;e;1.4789998531341553
Vehicle_11;8825432;526;10;e;1.4789998531341553
Vehicle_11;8825432;527;10;ede;3.00600004196167
Vehicle_11;8825432;528;10;eded;3.00600004196167
Vehicle_11;8825432;529;10;ede;3.00600004196167
Vehicle_11;8825432;530;10;ede;3.00600004196167
Vehicle_11;8825432;531;10;ede;3.00600004196167
Vehicle_11;8825432;532;10;ede;3.00600004196167
Vehicle_11;8825432;533;10;eded;3.00600004196167
Vehicle_11;8825432;534;10;edede;3.00600004196167
Vehicle_11;8825432;535;10;edede;3.00600004196167
Vehicle_11;8825432;536;10;edede;1.439000129699707
Vehicle_11;8825432;537;10;ede;1.439000129699707
Vehicle_11;8825432;538;10;ed;1.439000129699707
Vehicle_11;8825432;539;10;ed;1.439000129699707
Vehicle_11;8825432;540;10;ede;1.439000129699707
Vehicle_11;8825432;541;10;eded;1.439000129699707
Vehicle_11;8825432;542;10;ede;1.439000129699707
Vehicle_11;8825432;543;10;ed;1.439000129699707
Vehicle_11;8825432;544;10;e;1.439000129699707
Vehicle_11;8825432;545;10;e;1.439000129699707
Vehicle_11;8825432;546;10;ede;1.439000129699707
Vehicle_11;8825432;547;10;edede;1.439000129699707
Vehicle_11;8825432;548;10;ededed;1.439000129699707
Vehicle_11;8825432;549;10;edede;1.439000129699707
Vehicle_11;8825432;550;10;edede;1.439000129699707
Vehicle_11;8825432;551;10;edede;1.439000129699707
Vehicle_11;8825432;552;10;ed;1.4160001277923584
Vehicle_11;8825432;553;10;ed;1.4160001277923584
Vehicle_11;8825432;554;10;ed;1.4160001277923584
Vehicle_11;8825432;555;10;ed;1.4160001277923584
Vehicle_11;8825432;556;10;ede;1.4160001277923584
Vehicle_11;8825432;557;10;eded;1.4160001277923584
Vehicle_11;8825432;558;10;eded;1.4159998893737793
Vehicle_11;8825432;559;10;ede;1.4159998893737793
Vehicle_11;8825432;560;10;ede;1.4200000762939453
Vehicle_11;8825432;561;10;ede;1.4200000762939453
Vehicle_11;8825432;562;10;edede;1.4200000762939453
Vehicle_11;8825432;563;10;ededed;1.4200000762939453
Vehicle_11;8825432;564;10;edede;1.4200000762939453
Vehicle_11;8825432;565;10;ed;1.4200000762939453
Vehicle_11;8825432;566;10;ede;1.4200000762939453
Vehicle_11;8825432;567;10;eded;1.4200000762939453
Vehicle_11;8825432;568;10;ede;1.4200000762939453
Vehicle_11;8825432;569;10;ede;1.4179999828338623
Vehicle_11;8825432;570;10;e;1.4769999980926514
Vehicle_11;8825432;571;10;e;1.4769999980926514
Vehicle_11;8825432;572;10;e;1.4769999980926514
Vehicle_11;8825432;573;10;ed;1.4769999980926514
Vehicle_11;8825432;574;10;ed;1.4769999980926514
Vehicle_11;8825432;575;10;ed;1.4769999980926514
Vehicle_11;8825432;576;10;ed;1.4769999980926514
Vehicle_11;8825432;577;10;e;1.4769999980926514
Vehicle_11;8825432;578;10;ed;1.4769999980926514
Vehicle_11;8825432;579;10;ede;1.4170000553131104
Vehicle_11;8825432;580;10;ede;1.4170000553131104
Vehicle_11;8825432;581;10;eded;1.4170000553131104
Vehicle_11;8825432;582;10;ede;1.4170000553131104
Vehicle_11;8825432;583;10;ede;1.4170000553131104
Vehicle_11;8825432;584;10;ed;1.4170000553131104
Vehicle_11;8825432;585;10;ede;1.4149999618530273
Vehicle_11;8825432;586;10;ede;1.4149999618530273
Vehicle_11;8825432;587;10;eded;1.4149999618530273
Vehicle_11;8825432;588;10;ed;1.4149999618530273
Vehicle_11;8825432;589;10;ed;1.4149999618530273
Vehicle_11;8825432;590;10;ede;1.439000129699707
Vehicle_11;8825432;591;10;eded;1.439000129699707
Vehicle_11;8825432;592;10;ed;1.439000129699707
Vehicle_11;8825432;593;10;e;1.439000129699707
Vehicle_11;8825432;594;10;e;1.439000129699707
Vehicle_11;8825432;595;10;e;1.439000129699707
Vehicle_11;8825432;596;10;e;1.439000129699707
Vehicle_11;8825432;597;10;e;1.439000129699707
Vehicle_11;8825432;598;10;e;1.439000129699707
Vehicle_11;8825432;599;10;e;1.437999963760376
Vehicle_11;8825432;600;10;e;1.437999963760376
Vehicle_11;8825432;601;10;ede;1.437999963760376
Vehicle_11;8825432;602;10;e;1.437999963760376
Vehicle_11;8825432;603;10;e;1.438999891281128
Vehicle_11;8825432;604;10;e;1.438999891281128
Vehicle_11;8825432;605;10;e;1.438999891281128
Vehicle_11;8825432;606;10;e;1.438999891281128
Vehicle_11;8825432;607;10;e;1.438999891281128
Vehicle_11;8825432;608;10;e;1.438999891281128
Vehicle_11;8825432;609;10;e;1.438999891281128
Vehicle_11;8825432;610;10;e;1.438999891281128
Vehicle_11;8825432;611;10;e;1.438999891281128
Vehicle_11;8825432;612;10;e;1.437999963760376
Vehicle_11;8825432;613;10;ed;1.437999963760376
Vehicle_11;8825432;614;10;ed;1.437999963760376
Vehicle_11;8825432;615;10;ed;1.437999963760376
Vehicle_11;8825432;616;10;e;1.437999963760376
Vehicle_11;8825432;617;10;e;1.4170000553131104
Vehicle_11;8825432;618;10;e;1.4170000553131104
Vehicle_11;8825432;619;10;ed;1.4170000553131104
Vehicle_11;8825432;620;10;ed;1.4170000553131104
Vehicle_11;8825432;621;10;ed;1.4169998168945312
Vehicle_11;8825432;622;10;e;1.4169998168945312
Vehicle_11;8825432;623;10;e;1.4169998168945312
Vehicle_11;8825432;624;10;e;1.4170000553131104
Vehicle_11;8825432;625;10;ed;1.4170000553131104
Vehicle_11;8825432;626;10;ede;1.4170000553131104
Vehicle_11;8825432;627;10;ede;1.44100022315979
Vehicle_11;8825432;628;10;ed;1.44100022315979
Vehicle_11;8825432;629;10;ed;1.44100022315979
Vehicle_11;8825432;630;10;e;1.44100022315979
Vehicle_11;8825432;631;10;e;1.44100022315979
Vehicle_11;8825432;632;10;e;1.44100022315979
Vehicle_11;8825432;633;10;ed;1.44100022315979
Vehicle_11;8825432;634;10;ed;1.44100022315979
Vehicle_11;8825432;635;10;ed;1.44100022315979
Vehicle_11;8825432;636;10;e;1.440999984741211
Vehicle_11;8825432;637;10;e;1.440999984741211
Vehicle_11;8825432;638;10;ed;1.440999984741211
Vehicle_11;8825432;639;10;ed;1.440999984741211
Vehicle_11;8825432;640;10;ed;1.440999984741211
Vehicle_11;8825432;641;10;e;1.440999984741211
Vehicle_11;8825432;642;10;ed;1.440999984741211
Vehicle_11;8825432;643;10;ede;1.440999984741211
Vehicle_11;8825432;644;10;ede;1.440999984741211
Vehicle_11;8825432;645;10;eded;1.442000150680542
Vehicle_11;8825432;646;10;ede;1.442000150680542
Vehicle_11;8825432;647;10;ede;1.442000150680542
Vehicle_11;8825432;648;10;eded;1.442000150680542
Vehicle_11;8825432;649;10;eded;1.442000150680542
Vehicle_11;8825432;650;10;ede;1.442000150680542
Vehicle_11;8825432;651;10;ed;1.442000150680542
Vehicle_11;8825432;652;10;e;1.442000150680542
Vehicle_11;8825432;653;10;ed;1.442000150680542
Vehicle_11;8825432;654;10;ed;1.4169998168945312
Vehicle_11;8825432;655;10;ede;1.4169998168945312
Vehicle_11;8825432;656;10;ede;2.821000099182129
Vehicle_11;8825432;657;10;ed;2.821000099182129
Vehicle_11;8825432;658;10;ed;2.821000099182129
Vehicle_11;8825432;659;10;ed;2.821000099182129
Vehicle_11;8825432;660;10;ed;2.821000099182129
Vehicle_11;8825432;661;10;e;2.821000099182129
Vehicle_11;8825432;662;10;ed;2.821000099182129
Vehicle_11;8825432;663;10;ede;2.821000099182129
Vehicle_11;8825432;664;10;ede;2.821000099182129
Vehicle_11;8825432;665;10;e;1.440000057220459
Vehicle_11;8825432;666;10;e;1.440000057220459
Vehicle_11;8825432;667;10;e;1.440000057220459
Vehicle_11;8825432;668;10;e;1.440000057220459
Vehicle_11;8825432;669;10;e;1.440000057220459
Vehicle_11;8825432;670;10;e;1.440000057220459
Vehicle_11;8825432;671;10;e;1.440000057220459
Vehicle_11;8825432;672;10;e;1.440000057220459
Vehicle_11;8825432;673;10;e;1.4560000896453857
Vehicle_11;8825432;674;10;e;1.4560000896453857
Vehicle_11;8825432;675;10;e;1.4560000896453857
Vehicle_11;8825432;676;10;e;1.4560000896453857
Vehicle_11;8825432;677;10;e;1.4560000896453857
Vehicle_11;8825432;678;10;e;1.4560000896453857
Vehicle_11;8825432;679;10;e;1.4560000896453857
Vehicle_11;8825432;680;10;e;1.4560000896453857
Vehicle_11;8825432;681;10;e;1.4560000896453857
Vehicle_11;8825432;682;10;ed;1.4399998188018799
Vehicle_11;8825432;683;10;ed;1.4399998188018799
Vehicle_11;8825432;684;10;e;1.4399998188018799
Vehicle_11;8825432;685;10;e;1.4399998188018799
Vehicle_11;8825432;686;10;e;1.4399998188018799
Vehicle_11;8825432;687;10;e;1.4399998188018799
Vehicle_11;8825432;688;10;e;1.4399998188018799
Vehicle_11;8825432;689;10;e;1.4399998188018799
Vehicle_11;8825432;690;10;e;1.438999891281128
Vehicle_11;8825432;691;10;ede;1.440999984741211
Vehicle_11;8825432;692;10;ede;1.440999984741211
Vehicle_11;8825432;693;10;ede8;1.440999984741211
Vehicle_11;8825432;694;10;e;1.440999984741211
Vehicle_11;8825432;695;10;e8;1.440999984741211
Vehicle_11;8825432;696;10;b2;25.223999977111816
Vehicle_11;8825432;697;10;b2;25.223999977111816
Vehicle_11;8825432;698;10;b2;25.223999977111816
Vehicle_11;8825432;699;10;b212;25.223999977111816
Vehicle_11;8825432;700;10;b2121;25.223999977111816
Vehicle_11;8825432;701;10;eded;25.223999977111816
Vehicle_11;8825432;702;10;edede;25.223999977111816
Vehicle_11;8825432;703;10;ededed;25.223999977111816
Vehicle_11;8825432;704;10;ededede;25.223999977111816
Vehicle_11;8825432;705;10;eded;1.439000129699707
Vehicle_11;8825432;706;10;ede;1.439000129699707
Vehicle_11;8825432;707;10;e;1.439000129699707
Vehicle_11;8825432;708;10;e;1.439000129699707
Vehicle_11;8825432;709;10;e;1.438999891281128
Vehicle_11;8825432;710;10;e;1.438999891281128
Vehicle_11;8825432;711;10;e;1.438999891281128
Vehicle_11;8825432;712;10;e;1.438999891281128
Vehicle_11;8825432;713;10;e;1.438999891281128
Vehicle_11;8825432;714;10;e;1.438999891281128
Vehicle_11;8825432;715;10;e;1.438999891281128
Vehicle_11;8825432;716;10;e;1.438999891281128
Vehicle_11;8825432;717;10;e;1.0410001277923584
Vehicle_11;8825432;718;10;e;1.5370001792907715
Vehicle_11;8825432;719;10;e;1.5370001792907715
Vehicle_11;8825432;720;10;e;1.5370001792907715
Vehicle_11;8825432;721;10;e;1.5370001792907715
Vehicle_11;8825432;722;10;e;1.5370001792907715
Vehicle_11;8825432;723;10;e;1.5370001792907715
Vehicle_11;8825432;724;10;eded;1.5370001792907715
Vehicle_11;8825432;725;10;eded;1.5370001792907715
Vehicle_11;8825432;726;10;ed;1.5370001792907715
Vehicle_11;8825432;727;10;ed;1.4170000553131104
Vehicle_11;8825432;728;10;e;1.4170000553131104
Vehicle_11;8825432;729;10;ed;1.4170000553131104
Vehicle_11;8825432;730;10;ed;2.2990000247955322
Vehicle_11;8825432;731;10;ed;2.2990000247955322
Vehicle_11;8825432;732;10;ede;2.2990000247955322
Vehicle_11;8825432;733;10;ede;2.2990000247955322
Vehicle_11;8825432;734;10;ede;2.2990000247955322
Vehicle_11;8825432;735;10;edede;2.2990000247955322
Vehicle_11;8825432;736;10;eded;2.2990000247955322
Vehicle_11;8825432;737;10;ede;2.2990000247955322
Vehicle_11;8825432;738;10;ededed;2.2990000247955322
Vehicle_11;8825432;739;10;ededed;1.4219999313354492
Vehicle_11;8825432;740;10;ede;1.4219999313354492
Vehicle_11;8825432;741;10;eded;1.4219999313354492
Vehicle_11;8825432;742;10;eded;1.4219999313354492
Vehicle_11;8825432;743;10;eded;1.4219999313354492
Vehicle_11;8825432;744;10;eded;1.4219999313354492
Vehicle_11;8825432;745;10;eded;1.4219999313354492
Vehicle_11;8825432;746;10;eded;1.4219999313354492
Vehicle_11;8825432;747;10;ede;1.5350000858306885
Vehicle_11;8825432;748;10;ede;1.5350000858306885
Vehicle_11;8825432;749;10;ede;1.5350000858306885
Vehicle_11;8825432;750;10;ede;1.5350000858306885
Vehicle_11;8825432;751;10;edede;1.5350000858306885
Vehicle_11;8825432;752;10;eded;1.5350000858306885
Vehicle_11;8825432;753;10;eded;1.5350000858306885
Vehicle_11;8825432;754;10;ede;1.5350000858306885
Vehicle_11;8825432;755;10;ede;1.5350000858306885
Vehicle_11;8825432;756;10;e;1.4279999732971191
Vehicle_11;8825432;757;10;ed;1.4279999732971191
Vehicle_11;8825432;758;10;ed;1.4279999732971191
Vehicle_11;8825432;759;10;ed;1.4279999732971191
Vehicle_11;8825432;760;10;ed;1.4279999732971191
Vehicle_11;8825432;761;10;e;1.4279999732971191
Vehicle_11;8825432;762;10;ed;1.440000057220459
Vehicle_11;8825432;763;10;ed;1.440000057220459
Vehicle_11;8825432;764;10;edede;1.440000057220459
Vehicle_11;8825432;765;10;ede;1.440000057220459
Vehicle_11;8825432;766;10;ed;1.440000057220459
Vehicle_11;8825432;767;10;ed;1.440000057220459
Vehicle_11;8825432;768;10;e;1.440000057220459
Vehicle_11;8825432;769;10;ed;1.440000057220459
Vehicle_11;8825432;770;10;ede;1.440000057220459
Vehicle_11;8825432;771;10;ede;1.3980000019073486
Vehicle_11;8825432;772;10;ede;1.3980000019073486
Vehicle_11;8825432;773;10;ed;1.3980000019073486
Vehicle_11;8825432;774;10;ed;1.3980000019073486
Vehicle_11;8825432;775;10;ed;1.3980000019073486
Vehicle_11;8825432;776;10;ede;1.5279998779296875
Vehicle_11;8825432;777;10;ed;1.5279998779296875
Vehicle_11;8825432;778;10;eded;1.5279998779296875
Vehicle_11;8825432;779;10;ede;1.5279998779296875
Vehicle_11;8825432;780;10;e;1.5279998779296875
Vehicle_11;8825432;781;10;e;1.5279998779296875
Vehicle_11;8825432;782;10;ed;1.5279998779296875
Vehicle_11;8825432;783;10;ed;1.5279998779296875
Vehicle_11;8825432;784;10;ed;1.5279998779296875
Vehicle_11;8825432;785;10;e;1.4579999446868896
Vehicle_11;8825432;786;10;ed;1.4579999446868896
Vehicle_11;8825432;787;10;ed;1.4579999446868896
Vehicle_11;8825432;788;10;e;1.4579999446868896
Vehicle_11;8825432;789;10;ed;1.4629998207092285
Vehicle_11;8825432;790;10;ed;1.4629998207092285
Vehicle_11;8825432;791;10;ed;1.4629998207092285
Vehicle_11;8825432;792;10;ed;1.4629998207092285
Vehicle_11;8825432;793;10;ed;1.4629998207092285
Vehicle_11;8825432;794;10;e;1.4629998207092285
Vehicle_11;8825432;795;10;e;1.4629998207092285
Vehicle_11;8825432;796;10;ed;1.4629998207092285
Vehicle_11;8825432;797;10;ed;1.4629998207092285
Vehicle_11;8825432;798;10;ed;1.4399998188018799
Vehicle_11;8825432;799;10;e;1.4399998188018799
Vehicle_11;8825432;800;10;ed;1.4399998188018799
Vehicle_11;8825432;801;10;ed;1.4399998188018799
Vehicle_11;8825432;802;10;ed;1.4399998188018799
Vehicle_11;8825432;803;10;e;1.0910000801086426
Vehicle_11;8825432;804;10;e;1.7980000972747803
Vehicle_11;8825432;805;10;e8;1.7980000972747803
Vehicle_11;8825432;806;10;e8;1.7980000972747803
Vehicle_11;8825432;807;10;e8;1.7980000972747803
Vehicle_11;8825432;808;10;e;1.7980000972747803
Vehicle_11;8825432;809;10;b2;1.7980000972747803
Vehicle_11;8825432;810;10;b212;1.7980000972747803
Vehicle_11;8825432;811;10;e;1.7980000972747803
Vehicle_11;8825432;812;10;e;1.7980000972747803
Vehicle_11;8825432;813;10;e;1.4170000553131104
Vehicle_11;8825432;814;10;e;1.4170000553131104
Vehicle_11;8825432;815;10;ede;1.4170000553131104
Vehicle_11;8825432;816;10;e;1.4170000553131104
Vehicle_11;8825432;817;10;e;1.4170000553131104
Vehicle_11;8825432;818;10;e;1.4170000553131104
Vehicle_11;8825432;819;10;ede;1.4170000553131104
Vehicle_11;8825432;820;10;e;1.4170000553131104
Vehicle_11;8825432;821;10;e;1.4179999828338623
Vehicle_11;8825432;822;10;ed;1.4179999828338623
Vehicle_11;8825432;823;10;ed;1.4179999828338623
Vehicle_11;8825432;824;10;ed;1.4179999828338623
Vehicle_11;8825432;825;10;ed;1.4179999828338623
Vehicle_11;8825432;826;10;e;1.4179999828338623
Vehicle_11;8825432;827;10;e;1.4179999828338623
Vehicle_11;8825432;828;10;ede;1.4179999828338623
Vehicle_11;8825432;829;10;ed;1.4179999828338623
Vehicle_11;8825432;830;10;ed;1.440999984741211
Vehicle_11;8825432;831;10;e;1.440999984741211
Vehicle_11;8825432;832;10;e;1.440999984741211
Vehicle_11;8825432;833;10;e;1.440999984741211
Vehicle_11;8825432;834;10;e;1.440999984741211
Vehicle_11;8825432;835;10;ed;1.440999984741211
Vehicle_11;8825432;836;10;ed;1.440999984741211
Vehicle_11;8825432;837;10;ed;1.440999984741211
Vehicle_11;8825432;838;10;ed;1.440999984741211
Vehicle_11;8825432;839;10;e;1.4210000038146973
Vehicle_11;8825432;840;10;e;1.4210000038146973
Vehicle_11;8825432;841;10;e;1.4210000038146973
Vehicle_11;8825432;842;10;ed;1.4210000038146973
Vehicle_11;8825432;843;10;ede;1.4210000038146973
Vehicle_11;8825432;844;10;ede;1.3980000019073486
Vehicle_11;8825432;845;10;ed;1.440000057220459
Vehicle_11;8825432;846;10;ede;1.440000057220459
Vehicle_11;8825432;847;10;ede;1.440000057220459
Vehicle_11;8825432;848;10;eded;1.440000057220459
Vehicle_11;8825432;849;10;eded;1.440000057220459
Vehicle_11;8825432;850;10;edede;1.440000057220459
Vehicle_11;8825432;851;10;eded;1.440000057220459
Vehicle_11;8825432;852;10;edede;1.440000057220459
Vehicle_11;8825432;853;10;edede;1.440000057220459
Vehicle_11;8825432;854;10;ede;1.440000057220459
Vehicle_11;8825432;855;10;ede;1.440000057220459
Vehicle_11;8825432;856;10;ede;1.440000057220459
Vehicle_11;8825432;857;10;ed;1.439000129699707
Vehicle_11;8825432;858;10;e;1.439000129699707
Vehicle_11;8825432;859;10;ede;1.439000129699707
Vehicle_11;8825432;860;10;edede;1.439000129699707
Vehicle_11;8825432;861;10;ede;1.439000129699707
Vehicle_11;8825432;862;10;ede;1.439000129699707
Vehicle_11;8825432;863;10;eded;1.4159998893737793
Vehicle_11;8825432;864;10;ede;1.4159998893737793
Vehicle_11;8825432;865;10;e;1.4159998893737793
Vehicle_11;8825432;866;10;e;1.4159998893737793
Vehicle_11;8825432;867;10;e;1.4159998893737793
Vehicle_11;8825432;868;10;e;1.4159998893737793
Vehicle_11;8825432;869;10;e;1.438999891281128
Vehicle_11;8825432;870;10;e;1.438999891281128
Vehicle_11;8825432;871;10;e;1.438999891281128
Vehicle_11;8825432;872;10;ede;1.439000129699707
Vehicle_11;8825432;873;10;e;1.439000129699707
Vehicle_11;8825432;874;10;e;1.439000129699707
Vehicle_11;8825432;875;10;e;1.439000129699707
Vehicle_11;8825432;876;10;e;1.439000129699707
Vehicle_11;8825432;877;10;e;1.439000129699707
Vehicle_11;8825432;878;10;ede;1.439000129699707
Vehicle_11;8825432;879;10;eded;1.439000129699707
Vehicle_11;8825432;880;10;eded;1.439000129699707
Vehicle_11;8825432;881;10;eded;1.439000129699707
Vehicle_11;8825432;882;10;e;1.439000129699707
Vehicle_11;8825432;883;10;e;1.439000129699707
Vehicle_11;8825432;884;10;e;1.4230000972747803
Vehicle_11;8825432;885;10;e;1.4230000972747803
Vehicle_11;8825432;886;10;ed;1.4230000972747803
Vehicle_11;8825432;887;10;ed;1.4230000972747803
Vehicle_11;8825432;888;10;ede;1.4230000972747803
Vehicle_11;8825432;889;10;eded;1.4109997749328613
Vehicle_11;8825432;890;10;eded;1.439000129699707
Vehicle_11;8825432;891;10;edede;1.439000129699707
Vehicle_11;8825432;892;10;edede;1.439000129699707
Vehicle_11;8825432;893;10;edede;1.439000129699707
Vehicle_11;8825432;894;10;edede;1.439000129699707
Vehicle_11;8825432;895;10;edede;1.439000129699707
Vehicle_11;8825432;896;10;eded;1.439000129699707
Vehicle_11;8825432;897;10;ede;1.439000129699707
Vehicle_11;8825432;898;10;e;1.439000129699707
Vehicle_11;8825432;899;10;ed;1.440000057220459
Vehicle_11;8825432;900;10;ed;1.440000057220459
Vehicle_11;8825432;901;10;ed;1.440000057220459
Vehicle_11;8825432;902;10;e;1.440000057220459
Vehicle_11;8825432;903;10;e;1.440000057220459
Vehicle_11;8825432;904;10;e;1.440000057220459
Vehicle_11;8825432;905;10;ed;1.440999984741211
Vehicle_11;8825432;906;10;ed;1.440999984741211
Vehicle_11;8825432;907;10;ed;1.440999984741211
Vehicle_11;8825432;908;10;ed;1.442000150680542
Vehicle_11;8825432;909;10;e;1.442000150680542
Vehicle_11;8825432;910;10;e;1.442000150680542
Vehicle_11;8825432;911;10;e;1.442000150680542
Vehicle_11;8825432;912;10;e;1.442000150680542
Vehicle_11;8825432;913;10;ed;1.442000150680542
Vehicle_11;8825432;914;10;ed;1.442000150680542
Vehicle_11;8825432;915;10;e;1.442000150680542
Vehicle_11;8825432;916;10;e;1.442000150680542
Vehicle_11;8825432;917;10;e;1.4290001392364502
Vehicle_11;8825432;918;10;e;1.4290001392364502
Vehicle_11;8825432;919;10;e;1.4290001392364502
Vehicle_11;8825432;920;10;e;1.4290001392364502
Vehicle_11;8825432;921;10;e;1.4290001392364502
Vehicle_11;8825432;922;10;e;1.439000129699707
Vehicle_11;8825432;923;10;e;1.439000129699707
Vehicle_11;8825432;924;10;e;1.439000129699707
Vehicle_11;8825432;925;10;e;1.439000129699707
Vehicle_11;8825432;926;10;ed;16.19700002670288
Vehicle_11;8825432;927;10;e8;16.19700002670288
Vehicle_11;8825432;928;10;e8;16.19700002670288
Vehicle_11;8825432;929;10;e848;16.19700002670288
Vehicle_11;8825432;930;10;a1;16.19700002670288
Vehicle_11;8825432;931;10;a1;16.19700002670288
Vehicle_11;8825432;932;10;e8481;16.19700002670288
Vehicle_11;8825432;933;10;e8481;16.19700002670288
Vehicle_11;8825432;934;10;b7b2;16.19700002670288
Vehicle_11;8825432;935;10;b7ed;1.7190001010894775
Vehicle_11;8825432;936;10;b21;1.7190001010894775
Vehicle_11;8825432;937;10;ed;1.7190001010894775
Vehicle_11;8825432;938;10;ede;1.7190001010894775
Vehicle_11;8825432;939;10;ede;1.440999984741211
Vehicle_11;8825432;940;10;ed;1.440999984741211
Vehicle_11;8825432;941;10;ed;1.440999984741211
Vehicle_11;8825432;942;10;ed;1.440999984741211
Vehicle_11;8825432;943;10;e;1.440999984741211
Vehicle_11;8825432;944;10;ed;1.437000036239624
Vehicle_11;8825432;945;10;ed;1.437000036239624
Vehicle_11;8825432;946;10;ed;1.437000036239624
Vehicle_11;8825432;947;10;e;1.440000057220459
Vehicle_11;8825432;948;10;ed;1.440000057220459
Vehicle_11;8825432;949;10;ed;1.440000057220459
Vehicle_11;8825432;950;10;ed;1.440000057220459
Vehicle_11;8825432;951;10;e;1.440000057220459
Vehicle_11;8825432;952;10;e;1.440000057220459
Vehicle_11;8825432;953;10;e;1.440000057220459
Vehicle_11;8825432;954;10;b2;1.440000057220459
Vehicle_11;8825432;955;10;b2;1.440000057220459
Vehicle_11;8825432;956;10;b2;1.437999963760376
Vehicle_11;8825432;957;10;e;1.437999963760376
Vehicle_11;8825432;958;10;e;1.437999963760376
Vehicle_11;8825432;959;10;e;1.438999891281128
Vehicle_11;8825432;960;10;e;1.438999891281128
Vehicle_11;8825432;961;10;e;1.438999891281128
Vehicle_11;8825432;962;10;e;1.438999891281128
Vehicle_11;8825432;963;10;ededed;1.438999891281128
Vehicle_11;8825432;964;10;e;1.438999891281128
Vehicle_11;8825432;965;10;e;1.438999891281128
Vehicle_11;8825432;966;10;e;1.438999891281128
Vehicle_11;8825432;967;10;e;1.438999891281128
Vehicle_11;8825432;968;10;e;1.4179999828338623
Vehicle_11;8825432;969;10;e;1.4179999828338623
Vehicle_11;8825432;970;10;ede;1.4179999828338623
Vehicle_11;8825432;971;10;e;1.4179999828338623
Vehicle_11;8825432;972;10;e;1.4159998893737793
Vehicle_11;8825432;973;10;e;1.4159998893737793
Vehicle_11;8825432;974;10;e;1.4159998893737793
Vehicle_11;8825432;975;10;e;1.4159998893737793
Vehicle_11;8825432;976;10;e;1.4159998893737793
Vehicle_11;8825432;977;10;e;1.4159998893737793
Vehicle_11;8825432;978;10;e;1.439000129699707
Vehicle_11;8825432;979;10;e;1.439000129699707
Vehicle_11;8825432;980;10;e;1.439000129699707
Vehicle_11;8825432;981;10;ed;1.440000057220459
Vehicle_11;8825432;982;10;ede;1.440000057220459
Vehicle_11;8825432;983;10;ede;1.440000057220459
Vehicle_11;8825432;984;10;ede;1.440000057220459
Vehicle_11;8825432;985;10;eded;1.440000057220459
Vehicle_11;8825432;986;10;ede;1.440000057220459
Vehicle_11;8825432;987;10;ede;1.440000057220459
Vehicle_11;8825432;988;10;ede;1.440000057220459
Vehicle_11;8825432;989;10;ed;1.440000057220459
Vehicle_11;8825432;990;10;e;1.437999963760376
Vehicle_11;8825432;991;10;e;1.437999963760376
Vehicle_11;8825432;992;10;eded;1.437999963760376
Vehicle_11;8825432;993;10;eded;1.437999963760376
Vehicle_11;8825432;994;10;ede;1.437999963760376
Vehicle_11;8825432;995;10;ede;1.438999891281128
Vehicle_11;8825432;996;10;e;1.438999891281128
Vehicle_11;8825432;997;10;e;1.438999891281128
Vehicle_11;8825432;998;10;ede;1.438999891281128
Vehicle_11;8825432;999;10;ede;1.5360000133514404
Vehicle_11;8825432;1000;10;e;1.5360000133514404
Vehicle_11;8825432;1001;10;e;1.5360000133514404
Vehicle_11;8825432;1002;10;e;1.5360000133514404
Vehicle_11;8825432;1003;10;ed;1.5360000133514404
Vehicle_11;8825432;1004;10;ed;1.5360000133514404
Vehicle_11;8825432;1005;10;ed;1.5360000133514404
Vehicle_11;8825432;1006;10;ed;1.5360000133514404
Vehicle_11;8825432;1007;10;e;1.5360000133514404
Vehicle_11;8825432;1008;10;e;1.437000036239624
Vehicle_11;8825432;1009;10;eded;1.437000036239624
Vehicle_11;8825432;1010;10;eded;1.437000036239624
Vehicle_11;8825432;1011;10;e;1.437000036239624
Vehicle_11;8825432;1012;10;e;1.437000036239624
Vehicle_11;8825432;1013;10;e;1.437000036239624
Vehicle_11;8825432;1014;10;e;1.437000036239624
Vehicle_11;8825432;1015;10;e;1.437000036239624
Vehicle_11;8825432;1016;10;e;1.437000036239624
Vehicle_11;8825432;1017;10;ed;1.4040000438690186
Vehicle_11;8825432;1018;10;ede;1.4040000438690186
Vehicle_11;8825432;1019;10;edede;1.4040000438690186
Vehicle_11;8825432;1020;10;ede;1.4040000438690186
Vehicle_11;8825432;1021;10;eded;1.439000129699707
Vehicle_11;8825432;1022;10;ede;1.439000129699707
Vehicle_11;8825432;1023;10;ede;1.439000129699707
Vehicle_11;8825432;1024;10;ede;1.440000057220459
Vehicle_11;8825432;1025;10;ede;1.440000057220459
Vehicle_11;8825432;1026;10;ed;1.4809999465942383
Vehicle_11;8825432;1027;10;ed;1.4809999465942383
Vehicle_11;8825432;1028;10;ed;1.4809999465942383
Vehicle_11;8825432;1029;10;e;1.4809999465942383
Vehicle_11;8825432;1030;10;e;1.4809999465942383
Vehicle_11;8825432;1031;10;e;1.4809999465942383
Vehicle_11;8825432;1032;10;e;1.4809999465942383
Vehicle_11;8825432;1033;10;e8;1.4809999465942383
Vehicle_11;8825432;1034;10;e;1.4809999465942383
Vehicle_11;8825432;1035;10;e;1.4010000228881836
Vehicle_11;8825432;1036;10;b2;1.4010000228881836
Vehicle_11;8825432;1037;10;b2;1.4010000228881836
Vehicle_11;8825432;1038;10;b212;1.4010000228881836
Vehicle_11;8825432;1039;10;ed;1.3999998569488525
Vehicle_11;8825432;1040;10;ed;1.3999998569488525
Vehicle_11;8825432;1041;10;ed;1.3999998569488525
Vehicle_11;8825432;1042;10;ed;1.3999998569488525
Vehicle_11;8825432;1043;10;ed;1.3990001678466797
Vehicle_11;8825432;1044;10;e;1.3990001678466797
Vehicle_11;8825432;1045;10;e;1.3990001678466797
Vehicle_11;8825432;1046;10;eded;1.3990001678466797
Vehicle_11;8825432;1047;10;eded;1.3990001678466797
Vehicle_11;8825432;1048;10;e;1.3980000019073486
Vehicle_11;8825432;1049;10;e;1.3999998569488525
Vehicle_11;8825432;1050;10;ed;1.3999998569488525
Vehicle_11;8825432;1051;10;ed;1.3999998569488525
Vehicle_11;8825432;1052;10;ed;1.440999984741211
Vehicle_11;8825432;1053;10;ed;1.440999984741211
Vehicle_11;8825432;1054;10;ed;1.440999984741211
Vehicle_11;8825432;1055;10;e;1.4589998722076416
Vehicle_11;8825432;1056;10;e;1.4589998722076416
Vehicle_11;8825432;1057;10;ed;1.4589998722076416
Vehicle_11;8825432;1058;10;e;1.4589998722076416
Vehicle_11;8825432;1059;10;e;1.4589998722076416
Vehicle_11;8825432;1060;10;e;1.4589998722076416
Vehicle_11;8825432;1061;10;ed;1.4589998722076416
Vehicle_11;8825432;1062;10;ed;1.4589998722076416
Vehicle_11;8825432;1063;10;ed;1.4589998722076416
Vehicle_11;8825432;1064;10;ed;1.4149999618530273
Vehicle_11;8825432;1065;10;ed;1.4149999618530273
Vehicle_11;8825432;1066;10;eded;1.4149999618530273
Vehicle_11;8825432;1067;10;ede;1.4149999618530273
Vehicle_11;8825432;1068;10;ede;1.4149999618530273
Vehicle_11;8825432;1069;10;ed;1.440000057220459
Vehicle_11;8825432;1070;10;ed;1.440000057220459
Vehicle_11;8825432;1071;10;ed;1.440000057220459
Vehicle_11;8825432;1072;10;ed;1.440000057220459
Vehicle_11;8825432;1073;10;e;1.440000057220459
Vehicle_11;8825432;1074;10;ed;1.440000057220459
Vehicle_11;8825432;1075;10;ed;1.440000057220459
Vehicle_11;8825432;1076;10;e;1.440000057220459
Vehicle_11;8825432;1077;10;e;1.440000057220459
Vehicle_11;8825432;1078;10;ede;1.5179998874664307
Vehicle_11;8825432;1079;10;ede;1.5179998874664307
Vehicle_11;8825432;1080;10;eded;1.5179998874664307
Vehicle_11;8825432;1081;10;eded;1.5179998874664307
Vehicle_11;8825432;1082;10;ede;1.5179998874664307
Vehicle_11;8825432;1083;10;ede;1.5179998874664307
Vehicle_11;8825432;1084;10;ed;1.5179998874664307
Vehicle_11;8825432;1085;10;e;1.5179998874664307
Vehicle_11;8825432;1086;10;e;1.5179998874664307
Vehicle_11;8825432;1087;10;ed;1.4170000553131104
Vehicle_11;8825432;1088;10;ed;1.439000129699707
Vehicle_11;8825432;1089;10;e;1.439000129699707
Vehicle_11;8825432;1090;10;e;1.439000129699707
Vehicle_11;8825432;1091;10;e;1.439000129699707
Vehicle_11;8825432;1092;10;ede;1.439000129699707
Vehicle_11;8825432;1093;10;e;1.439000129699707
Vehicle_11;8825432;1094;10;e;1.439000129699707
Vehicle_11;8825432;1095;10;e8;1.439000129699707
Vehicle_11;8825432;1096;10;e8;1.439000129699707
Vehicle_11;8825432;1097;10;e;1.439000129699707
Vehicle_11;8825432;1098;10;e;1.439000129699707
Vehicle_11;8825432;1099;10;e;1.439000129699707
Vehicle_11;8825432;1100;10;e;1.439000129699707
Vehicle_11;8825432;1101;10;ede;1.439000129699707
Vehicle_11;8825432;1102;10;ede;1.439000129699707
Vehicle_11;8825432;1103;10;ed;1.439000129699707
Vehicle_11;8825432;1104;10;ed;1.439000129699707
Vehicle_11;8825432;1105;10;ed;1.439000129699707
Vehicle_11;8825432;1106;10;ed;1.4249999523162842
Vehicle_11;8825432;1107;10;ede;1.4249999523162842
Vehicle_11;8825432;1108;10;eded;1.4249999523162842
Vehicle_11;8825432;1109;10;ede;1.4210000038146973
Vehicle_11;8825432;1110;10;ede;1.4210000038146973
Vehicle_11;8825432;1111;10;ede;1.4210000038146973
Vehicle_11;8825432;1112;10;edede;1.4210000038146973
Vehicle_11;8825432;1113;10;ede;1.4210000038146973
Vehicle_11;8825432;1114;10;edede;1.4170000553131104
Vehicle_11;8825432;1115;10;ed;1.440000057220459
Vehicle_11;8825432;1116;10;e;1.440000057220459
Vehicle_11;8825432;1117;10;ede;1.440000057220459
Vehicle_11;8825432;1118;10;eded;1.440000057220459
Vehicle_11;8825432;1119;10;eded;1.440000057220459
Vehicle_11;8825432;1120;10;ed;1.440000057220459
Vehicle_11;8825432;1121;10;e;1.440000057220459
Vehicle_11;8825432;1122;10;ed;1.440000057220459
Vehicle_11;8825432;1123;10;ede;1.440000057220459
Vehicle_11;8825432;1124;10;ede;1.4220001697540283
Vehicle_11;8825432;1125;10;ed;1.4220001697540283
Vehicle_11;8825432;1126;10;e;1.4220001697540283
Vehicle_11;8825432;1127;10;e;1.4220001697540283
Vehicle_11;8825432;1128;10;ede;1.4220001697540283
Vehicle_11;8825432;1129;10;e;1.4220001697540283
Vehicle_11;8825432;1130;10;e;1.4210000038146973
Vehicle_11;8825432;1131;10;e;1.4210000038146973
Vehicle_11;8825432;1132;10;e;1.4210000038146973
Vehicle_11;8825432;1133;10;e;1.4630000591278076
Vehicle_11;8825432;1134;10;e;1.4630000591278076
Vehicle_11;8825432;1135;10;e;1.4630000591278076
Vehicle_11;8825432;1136;10;ede;1.4630000591278076
Vehicle_11;8825432;1137;10;eded;1.4630000591278076
Vehicle_11;8825432;1138;10;eded;1.4630000591278076
Vehicle_11;8825432;1139;10;ede;1.4630000591278076
Vehicle_11;8825432;1140;10;ede;1.4630000591278076
Vehicle_11;8825432;1141;10;edede;1.4630000591278076
Vehicle_11;8825432;1142;10;edede;1.4210000038146973
Vehicle_11;8825432;1143;10;ed;1.438999891281128
Vehicle_11;8825432;1144;10;ed;1.438999891281128
Vehicle_11;8825432;1145;10;ede;1.438999891281128
Vehicle_11;8825432;1146;10;ede;1.4530000686645508
Vehicle_11;8825432;1147;10;ede;1.4530000686645508
Vehicle_11;8825432;1148;10;eded;1.4530000686645508
Vehicle_11;8825432;1149;10;eded;1.4530000686645508
Vehicle_11;8825432;1150;10;eded;1.4530000686645508
Vehicle_11;8825432;1151;10;ede;1.4530000686645508
Vehicle_11;8825432;1152;10;ede;1.4530000686645508
Vehicle_11;8825432;1153;10;ede;1.4530000686645508
Vehicle_11;8825432;1154;10;ed;1.4809999465942383
Vehicle_11;8825432;1155;10;ed;1.4809999465942383
Vehicle_11;8825432;1156;10;ed;1.4809999465942383
Vehicle_11;8825432;1157;10;e;1.4809999465942383
Vehicle_11;8825432;1158;10;e;1.4809999465942383
Vehicle_11;8825432;1159;10;e;1.4809999465942383
Vehicle_11;8825432;1160;10;e;1.4809999465942383
Vehicle_11;8825432;1161;10;ede;1.4809999465942383
Vehicle_11;8825432;1162;10;ed;1.4809999465942383
Vehicle_11;8825432;1163;10;e;1.438999891281128
Vehicle_11;8825432;1164;10;eded;1.438999891281128
Vehicle_11;8825432;1165;10;ed;1.438999891281128
Vehicle_11;8825432;1166;10;e;1.439000129699707
Vehicle_11;8825432;1167;10;ed;1.439000129699707
Vehicle_11;8825432;1168;10;eded;1.439000129699707
Vehicle_11;8825432;1169;10;ede;1.4399998188018799
Vehicle_11;8825432;1170;10;ede;1.4399998188018799
Vehicle_11;8825432;1171;10;ede;1.4399998188018799
Vehicle_11;8825432;1172;10;ede;1.4399998188018799
Vehicle_11;8825432;1173;10;ede;1.4399998188018799
Vehicle_11;8825432;1174;10;ede;1.4399998188018799
Vehicle_11;8825432;1175;10;ede;1.4399998188018799
Vehicle_11;8825432;1176;10;ed;1.4399998188018799
Vehicle_11;8825432;1177;10;e;1.4399998188018799
Vehicle_11;8825432;1178;10;ede;1.4159998893737793
Vehicle_11;8825432;1179;10;eded;1.4159998893737793
Vehicle_11;8825432;1180;10;edede;1.440000057220459
Vehicle_11;8825432;1181;10;eded;1.440000057220459
Vehicle_11;8825432;1182;10;eded;1.440000057220459
Vehicle_11;8825432;1183;10;edede;1.440000057220459
Vehicle_11;8825432;1184;10;eded;1.440000057220459
Vehicle_11;8825432;1185;10;ede;1.440000057220459
Vehicle_11;8825432;1186;10;e;1.440000057220459
Vehicle_11;8825432;1187;10;e;1.440000057220459
Vehicle_11;8825432;1188;10;e;1.440000057220459
Vehicle_11;8825432;1189;10;e;1.440000057220459
Vehicle_11;8825432;1190;10;ed;1.440000057220459
Vehicle_11;8825432;1191;10;ed;1.440000057220459
Vehicle_11;8825432;1192;10;ed;1.440000057220459
Vehicle_11;8825432;1193;10;e;1.440000057220459
Vehicle_11;8825432;1194;10;e;1.440000057220459
Vehicle_11;8825432;1195;10;e;1.440000057220459
Vehicle_11;8825432;1196;10;e;1.439000129699707
Vehicle_11;8825432;1197;10;e;1.439000129699707
Vehicle_11;8825432;1198;10;e;1.439000129699707
Vehicle_11;8825432;1199;10;e;1.440999984741211
Vehicle_11;8825432;1200;10;e;1.440999984741211
Vehicle_11;8825432;1201;10;e;1.440999984741211
Vehicle_11;8825432;1202;10;e;1.440999984741211
Vehicle_11;8825432;1203;10;e;1.440999984741211
Vehicle_11;8825432;1204;10;e;1.440999984741211
Vehicle_11;8825432;1205;10;e;1.440999984741211
Vehicle_11;8825432;1206;10;ede;1.440999984741211
Vehicle_11;8825432;1207;10;ede;1.440999984741211
Vehicle_11;8825432;1208;10;ede;1.440000057220459
Vehicle_11;8825432;1209;10;ede;1.440000057220459
Vehicle_11;8825432;1210;10;ede;1.440000057220459
Vehicle_11;8825432;1211;10;ede;1.440000057220459
Vehicle_11;8825432;1212;10;ed;1.440000057220459
Vehicle_11;8825432;1213;10;eded;1.440000057220459
Vehicle_11;8825432;1214;10;eded;1.440000057220459
Vehicle_11;8825432;1215;10;e;1.440000057220459
Vehicle_11;8825432;1216;10;e;1.440000057220459
Vehicle_11;8825432;1217;10;e;1.4210000038146973
Vehicle_11;8825432;1218;10;e;1.4210000038146973
Vehicle_11;8825432;1219;10;e;1.4210000038146973
Vehicle_11;8825432;1220;10;ed;1.4210000038146973
Vehicle_11;8825432;1221;10;ed;1.4210000038146973
Vehicle_11;8825432;1222;10;ed;1.4210000038146973
Vehicle_11;8825432;1223;10;e;1.4210000038146973
Vehicle_11;8825432;1224;10;e;1.4210000038146973
Vehicle_11;8825432;1225;10;ede;1.4210000038146973
Vehicle_11;8825432;1226;10;eded;1.4210000038146973
Vehicle_11;8825432;1227;10;eded;1.0989999771118164
Vehicle_11;8825432;1228;10;ede;1.0989999771118164
Vehicle_11;8825432;1229;10;ede;1.0989999771118164
Vehicle_11;8825432;1230;10;ede;1.0989999771118164
Vehicle_11;8825432;1231;10;ede;1.0989999771118164
Vehicle_11;8825432;1232;10;ede;1.0989999771118164
Vehicle_11;8825432;1233;10;ede;1.0989999771118164
Vehicle_11;8825432;1234;10;ede;1.0329999923706055
Vehicle_11;8825432;1235;10;ede;1.4169998168945312
Vehicle_11;8825432;1236;10;ede;1.4169998168945312
Vehicle_11;8825432;1237;10;ede;1.4169998168945312
Vehicle_11;8825432;1238;10;eded;1.440999984741211
Vehicle_11;8825432;1239;10;ede;1.440999984741211
Vehicle_11;8825432;1240;10;ede;1.440999984741211
Vehicle_11;8825432;1241;10;ede;1.440999984741211
Vehicle_11;8825432;1242;10;ede;1.440999984741211
Vehicle_11;8825432;1243;10;ed;1.440999984741211
Vehicle_11;8825432;1244;10;ed;1.440999984741211
Vehicle_11;8825432;1245;10;e;1.440999984741211
Vehicle_11;8825432;1246;10;ede;1.440999984741211
Vehicle_11;8825432;1247;10;e;1.4219999313354492
Vehicle_11;8825432;1248;10;e;1.4219999313354492
Vehicle_11;8825432;1249;10;e;1.4219999313354492
Vehicle_11;8825432;1250;10;ed;1.7230000495910645
Vehicle_11;8825432;1251;10;ed;1.7230000495910645
Vehicle_11;8825432;1252;10;ede;1.7230000495910645
Vehicle_11;8825432;1253;10;ed;1.7230000495910645
Vehicle_11;8825432;1254;10;ede;1.7230000495910645
Vehicle_11;8825432;1255;10;ed;1.7230000495910645
Vehicle_11;8825432;1256;10;eded;1.7230000495910645
Vehicle_11;8825432;1257;10;e;1.7230000495910645
Vehicle_11;8825432;1258;10;e;1.7230000495910645
Vehicle_11;8825432;1259;10;e8;1.440999984741211
Vehicle_11;8825432;1260;10;e8;1.440999984741211
Vehicle_11;8825432;1261;10;e;1.440999984741211
Vehicle_11;8825432;1262;10;b2;1.440999984741211
Vehicle_11;8825432;1263;10;b2;1.440999984741211
Vehicle_11;8825432;1264;10;e;1.440999984741211
Vehicle_11;8825432;1265;10;e;1.4210000038146973
Vehicle_11;8825432;1266;10;ed;1.4210000038146973
Vehicle_11;8825432;1267;10;ede;1.4210000038146973
Vehicle_11;8825432;1268;10;eded;1.4159998893737793
Vehicle_11;8825432;1269;10;eded;1.4159998893737793
Vehicle_11;8825432;1270;10;ede;1.4189999103546143
Vehicle_11;8825432;1271;10;ed;1.4189999103546143
Vehicle_11;8825432;1272;10;e;1.4189999103546143
Vehicle_11;8825432;1273;10;e;1.4189999103546143
Vehicle_11;8825432;1274;10;ed;1.4189999103546143
Vehicle_11;8825432;1275;10;eded;1.4189999103546143
Vehicle_11;8825432;1276;10;ede;1.4189999103546143
Vehicle_11;8825432;1277;10;ede;1.4580001831054688
Vehicle_11;8825432;1278;10;eded;1.4580001831054688
Vehicle_11;8825432;1279;10;eded;1.4580001831054688
Vehicle_11;8825432;1280;10;eded;1.4580001831054688
Vehicle_11;8825432;1281;10;ede;1.4580001831054688
Vehicle_11;8825432;1282;10;eded;1.4580001831054688
Vehicle_11;8825432;1283;10;eded;1.4580001831054688
Vehicle_11;8825432;1284;10;ede;1.4580001831054688
Vehicle_11;8825432;1285;10;eded;1.4580001831054688
Vehicle_11;8825432;1286;10;ede;1.4219999313354492
Vehicle_11;8825432;1287;10;ede;1.4219999313354492
Vehicle_11;8825432;1288;10;ede;1.4219999313354492
Vehicle_11;8825432;1289;10;ede;1.440000057220459
Vehicle_11;8825432;1290;10;ede;1.440000057220459
Vehicle_11;8825432;1291;10;ede;1.440000057220459
Vehicle_11;8825432;1292;10;eded;1.440000057220459
Vehicle_11;8825432;1293;10;ede;1.440000057220459
Vehicle_11;8825432;1294;10;ede;1.440000057220459
Vehicle_11;8825432;1295;10;ede;1.440000057220459
Vehicle_11;8825432;1296;10;ede;1.440000057220459
Vehicle_11;8825432;1297;10;ede;1.440000057220459
Vehicle_11;8825432;1298;10;ede;1.439000129699707
Vehicle_11;8825432;1299;10;eded;1.439000129699707
Vehicle_11;8825432;1300;10;ede;1.439000129699707
Vehicle_11;8825432;1301;10;eded;1.440000057220459
Vehicle_11;8825432;1302;10;eded;1.440000057220459
Vehicle_11;8825432;1303;10;eded;1.440000057220459
Vehicle_11;8825432;1304;10;eded;1.440000057220459
Vehicle_11;8825432;1305;10;eded;1.440000057220459
Vehicle_11;8825432;1306;10;ede;1.440000057220459
Vehicle_11;8825432;1307;10;ede;1.440000057220459
Vehicle_11;8825432;1308;10;e;1.440000057220459
Vehicle_11;8825432;1309;10;e;1.440000057220459
Vehicle_11;8825432;1310;10;ede;1.440000057220459
Vehicle_11;8825432;1311;10;ed;1.440000057220459
Vehicle_11;8825432;1312;10;ed;1.440000057220459
Vehicle_11;8825432;1313;10;ede;1.440999984741211
Vehicle_11;8825432;1314;10;ede;1.440999984741211
Vehicle_11;8825432;1315;10;ede;1.440999984741211
Vehicle_11;8825432;1316;10;ed;1.440999984741211
Vehicle_11;8825432;1317;10;e;1.440999984741211
Vehicle_11;8825432;1318;10;ede;1.440999984741211
Vehicle_11;8825432;1319;10;e;1.440999984741211
Vehicle_11;8825432;1320;10;e8;1.440999984741211
Vehicle_11;8825432;1321;10;e;1.440999984741211
Vehicle_11;8825432;1322;10;e;1.440000057220459
Vehicle_11;8825432;1323;10;e;1.440000057220459
Vehicle_11;8825432;1324;10;b2;1.440000057220459
Vehicle_11;8825432;1325;10;ed;1.440000057220459
Vehicle_11;8825432;1326;10;ede;1.440000057220459
Vehicle_11;8825432;1327;10;edede;1.440000057220459
Vehicle_11;8825432;1328;10;ede;1.437000036239624
Vehicle_11;8825432;1329;10;ede;1.437000036239624
Vehicle_11;8825432;1330;10;ed;1.437000036239624
Vehicle_11;8825432;1331;10;ed;1.4200000762939453
Vehicle_11;8825432;1332;10;ed;1.4200000762939453
Vehicle_11;8825432;1333;10;ed;1.4200000762939453
Vehicle_11;8825432;1334;10;ed;1.440999984741211
Vehicle_11;8825432;1335;10;ed;1.440999984741211
Vehicle_11;8825432;1336;10;e;1.440999984741211
Vehicle_11;8825432;1337;10;e;1.440999984741211
Vehicle_11;8825432;1338;10;ede;1.440999984741211
Vehicle_11;8825432;1339;10;eded;1.440999984741211
Vehicle_11;8825432;1340;10;eded;1.440999984741211
Vehicle_11;8825432;1341;10;ede;1.440999984741211
Vehicle_11;8825432;1342;10;ed;1.440999984741211
Vehicle_11;8825432;1343;10;ed;1.4399998188018799
Vehicle_11;8825432;1344;10;ede;1.4399998188018799
Vehicle_11;8825432;1345;10;ede;1.4399998188018799
Vehicle_11;8825432;1346;10;eded;1.4399998188018799
Vehicle_11;8825432;1347;10;eded;1.4399998188018799
Vehicle_11;8825432;1348;10;eded;1.4219999313354492
Vehicle_11;8825432;1349;10;eded;1.4219999313354492
Vehicle_11;8825432;1350;10;ede;1.4219999313354492
Vehicle_11;8825432;1351;10;eded;1.4219999313354492
Vehicle_11;8825432;1352;10;eded;1.4219999313354492
Vehicle_11;8825432;1353;10;eded;1.4219999313354492
Vehicle_11;8825432;1354;10;ede;1.4219999313354492
Vehicle_11;8825432;1355;10;eded;1.439000129699707
Vehicle_11;8825432;1356;10;eded;1.439000129699707
Vehicle_11;8825432;1357;10;ede;1.439000129699707
Vehicle_11;8825432;1358;10;edede;1.439000129699707
Vehicle_11;8825432;1359;10;eded;1.439000129699707
Vehicle_11;8825432;1360;10;ede;1.439000129699707
Vehicle_11;8825432;1361;10;ed;1.439000129699707
Vehicle_11;8825432;1362;10;eded;1.439000129699707
Vehicle_11;8825432;1363;10;eded;1.439000129699707
Vehicle_11;8825432;1364;10;ede;1.440999984741211
Vehicle_11;8825432;1365;10;eded;1.440999984741211
Vehicle_11;8825432;1366;10;eded;1.440999984741211
Vehicle_11;8825432;1367;10;eded;1.440999984741211
Vehicle_11;8825432;1368;10;eded;1.440999984741211
Vehicle_11;8825432;1369;10;eded;1.440999984741211
Vehicle_11;8825432;1370;10;eded;1.440999984741211
Vehicle_11;8825432;1371;10;edede;1.440999984741211
Vehicle_11;8825432;1372;10;eded;1.440999984741211
Vehicle_11;8825432;1373;10;ede;1.440999984741211
Vehicle_11;8825432;1374;10;e;1.440999984741211
Vehicle_11;8825432;1375;10;ed;1.440999984741211
Vehicle_11;8825432;1376;10;ede;1.440000057220459
Vehicle_11;8825432;1377;10;e;1.440000057220459
Vehicle_11;8825432;1378;10;e;1.440000057220459
Vehicle_11;8825432;1379;10;e;1.440000057220459
Vehicle_11;8825432;1380;10;e;1.440000057220459
Vehicle_11;8825432;1381;10;e;1.440000057220459
Vehicle_11;8825432;1382;10;e;1.440000057220459
Vehicle_11;8825432;1383;10;e;1.440000057220459
Vehicle_11;8825432;1384;10;e;1.440000057220459
Vehicle_11;8825432;1385;10;e;1.440000057220459
Vehicle_11;8825432;1386;10;e;1.440000057220459
Vehicle_11;8825432;1387;10;e;1.440000057220459
Vehicle_11;8825432;1388;10;e;1.440000057220459
Vehicle_11;8825432;1389;10;eded;1.439000129699707
Vehicle_11;8825432;1390;10;eded;1.440000057220459
Vehicle_11;8825432;1391;10;ede8;1.440000057220459
Vehicle_11;8825432;1392;10;e;24.17900013923645
Vehicle_11;8825432;1393;10;e;24.17900013923645
Vehicle_11;8825432;1394;10;e;24.17900013923645
Vehicle_11;8825432;1395;10;e;24.17900013923645
Vehicle_11;8825432;1396;10;ede;24.17900013923645
Vehicle_11;8825432;1397;10;ede;24.17900013923645
Vehicle_11;8825432;1398;10;ede;24.17900013923645
Vehicle_11;8825432;1399;10;ede;24.17900013923645
Vehicle_11;8825432;1400;10;ed;24.17900013923645
Vehicle_11;8825432;1401;10;ed;1.4819998741149902
Vehicle_11;8825432;1402;10;e;1.4819998741149902
Vehicle_11;8825432;1403;10;e;1.4819998741149902
Vehicle_11;8825432;1404;10;e;1.4819998741149902
Vehicle_11;8825432;1405;10;e;1.4819998741149902
Vehicle_11;8825432;1406;10;ede;1.4819998741149902
Vehicle_11;8825432;1407;10;ede;1.438000202178955
Vehicle_11;8825432;1408;10;ede;1.438000202178955
Vehicle_11;8825432;1409;10;ede;1.439000129699707
Vehicle_11;8825432;1410;10;ede;1.439000129699707
Vehicle_11;8825432;1411;10;ede;1.439000129699707
Vehicle_11;8825432;1412;10;eded;1.439000129699707
Vehicle_11;8825432;1413;10;edede;1.439000129699707
Vehicle_11;8825432;1414;10;eded;1.439000129699707
Vehicle_11;8825432;1415;10;ede;1.440000057220459
Vehicle_11;8825432;1416;10;ede;1.440000057220459
Vehicle_11;8825432;1417;10;eded;1.440000057220459
Vehicle_11;8825432;1418;10;eded;1.440000057220459
Vehicle_11;8825432;1419;10;eded;1.440000057220459
Vehicle_11;8825432;1420;10;eded;1.440000057220459
Vehicle_11;8825432;1421;10;eded;1.440000057220459
Vehicle_11;8825432;1422;10;ede;1.440000057220459
Vehicle_11;8825432;1423;10;eded;1.440000057220459
Vehicle_11;8825432;1424;10;eded;1.439000129699707
Vehicle_11;8825432;1425;10;ede;1.439000129699707
Vehicle_11;8825432;1426;10;ed;1.439000129699707
Vehicle_11;8825432;1427;10;e;1.439000129699707
Vehicle_11;8825432;1428;10;e;1.439000129699707
Vehicle_11;8825432;1429;10;e;1.439000129699707
Vehicle_11;8825432;1430;10;e;1.439000129699707
Vehicle_11;8825432;1431;10;e;1.434000015258789
Vehicle_11;8825432;1432;10;e;1.434000015258789
Vehicle_11;8825432;1433;10;e;1.434000015258789
Vehicle_11;8825432;1434;10;ede;1.437999963760376
Vehicle_11;8825432;1435;10;eded;1.437999963760376
Vehicle_11;8825432;1436;10;ede;1.437999963760376
Vehicle_11;8825432;1437;10;eded;1.437999963760376
Vehicle_11;8825432;1438;10;eded;1.437999963760376
Vehicle_11;8825432;1439;10;ede;1.437999963760376
Vehicle_11;8825432;1440;10;ede;1.437999963760376
Vehicle_11;8825432;1441;10;ede;1.437999963760376
Vehicle_11;8825432;1442;10;e;1.437999963760376
Vehicle_11;8825432;1443;10;e;1.4210000038146973
Vehicle_11;8825432;1444;10;e;1.4210000038146973
Vehicle_11;8825432;1445;10;ede;1.4210000038146973
Vehicle_11;8825432;1446;10;ede;1.4210000038146973
Vehicle_11;8825432;1447;10;ede;1.4210000038146973
Vehicle_11;8825432;1448;10;e;1.4170000553131104
Vehicle_11;8825432;1449;10;e;1.440000057220459
Vehicle_11;8825432;1450;10;e;1.440000057220459
Vehicle_11;8825432;1451;10;ed;1.440000057220459
Vehicle_11;8825432;1452;10;ed;1.440000057220459
Vehicle_11;8825432;1453;10;ed;1.440000057220459
Vehicle_11;8825432;1454;10;ed;1.440000057220459
Vehicle_11;8825432;1455;10;e;1.440000057220459
Vehicle_11;8825432;1456;10;e;1.440000057220459
Vehicle_11;8825432;1457;10;ede;1.440000057220459
Vehicle_11;8825432;1458;10;eded;1.440000057220459
Vehicle_11;8825432;1459;10;ede;1.440000057220459
Vehicle_11;8825432;1460;10;ed;1.440000057220459
Vehicle_11;8825432;1461;10;e;1.440000057220459
Vehicle_11;8825432;1462;10;e;1.440000057220459
Vehicle_11;8825432;1463;10;ed;1.440000057220459
Vehicle_11;8825432;1464;10;ed;1.440000057220459
Vehicle_11;8825432;1465;10;ed;1.440000057220459
Vehicle_11;8825432;1466;10;ed;1.5390000343322754
Vehicle_11;8825432;1467;10;ed;1.5390000343322754
Vehicle_11;8825432;1468;10;ed;1.5390000343322754
Vehicle_11;8825432;1469;10;ed;1.5390000343322754
Vehicle_11;8825432;1470;10;ede;1.5390000343322754
Vehicle_11;8825432;1471;10;eded;1.5390000343322754
Vehicle_11;8825432;1472;10;eded;1.5390000343322754
Vehicle_11;8825432;1473;10;edede;1.5390000343322754
Vehicle_11;8825432;1474;10;eded;1.5390000343322754
Vehicle_11;8825432;1475;10;edede;1.436000108718872
Vehicle_11;8825432;1476;10;edede;1.439000129699707
Vehicle_11;8825432;1477;10;edede;1.439000129699707
Vehicle_11;8825432;1478;10;eded;1.439000129699707
Vehicle_11;8825432;1479;10;ede;1.439000129699707
Vehicle_11;8825432;1480;10;e;1.439000129699707
Vehicle_11;8825432;1481;10;e;1.439000129699707
Vehicle_11;8825432;1482;10;e;1.440000057220459
Vehicle_11;8825432;1483;10;e;1.440000057220459
Vehicle_11;8825432;1484;10;e;1.440000057220459
Vehicle_11;8825432;1485;10;e;1.440000057220459
Vehicle_11;8825432;1486;10;edede;1.440000057220459
Vehicle_11;8825432;1487;10;e;1.440000057220459
Vehicle_11;8825432;1488;10;e;1.440000057220459
Vehicle_11;8825432;1489;10;e;1.440000057220459
Vehicle_11;8825432;1490;10;e;1.440000057220459
Vehicle_11;8825432;1491;10;e;1.4170000553131104
Vehicle_11;8825432;1492;10;b2;1.4170000553131104
Vehicle_11;8825432;1493;10;b2;1.4170000553131104
Vehicle_11;8825432;1494;10;b2;1.4170000553131104
Vehicle_11;8825432;1495;10;ede;1.4170000553131104
Vehicle_11;8825432;1496;10;ede;1.4170000553131104
Vehicle_11;8825432;1497;10;ed;1.4170000553131104
Vehicle_11;8825432;1498;10;ed;1.4170000553131104
Vehicle_11;8825432;1499;10;e;1.4170000553131104
Vehicle_11;8825432;1500;10;e;1.4160001277923584
Vehicle_11;8825432;1501;10;eded;1.4160001277923584
Vehicle_11;8825432;1502;10;ede;1.4160001277923584
Vehicle_11;8825432;1503;10;ed;1.4160001277923584
Vehicle_11;8825432;1504;10;ed;1.4160001277923584
Vehicle_11;8825432;1505;10;eded;1.4160001277923584
Vehicle_11;8825432;1506;10;ede;1.4160001277923584
Vehicle_11;8825432;1507;10;e;1.4160001277923584
Vehicle_11;8825432;1508;10;ed;1.4160001277923584
Vehicle_11;8825432;1509;10;ed;1.4179999828338623
Vehicle_11;8825432;1510;10;ed;1.4179999828338623
Vehicle_11;8825432;1511;10;e;1.4179999828338623
Vehicle_11;8825432;1512;10;ed;1.4179999828338623
Vehicle_11;8825432;1513;10;ed;1.4179999828338623
Vehicle_11;8825432;1514;10;ede;1.430999994277954
Vehicle_11;8825432;1515;10;eded;1.430999994277954
Vehicle_11;8825432;1516;10;eded;1.430999994277954
Vehicle_11;8825432;1517;10;eded;1.430999994277954
Vehicle_11;8825432;1518;10;eded;1.430999994277954
Vehicle_11;8825432;1519;10;eded;1.430999994277954
Vehicle_11;8825432;1520;10;ed;1.430999994277954
Vehicle_11;8825432;1521;10;ed;1.4350001811981201
Vehicle_11;8825432;1522;10;e;1.4350001811981201
Vehicle_11;8825432;1523;10;e;1.4350001811981201
Vehicle_11;8825432;1524;10;ed;1.439000129699707
Vehicle_11;8825432;1525;10;ed;1.439000129699707
Vehicle_11;8825432;1526;10;ed;1.439000129699707
Vehicle_11;8825432;1527;10;ed;1.439000129699707
Vehicle_11;8825432;1528;10;e;1.439000129699707
Vehicle_11;8825432;1529;10;e;1.439000129699707
Vehicle_11;8825432;1530;10;e;1.439000129699707
Vehicle_11;8825432;1531;10;ed;1.439000129699707
Vehicle_11;8825432;1532;10;ed;1.439000129699707
Vehicle_11;8825432;1533;10;e;1.433000087738037
Vehicle_11;8825432;1534;10;ed;1.433000087738037
Vehicle_11;8825432;1535;10;ed;1.433000087738037
Vehicle_11;8825432;1536;10;ed;1.440000057220459
Vehicle_11;8825432;1537;10;eded;1.440000057220459
Vehicle_11;8825432;1538;10;ede;1.440000057220459
Vehicle_11;8825432;1539;10;ede;1.440000057220459
Vehicle_11;8825432;1540;10;e;1.440000057220459
Vehicle_11;8825432;1541;10;e;1.440000057220459
Vehicle_11;8825432;1542;10;e;1.440999984741211
Vehicle_11;8825432;1543;10;e;1.440999984741211
Vehicle_11;8825432;1544;10;e;1.440999984741211
Vehicle_11;8825432;1545;10;ede;1.440999984741211
Vehicle_11;8825432;1546;10;e;1.440999984741211
Vehicle_11;8825432;1547;10;e;1.440999984741211
Vehicle_11;8825432;1548;10;e;1.440999984741211
Vehicle_11;8825432;1549;10;e;1.440999984741211
Vehicle_11;8825432;1550;10;ed;1.440999984741211
Vehicle_11;8825432;1551;10;ed;1.439000129699707
Vehicle_11;8825432;1552;10;ed;1.439000129699707
Vehicle_11;8825432;1553;10;e;1.439000129699707
Vehicle_11;8825432;1554;10;e;1.439000129699707
Vehicle_11;8825432;1555;10;ed;1.439000129699707
Vehicle_11;8825432;1556;10;ed;1.439000129699707
Vehicle_11;8825432;1557;10;ed;1.4199998378753662
Vehicle_11;8825432;1558;10;e;1.4199998378753662
Vehicle_11;8825432;1559;10;e;1.4199998378753662
Vehicle_11;8825432;1560;10;e;1.4199998378753662
Vehicle_11;8825432;1561;10;e;1.4199998378753662
Vehicle_11;8825432;1562;10;e;1.4210000038146973
Vehicle_11;8825432;1563;10;edede;1.4210000038146973
Vehicle_11;8825432;1564;10;ede;1.4210000038146973
Vehicle_11;8825432;1565;10;e;1.4210000038146973
Vehicle_11;8825432;1566;10;e;1.4210000038146973
Vehicle_11;8825432;1567;10;e;1.4210000038146973
Vehicle_11;8825432;1568;10;e;1.4210000038146973
Vehicle_11;8825432;1569;10;e;1.4210000038146973
Vehicle_11;8825432;1570;10;e;1.4210000038146973
Vehicle_11;8825432;1571;10;e;1.5389997959136963
Vehicle_11;8825432;1572;10;e;1.5389997959136963
Vehicle_11;8825432;1573;10;e;1.5389997959136963
Vehicle_11;8825432;1574;10;e;1.5389997959136963
Vehicle_11;8825432;1575;10;ed;1.5389997959136963
Vehicle_11;8825432;1576;10;ed;1.5389997959136963
Vehicle_11;8825432;1577;10;ed;1.5389997959136963
Vehicle_11;8825432;1578;10;e;1.5389997959136963
Vehicle_11;8825432;1579;10;e;1.5389997959136963
Vehicle_11;8825432;1580;10;ed;1.5570001602172852
Vehicle_11;8825432;1581;10;ed;1.5570001602172852
Vehicle_11;8825432;1582;10;ede;1.5570001602172852
Vehicle_11;8825432;1583;10;eded;1.5570001602172852
Vehicle_11;8825432;1584;10;ede;1.5570001602172852
Vehicle_11;8825432;1585;10;ede;1.5570001602172852
Vehicle_11;8825432;1586;10;ede;1.5570001602172852
Vehicle_11;8825432;1587;10;ede;1.5570001602172852
Vehicle_11;8825432;1588;10;eded;1.5570001602172852
Vehicle_11;8825432;1589;10;ede;1.5409998893737793
Vehicle_11;8825432;1590;10;ed;1.5409998893737793
Vehicle_11;8825432;1591;10;ed;1.5409998893737793
Vehicle_11;8825432;1592;10;e;1.5409998893737793
Vehicle_11;8825432;1593;10;e;1.5409998893737793
Vehicle_11;8825432;1594;10;ede;1.5409998893737793
Vehicle_11;8825432;1595;10;ede;1.5409998893737793
Vehicle_11;8825432;1596;10;eded;1.5409998893737793
Vehicle_11;8825432;1597;10;ede;1.5409998893737793
Vehicle_11;8825432;1598;10;ede;1.4220001697540283
Vehicle_11;8825432;1599;10;ed;1.4220001697540283
Vehicle_11;8825432;1600;10;ed;1.4220001697540283
Vehicle_11;8825432;1601;10;ed;1.4220001697540283
Vehicle_11;8825432;1602;10;ed;1.4210000038146973
Vehicle_11;8825432;1603;10;ed;1.4210000038146973
Vehicle_11;8825432;1604;10;e;1.4210000038146973
Vehicle_11;8825432;1605;10;ed;1.4210000038146973
Vehicle_11;8825432;1606;10;ed;1.4210000038146973
Vehicle_11;8825432;1607;10;ed;1.4149999618530273
Vehicle_11;8825432;1608;10;ed;1.4149999618530273
Vehicle_11;8825432;1609;10;e;1.4149999618530273
Vehicle_11;8825432;1610;10;ede;1.4149999618530273
Vehicle_11;8825432;1611;10;eded;1.4210000038146973
Vehicle_11;8825432;1612;10;eded;1.4210000038146973
Vehicle_11;8825432;1613;10;ede;1.4210000038146973
Vehicle_11;8825432;1614;10;ede;1.4210000038146973
Vehicle_11;8825432;1615;10;ede;1.4210000038146973
Vehicle_11;8825432;1616;10;ed;1.4210000038146973
Vehicle_11;8825432;1617;10;e;1.440000057220459
Vehicle_11;8825432;1618;10;e;1.440000057220459
Vehicle_11;8825432;1619;10;e;1.440000057220459
Vehicle_11;8825432;1620;10;e;1.440999984741211
Vehicle_11;8825432;1621;10;e8;1.440999984741211
Vehicle_11;8825432;1622;10;e8;1.440999984741211
Vehicle_11;8825432;1623;10;e;1.440999984741211
Vehicle_11;8825432;1624;10;e;1.440999984741211
Vehicle_11;8825432;1625;10;e;1.440999984741211
Vehicle_11;8825432;1626;10;b2;1.440999984741211
Vehicle_11;8825432;1627;10;b2;1.440999984741211
Vehicle_11;8825432;1628;10;e;1.440999984741211
Vehicle_11;8825432;1629;10;ede;1.4219999313354492
Vehicle_11;8825432;1630;10;e;1.4219999313354492
Vehicle_11;8825432;1631;10;ed;1.4219999313354492
Vehicle_11;8825432;1632;10;ed;1.4219999313354492
Vehicle_11;8825432;1633;10;ed;1.4219999313354492
Vehicle_11;8825432;1634;10;e;1.4210000038146973
Vehicle_11;8825432;1635;10;e;1.440999984741211
Vehicle_11;8825432;1636;10;e;1.440999984741211
Vehicle_11;8825432;1637;10;ed;1.440999984741211
Vehicle_11;8825432;1638;10;ed;1.440999984741211
Vehicle_11;8825432;1639;10;e;1.440999984741211
Vehicle_11;8825432;1640;10;e;1.440999984741211
Vehicle_11;8825432;1641;10;e;1.440999984741211
Vehicle_11;8825432;1642;10;e;1.440999984741211
Vehicle_11;8825432;1643;10;ed;1.440999984741211
Vehicle_11;8825432;1644;10;ed;1.440000057220459
Vehicle_11;8825432;1645;10;ed;1.440000057220459
Vehicle_11;8825432;1646;10;e;1.440000057220459
Vehicle_11;8825432;1647;10;e;1.940999984741211
Vehicle_11;8825432;1648;10;e;1.940999984741211
Vehicle_11;8825432;1649;10;e;1.940999984741211
Vehicle_11;8825432;1650;10;eded;1.940999984741211
Vehicle_11;8825432;1651;10;ede;1.940999984741211
Vehicle_11;8825432;1652;10;ede;1.940999984741211
Vehicle_11;8825432;1653;10;edede;1.940999984741211
Vehicle_11;8825432;1654;10;edede;1.940999984741211
Vehicle_11;8825432;1655;10;ede;1.940999984741211
Vehicle_11;8825432;1656;10;edede;1.440000057220459
Vehicle_11;8825432;1657;10;eded;1.440000057220459
Vehicle_11;8825432;1658;10;eded;1.440000057220459
Vehicle_11;8825432;1659;10;ede;1.4590001106262207
Vehicle_11;8825432;1660;10;ede;1.4590001106262207
Vehicle_11;8825432;1661;10;ede;1.4590001106262207
Vehicle_11;8825432;1662;10;ed;1.4590001106262207
Vehicle_11;8825432;1663;10;ede;1.4590001106262207
Vehicle_11;8825432;1664;10;ed;1.4590001106262207
Vehicle_11;8825432;1665;10;ed;1.4590001106262207
Vehicle_11;8825432;1666;10;e;1.4590001106262207
Vehicle_11;8825432;1667;10;e;1.4590001106262207
Vehicle_11;8825432;1668;10;ed;1.440000057220459
Vehicle_11;8825432;1669;10;ed;1.440000057220459
Vehicle_11;8825432;1670;10;ed;1.440000057220459
Vehicle_11;8825432;1671;10;e8;1.440000057220459
Vehicle_11;8825432;1672;10;e84;1.440000057220459
Vehicle_11;8825432;1673;10;e;1.440000057220459
Vehicle_11;8825432;1674;10;e;1.439000129699707
Vehicle_11;8825432;1675;10;e;1.439000129699707
Vehicle_11;8825432;1676;10;e;1.439000129699707
Vehicle_11;8825432;1677;10;eded;1.4219999313354492
Vehicle_11;8825432;1678;10;eded;1.4219999313354492
Vehicle_11;8825432;1679;10;eded;1.4399998188018799
Vehicle_11;8825432;1680;10;ede;1.4399998188018799
Vehicle_11;8825432;1681;10;ede;1.4399998188018799
Vehicle_11;8825432;1682;10;ede;1.4399998188018799
Vehicle_11;8825432;1683;10;ed;1.4399998188018799
Vehicle_11;8825432;1684;10;e;1.4399998188018799
Vehicle_11;8825432;1685;10;e;1.4399998188018799
Vehicle_11;8825432;1686;10;e;1.4399998188018799
Vehicle_11;8825432;1687;10;eded;1.4399998188018799
Vehicle_11;8825432;1688;10;e;17.17300009727478
Vehicle_11;8825432;1689;10;e;17.17300009727478
Vehicle_11;8825432;1690;10;e;17.17300009727478
Vehicle_11;8825432;1691;10;e;17.17300009727478
Vehicle_11;8825432;1692;10;ede;17.17300009727478
Vehicle_11;8825432;1693;10;ede;17.17300009727478
Vehicle_11;8825432;1694;10;b7ede;17.17300009727478
Vehicle_11;8825432;1695;10;b212;17.17300009727478
Vehicle_11;8825432;1696;10;ede;17.17300009727478
Vehicle_11;8825432;1697;10;eded;2.0
Vehicle_11;8825432;1698;10;eded;2.0
Vehicle_11;8825432;1699;10;e;2.0
Vehicle_11;8825432;1700;10;e;2.0
Vehicle_11;8825432;1701;10;e;2.0
Vehicle_11;8825432;1702;10;e;2.0
Vehicle_11;8825432;1703;10;e;2.0
Vehicle_11;8825432;1704;10;e;1.557999849319458
Vehicle_11;8825432;1705;10;ede;1.557999849319458
Vehicle_11;8825432;1706;10;ede;1.557999849319458
Vehicle_11;8825432;1707;10;ede;1.557999849319458
Vehicle_11;8825432;1708;10;eded;1.557999849319458
Vehicle_11;8825432;1709;10;eded;1.557999849319458
Vehicle_11;8825432;1710;10;eded;1.557999849319458
Vehicle_11;8825432;1711;10;eded;1.557999849319458
Vehicle_11;8825432;1712;10;eded;1.4220001697540283
Vehicle_11;8825432;1713;10;ede;1.4220001697540283
Vehicle_11;8825432;1714;10;ede;1.4220001697540283
Vehicle_11;8825432;1715;10;ede;1.4210000038146973
Vehicle_11;8825432;1716;10;ed;1.4210000038146973
Vehicle_11;8825432;1717;10;ed;1.4210000038146973
Vehicle_11;8825432;1718;10;ed;1.4210000038146973
Vehicle_11;8825432;1719;10;e;1.4210000038146973
Vehicle_11;8825432;1720;10;e;1.4179999828338623
Vehicle_11;8825432;1721;10;e;1.4179999828338623
Vehicle_11;8825432;1722;10;ed;1.4179999828338623
Vehicle_11;8825432;1723;10;ed;1.4040000438690186
Vehicle_11;8825432;1724;10;ed;1.4210000038146973
Vehicle_11;8825432;1725;10;e;1.4210000038146973
Vehicle_11;8825432;1726;10;ed;1.4210000038146973
Vehicle_11;8825432;1727;10;ed;1.4809999465942383
Vehicle_11;8825432;1728;10;ed;1.4809999465942383
Vehicle_11;8825432;1729;10;ed;1.4809999465942383
Vehicle_11;8825432;1730;10;e;1.4809999465942383
Vehicle_11;8825432;1731;10;ed;1.4809999465942383
Vehicle_11;8825432;1732;10;ede;1.4809999465942383
Vehicle_11;8825432;1733;10;e;60.85800004005432
Vehicle_11;8825432;1734;10;e;60.85800004005432
Vehicle_11;8825432;1735;10;e;60.85800004005432
Vehicle_11;8825432;1736;10;e;60.85800004005432
Vehicle_11;8825432;1737;10;e;60.85800004005432
Vehicle_11;8825432;1738;10;e;60.85800004005432
Vehicle_11;8825432;1739;10;e;60.85800004005432
Vehicle_11;8825432;1740;10;ed;60.85800004005432
Vehicle_11;8825432;1741;10;ed;60.85800004005432
Vehicle_11;8825432;1742;10;e;9.1010000705719
Vehicle_11;8825432;1743;10;e;2.1600000858306885
Vehicle_11;8825432;1744;10;e;2.1600000858306885
Vehicle_11;8825432;1745;10;b7e;2.1600000858306885
Vehicle_11;8825432;1746;10;b2;2.1600000858306885
Vehicle_11;8825432;1747;10;b2;2.1600000858306885
Vehicle_11;8825432;1748;10;b2;1.4210000038146973
Vehicle_11;8825432;1749;10;ede;1.4210000038146973
Vehicle_11;8825432;1750;10;ede;1.4210000038146973
Vehicle_11;8825432;1751;10;ede;1.3959999084472656
Vehicle_11;8825432;1752;10;ede;1.3959999084472656
Vehicle_11;8825432;1753;10;ede;1.3959999084472656
Vehicle_11;8825432;1754;10;ed;1.3970000743865967
Vehicle_11;8825432;1755;10;e;1.3970000743865967
Vehicle_11;8825432;1756;10;e;1.3970000743865967
Vehicle_11;8825432;1757;10;e;1.3970000743865967
Vehicle_11;8825432;1758;10;ed;1.3970000743865967
Vehicle_11;8825432;1759;10;ede;1.4040000438690186
Vehicle_11;8825432;1760;10;ede;1.4040000438690186
Vehicle_11;8825432;1761;10;ede;1.4040000438690186
Vehicle_11;8825432;1762;10;eded;1.4040000438690186
Vehicle_11;8825432;1763;10;edede;1.4040000438690186
Vehicle_11;8825432;1764;10;edede;1.4040000438690186
Vehicle_11;8825432;1765;10;eded;1.4040000438690186
Vehicle_11;8825432;1766;10;eded;1.4040000438690186
Vehicle_11;8825432;1767;10;eded;1.4040000438690186
Vehicle_11;8825432;1768;10;ede;1.3980000019073486
Vehicle_11;8825432;1769;10;eded;1.3980000019073486
Vehicle_11;8825432;1770;10;ede;1.3980000019073486
Vehicle_11;8825432;1771;10;ed;1.3980000019073486
Vehicle_11;8825432;1772;10;ede;1.3980000019073486
Vehicle_11;8825432;1773;10;ede;1.3980000019073486
Vehicle_11;8825432;1774;10;ede;1.440000057220459
Vehicle_11;8825432;1775;10;ed;1.440000057220459
Vehicle_11;8825432;1776;10;e;1.440000057220459
Vehicle_11;8825432;1777;10;e;1.440000057220459
Vehicle_11;8825432;1778;10;e;1.440000057220459
Vehicle_11;8825432;1779;10;ede;1.440000057220459
Vehicle_11;8825432;1780;10;e;1.440000057220459
Vehicle_11;8825432;1781;10;e;1.440000057220459
Vehicle_11;8825432;1782;10;e;1.440000057220459
Vehicle_11;8825432;1783;10;e;1.4189999103546143
Vehicle_11;8825432;1784;10;ed;1.4189999103546143
Vehicle_11;8825432;1785;10;ed;1.438999891281128
Vehicle_11;8825432;1786;10;eded;1.438999891281128
Vehicle_11;8825432;1787;10;ede;1.438999891281128
Vehicle_11;8825432;1788;10;eded;1.438999891281128
Vehicle_11;8825432;1789;10;ede;1.438999891281128
Vehicle_11;8825432;1790;10;e;1.4399998188018799
Vehicle_11;8825432;1791;10;e;1.4399998188018799
Vehicle_11;8825432;1792;10;e;1.4399998188018799
Vehicle_11;8825432;1793;10;e;1.4399998188018799
Vehicle_11;8825432;1794;10;e;1.4399998188018799
Vehicle_11;8825432;1795;10;e;1.4399998188018799
Vehicle_11;8825432;1796;10;e;1.4399998188018799
Vehicle_11;8825432;1797;10;e;1.4399998188018799
Vehicle_11;8825432;1798;10;e;1.4399998188018799
Vehicle_11;8825432;1799;10;e;1.4399998188018799
Vehicle_11;8825432;1800;10;e;1.4399998188018799
Vehicle_11;8825432;1801;10;ede;1.4399998188018799
Vehicle_11;8825432;1802;10;e;1.4399998188018799
Vehicle_11;8825432;1803;10;e;1.4399998188018799
Vehicle_11;8825432;1804;10;e;1.4399998188018799
Vehicle_11;8825432;1805;10;e;1.4399998188018799
Vehicle_11;8825432;1806;10;e;1.4399998188018799
Vehicle_11;8825432;1807;10;e;1.4399998188018799
Vehicle_11;8825432;1808;10;e;1.438999891281128
Vehicle_11;8825432;1809;10;e;1.438999891281128
Vehicle_11;8825432;1810;10;e;1.438999891281128
Vehicle_11;8825432;1811;10;e;1.438999891281128
Vehicle_11;8825432;1812;10;ed;1.438999891281128
Vehicle_11;8825432;1813;10;ed;1.438999891281128
Vehicle_11;8825432;1814;10;ed;1.4399998188018799
Vehicle_11;8825432;1815;10;e;1.4399998188018799
Vehicle_11;8825432;1816;10;ede;1.4399998188018799
Vehicle_11;8825432;1817;10;ede;1.4399998188018799
Vehicle_11;8825432;1818;10;e;1.4399998188018799
Vehicle_11;8825432;1819;10;ede;1.4399998188018799
Vehicle_11;8825432;1820;10;ede;1.4399998188018799
Vehicle_11;8825432;1821;10;ede;1.4399998188018799
Vehicle_11;8825432;1822;10;ede;1.4399998188018799
Vehicle_11;8825432;1823;10;eded;1.438999891281128
Vehicle_11;8825432;1824;10;eded;1.438999891281128
Vehicle_11;8825432;1825;10;ede;1.438999891281128
Vehicle_11;8825432;1826;10;ede;1.438999891281128
Vehicle_11;8825432;1827;10;eded;1.1410000324249268
Vehicle_11;8825432;1828;10;e;1.4210000038146973
Vehicle_11;8825432;1829;10;e;1.4210000038146973
Vehicle_11;8825432;1830;10;e;1.4210000038146973
Vehicle_11;8825432;1831;10;edede;1.4210000038146973
Vehicle_11;8825432;1832;10;edede;1.4210000038146973
Vehicle_11;8825432;1833;10;edede;1.4210000038146973
Vehicle_11;8825432;1834;10;ededed;1.4210000038146973
Vehicle_11;8825432;1835;10;eded;1.4210000038146973
Vehicle_11;8825432;1836;10;edede;1.4210000038146973
Vehicle_11;8825432;1837;10;ed;1.4189999103546143
Vehicle_11;8825432;1838;10;eded;1.4189999103546143
Vehicle_11;8825432;1839;10;eded;1.4189999103546143
Vehicle_11;8825432;1840;10;eded;1.4210000038146973
Vehicle_11;8825432;1841;10;eded;1.4210000038146973
Vehicle_11;8825432;1842;10;edede;1.4210000038146973
Vehicle_11;8825432;1843;10;ed;1.4210000038146973
Vehicle_11;8825432;1844;10;ede;1.4210000038146973
Vehicle_11;8825432;1845;10;edede;1.4210000038146973
Vehicle_11;8825432;1846;10;edede;1.4210000038146973
Vehicle_11;8825432;1847;10;edede;1.4210000038146973
Vehicle_11;8825432;1848;10;edede;1.4210000038146973
Vehicle_11;8825432;1849;10;ededed;1.4160001277923584
Vehicle_11;8825432;1850;10;ed;1.4160001277923584
Vehicle_11;8825432;1851;10;ede;1.4160001277923584
Vehicle_11;8825432;1852;10;ededed;1.4210000038146973
Vehicle_11;8825432;1853;10;ededede;1.4210000038146973
Vehicle_11;8825432;1854;10;ededed;1.4210000038146973
Vehicle_11;8825432;1855;10;edede;1.4210000038146973
Vehicle_11;8825432;1856;10;edede;1.4210000038146973
Vehicle_11;8825432;1857;10;edede;1.4210000038146973
Vehicle_11;8825432;1858;10;eded;1.4210000038146973
Vehicle_11;8825432;1859;10;edede;1.4210000038146973
Vehicle_11;8825432;1860;10;eded;1.4210000038146973
Vehicle_11;8825432;1861;10;ede;1.4219999313354492
Vehicle_11;8825432;1862;10;ede;1.4219999313354492
Vehicle_11;8825432;1863;10;ede;1.4219999313354492
Vehicle_11;8825432;1864;10;ed;1.4219999313354492
Vehicle_11;8825432;1865;10;e;1.4219999313354492
Vehicle_11;8825432;1866;10;e;1.4219999313354492
Vehicle_11;8825432;1867;10;e;1.4219999313354492
Vehicle_11;8825432;1868;10;ede;1.4219999313354492
Vehicle_11;8825432;1869;10;ede;1.4219999313354492
Vehicle_11;8825432;1870;10;ede;1.5399999618530273
Vehicle_11;8825432;1871;10;ede;1.5399999618530273
Vehicle_11;8825432;1872;10;eded;1.5399999618530273
Vehicle_11;8825432;1873;10;eded;1.5399999618530273
Vehicle_11;8825432;1874;10;ede;1.5399999618530273
Vehicle_11;8825432;1875;10;e;1.5399999618530273
Vehicle_11;8825432;1876;10;e;1.5399999618530273
Vehicle_11;8825432;1877;10;edede;1.5399999618530273
Vehicle_11;8825432;1878;10;edede;1.5399999618530273
Vehicle_11;8825432;1879;10;edede;1.4210000038146973
Vehicle_11;8825432;1880;10;ede;1.4210000038146973
Vehicle_11;8825432;1881;10;edede;1.437000036239624
Vehicle_11;8825432;1882;10;ededed;1.437000036239624
Vehicle_11;8825432;1883;10;ededed;1.437000036239624
Vehicle_11;8825432;1884;10;ededed;1.437000036239624
Vehicle_11;8825432;1885;10;ededed;1.437000036239624
Vehicle_11;8825432;1886;10;ededed;1.437000036239624
Vehicle_11;8825432;1887;10;ededed;1.437000036239624
Vehicle_11;8825432;1888;10;edede;1.437000036239624
Vehicle_11;8825432;1889;10;e;1.437000036239624
Vehicle_11;8825432;1890;10;e;1.2380001544952393
Vehicle_11;8825432;1891;10;ede;1.4210000038146973
Vehicle_11;8825432;1892;10;ede;1.4210000038146973
Vehicle_11;8825432;1893;10;ededede;1.4210000038146973
Vehicle_11;8825432;1894;10;ededed;1.4210000038146973
Vehicle_11;8825432;1895;10;edede;1.4210000038146973
Vehicle_11;8825432;1896;10;edede;1.4210000038146973
Vehicle_11;8825432;1897;10;e;1.4210000038146973
Vehicle_11;8825432;1898;10;e;1.4210000038146973
Vehicle_11;8825432;1899;10;ed;1.4210000038146973
Vehicle_11;8825432;1900;10;ede;1.4099998474121094
Vehicle_11;8825432;1901;10;ededed;1.4099998474121094
Vehicle_11;8825432;1902;10;ededede;1.4099998474121094
Vehicle_11;8825432;1903;10;edede;1.4199998378753662
Vehicle_11;8825432;1904;10;edede;1.4199998378753662
Vehicle_11;8825432;1905;10;edede;1.4199998378753662
Vehicle_11;8825432;1906;10;ede;1.4199998378753662
Vehicle_11;8825432;1907;10;eded;1.4199998378753662
Vehicle_11;8825432;1908;10;eded;1.4199998378753662
Vehicle_11;8825432;1909;10;edede;1.4210000038146973
Vehicle_11;8825432;1910;10;edede;1.4210000038146973
Vehicle_11;8825432;1911;10;ededed;1.4210000038146973
Vehicle_11;8825432;1912;10;edede;1.4210000038146973
Vehicle_11;8825432;1913;10;edede;1.4210000038146973
Vehicle_11;8825432;1914;10;eded;1.4210000038146973
Vehicle_11;8825432;1915;10;ede;1.4210000038146973
Vehicle_11;8825432;1916;10;ede;1.4210000038146973
Vehicle_11;8825432;1917;10;ed;1.4210000038146973
Vehicle_11;8825432;1918;10;ede;1.5399999618530273
Vehicle_11;8825432;1919;10;ede;1.5399999618530273
Vehicle_11;8825432;1920;10;ede;1.5399999618530273
Vehicle_11;8825432;1921;10;ede;1.5399999618530273
Vehicle_11;8825432;1922;10;ede;1.5399999618530273
Vehicle_11;8825432;1923;10;ede;1.5399999618530273
Vehicle_11;8825432;1924;10;eded;1.5399999618530273
Vehicle_11;8825432;1925;10;ede;1.5399999618530273
Vehicle_11;8825432;1926;10;e;1.5399999618530273
Vehicle_11;8825432;1927;10;e;1.4220001697540283
Vehicle_11;8825432;1928;10;e;1.4220001697540283
Vehicle_11;8825432;1929;10;ed;1.4220001697540283
Vehicle_11;8825432;1930;10;ed;1.4220001697540283
Vehicle_11;8825432;1931;10;eded;1.4189999103546143
Vehicle_11;8825432;1932;10;ede;1.4189999103546143
Vehicle_11;8825432;1933;10;ed;1.4189999103546143
Vehicle_11;8825432;1934;10;ede;1.4189999103546143
Vehicle_11;8825432;1935;10;ed;1.4189999103546143
Vehicle_11;8825432;1936;10;ed;1.4189999103546143
Vehicle_11;8825432;1937;10;e;1.1409997940063477
Vehicle_11;8825432;1938;10;e;1.4229998588562012
Vehicle_11;8825432;1939;10;e;1.4229998588562012
Vehicle_11;8825432;1940;10;ede;1.4229998588562012
Vehicle_11;8825432;1941;10;e;1.4229998588562012
Vehicle_11;8825432;1942;10;ed;1.4229998588562012
Vehicle_11;8825432;1943;10;ed;1.4229998588562012
Vehicle_11;8825432;1944;10;eded;1.4229998588562012
Vehicle_11;8825432;1945;10;eded;1.4229998588562012
Vehicle_11;8825432;1946;10;eded;1.4229998588562012
Vehicle_11;8825432;1947;10;e;1.4229998588562012
Vehicle_11;8825432;1948;10;e;1.4229998588562012
Vehicle_11;8825432;1949;10;ed;1.4229998588562012
Vehicle_11;8825432;1950;10;ed;1.4229998588562012
Vehicle_11;8825432;1951;10;ed;1.4399998188018799
Vehicle_11;8825432;1952;10;e;1.4399998188018799
Vehicle_11;8825432;1953;10;e;1.4399998188018799
Vehicle_11;8825432;1954;10;e;1.4399998188018799
Vehicle_11;8825432;1955;10;edede;1.4399998188018799
Vehicle_11;8825432;1956;10;edede;1.4399998188018799
Vehicle_11;8825432;1957;10;edede;1.4399998188018799
Vehicle_11;8825432;1958;10;eded;1.4399998188018799
Vehicle_11;8825432;1959;10;eded;1.4399998188018799
Vehicle_11;8825432;1960;10;ede;1.4219999313354492
Vehicle_11;8825432;1961;10;ed;1.4219999313354492
Vehicle_11;8825432;1962;10;e;1.4219999313354492
Vehicle_11;8825432;1963;10;e;1.4219999313354492
Vehicle_11;8825432;1964;10;e;1.4219999313354492
Vehicle_11;8825432;1965;10;e;1.4219999313354492
Vehicle_11;8825432;1966;10;ed;1.4219999313354492
Vehicle_11;8825432;1967;10;ed;1.4219999313354492
Vehicle_11;8825432;1968;10;e;1.4219999313354492
Vehicle_11;8825432;1969;10;ede;1.4219999313354492
Vehicle_11;8825432;1970;10;ede;1.4219999313354492
Vehicle_11;8825432;1971;10;ede;1.4219999313354492
Vehicle_11;8825432;1972;10;ede;1.4219999313354492
Vehicle_11;8825432;1973;10;e;1.4219999313354492
Vehicle_11;8825432;1974;10;ed;1.4240000247955322
Vehicle_11;8825432;1975;10;ed;1.4240000247955322
Vehicle_11;8825432;1976;10;e;1.4240000247955322
Vehicle_11;8825432;1977;10;e;1.4240000247955322
Vehicle_11;8825432;1978;10;e;1.4240000247955322
Vehicle_11;8825432;1979;10;ed;1.4240000247955322
Vehicle_11;8825432;1980;10;ed;1.4240000247955322
Vehicle_11;8825432;1981;10;ed;1.4240000247955322
Vehicle_11;8825432;1982;10;e;1.4240000247955322
Vehicle_11;8825432;1983;10;e;1.4229998588562012
Vehicle_11;8825432;1984;10;e;1.4229998588562012
Vehicle_11;8825432;1985;10;edede;1.4229998588562012
Vehicle_11;8825432;1986;10;edede;1.4229998588562012
Vehicle_11;8825432;1987;10;edede;1.4229998588562012
Vehicle_11;8825432;1988;10;ededed;1.4229998588562012
Vehicle_11;8825432;1989;10;e;1.4229998588562012
Vehicle_11;8825432;1990;10;e;1.4229998588562012
Vehicle_11;8825432;1991;10;e;1.4229998588562012
Vehicle_11;8825432;1992;10;e;1.4219999313354492
Vehicle_11;8825432;1993;10;e;1.4219999313354492
Vehicle_11;8825432;1994;10;ede;1.4219999313354492
Vehicle_11;8825432;1995;10;ede;1.4229998588562012
Vehicle_11;8825432;1996;10;e;1.4229998588562012
Vehicle_11;8825432;1997;10;e;1.4229998588562012
Vehicle_11;8825432;1998;10;e;1.4229998588562012
Vehicle_11;8825432;1999;10;e;1.4229998588562012
Vehicle_11;8825432;2000;10;e;1.4229998588562012
Vehicle_11;8825432;2001;10;e;1.4229998588562012
Vehicle_11;8825432;2002;10;e;1.4229998588562012
Vehicle_11;8825432;2003;10;e;1.4229998588562012
Vehicle_11;8825432;2004;10;e;1.4219999313354492
Vehicle_11;8825432;2005;10;e;1.4219999313354492
Vehicle_11;8825432;2006;10;e;1.4219999313354492
Vehicle_11;8825432;2007;10;e;1.4219999313354492
Vehicle_11;8825432;2008;10;e;1.4219999313354492
Vehicle_11;8825432;2009;10;e;1.4219999313354492
Vehicle_11;8825432;2010;10;e;1.4219999313354492
Vehicle_11;8825432;2011;10;e;1.4219999313354492
Vehicle_11;8825432;2012;10;ede;1.4219999313354492
Vehicle_11;8825432;2013;10;ed;1.437999963760376
Vehicle_11;8825432;2014;10;ede;1.437999963760376
Vehicle_11;8825432;2015;10;e;1.437999963760376
Vehicle_11;8825432;2016;10;e;1.437999963760376
Vehicle_11;8825432;2017;10;e;1.437999963760376
Vehicle_11;8825432;2018;10;e;1.437999963760376
Vehicle_11;8825432;2019;10;e;1.437999963760376
Vehicle_11;8825432;2020;10;e;1.437999963760376
Vehicle_11;8825432;2021;10;e;1.437999963760376
Vehicle_11;8825432;2022;10;e;1.440000057220459
Vehicle_11;8825432;2023;10;e;1.440000057220459
Vehicle_11;8825432;2024;10;e;1.440000057220459
Vehicle_11;8825432;2025;10;e;1.440000057220459
Vehicle_11;8825432;2026;10;e;1.440000057220459
Vehicle_11;8825432;2027;10;e;1.440000057220459
Vehicle_11;8825432;2028;10;e;1.440000057220459
Vehicle_11;8825432;2029;10;ede;1.440000057220459
Vehicle_11;8825432;2030;10;ed;1.440000057220459
Vehicle_11;8825432;2031;10;ed;1.4210000038146973
Vehicle_11;8825432;2032;10;ede;1.4210000038146973
Vehicle_11;8825432;2033;10;ede;1.4210000038146973
Vehicle_11;8825432;2034;10;e;1.4210000038146973
Vehicle_11;8825432;2035;10;e;1.4210000038146973
Vehicle_11;8825432;2036;10;e;1.4210000038146973
Vehicle_11;8825432;2037;10;e8;1.4210000038146973
Vehicle_11;8825432;2038;10;eda;1.4210000038146973
Vehicle_11;8825432;2039;10;eda48;1.4210000038146973
Vehicle_11;8825432;2040;10;eda48;1.4229998588562012
Vehicle_11;8825432;2041;10;a481;1.4229998588562012
Vehicle_11;8825432;2042;10;b7a1248;1.4229998588562012
Vehicle_11;8825432;2043;10;a12;1.4229998588562012
Vehicle_11;8825432;2044;10;a48121;1.4229998588562012
Vehicle_11;8825432;2045;10;48121;1.4229998588562012
Vehicle_11;8825432;2046;10;b212;1.4229998588562012
Vehicle_11;8825432;2047;10;ede;1.4229998588562012
Vehicle_11;8825432;2048;10;ede9;1.4229998588562012
Vehicle_11;8825432;2049;10;eda1;1.4210000038146973
Vehicle_11;8825432;2050;10;e921;1.4210000038146973
Vehicle_11;8825432;2051;10;ede9212;1.4210000038146973
Vehicle_11;8825432;2052;10;eda1216;1.4210000038146973
Vehicle_11;8825432;2053;10;a1216;1.4210000038146973
Vehicle_11;8825432;2054;10;a1216d;1.4210000038146973
Vehicle_11;8825432;2055;10;a497edb;1.4210000038146973
Vehicle_11;8825432;2056;10;b681248;1.4210000038146973
Vehicle_11;8825432;2057;10;eda12;1.4210000038146973
Vehicle_11;8825432;2058;10;e9212;1.4210000038146973
Vehicle_11;8825432;2059;10;a1212;1.4210000038146973
Vehicle_11;8825432;2060;10;eda4db;1.4210000038146973
Vehicle_11;8825432;2061;10;e84849;1.4240000247955322
Vehicle_11;8825432;2062;10;eda5b2;1.4240000247955322
Vehicle_11;8825432;2063;10;e8492;1.4240000247955322
Vehicle_11;8825432;2064;10;a5a16;1.4240000247955322
Vehicle_11;8825432;2065;10;5a16d;1.4240000247955322
Vehicle_11;8825432;2066;10;a16d;1.4240000247955322
Vehicle_11;8825432;2067;10;a4d;1.4240000247955322
Vehicle_11;8825432;2068;10;7b7a48;1.4240000247955322
Vehicle_11;8825432;2069;10;eda12;1.4240000247955322
Vehicle_11;8825432;2070;10;e921;1.4210000038146973
