vehicle;ride;pos;ws;marker;time_delay
Vehicle_17;8347630;0;10;e;1.6029999256134033
Vehicle_17;8347630;1;10;e;1.6029999256134033
Vehicle_17;8347630;2;10;ede;1.6029999256134033
Vehicle_17;8347630;3;10;ede;1.1389999389648438
Vehicle_17;8347630;4;10;e;1.1389999389648438
Vehicle_17;8347630;5;10;e;1.1389999389648438
Vehicle_17;8347630;6;10;ede;1.1389999389648438
Vehicle_17;8347630;7;10;ede;1.1389999389648438
Vehicle_17;8347630;8;10;edede;1.1389999389648438
Vehicle_17;8347630;9;10;ededede;1.2409999370574951
Vehicle_17;8347630;10;10;ede;1.2409999370574951
Vehicle_17;8347630;11;10;ede;1.2409999370574951
Vehicle_17;8347630;12;10;ede;1.2409999370574951
Vehicle_17;8347630;13;10;ede;1.2409999370574951
Vehicle_17;8347630;14;10;eded;1.2409999370574951
Vehicle_17;8347630;15;10;eded;1.2409999370574951
Vehicle_17;8347630;16;10;ede;1.2409999370574951
Vehicle_17;8347630;17;10;ede;1.2409999370574951
Vehicle_17;8347630;18;10;ed;1.1410000324249268
Vehicle_17;8347630;19;10;ed;1.1410000324249268
Vehicle_17;8347630;20;10;ede;1.1410000324249268
Vehicle_17;8347630;21;10;eded;1.1410000324249268
Vehicle_17;8347630;22;10;ede;1.2020001411437988
Vehicle_17;8347630;23;10;ede;1.2020001411437988
Vehicle_17;8347630;24;10;e;1.2020001411437988
Vehicle_17;8347630;25;10;ed;1.2020001411437988
Vehicle_17;8347630;26;10;ed;1.2020001411437988
Vehicle_17;8347630;27;10;ed;1.2020001411437988
Vehicle_17;8347630;28;10;e;1.2020001411437988
Vehicle_17;8347630;29;10;e;1.2829999923706055
Vehicle_17;8347630;30;10;ed;1.2829999923706055
Vehicle_17;8347630;31;10;ed;1.2829999923706055
Vehicle_17;8347630;32;10;ed;1.2829999923706055
Vehicle_17;8347630;33;10;e;1.3980000019073486
Vehicle_17;8347630;34;10;e;1.3980000019073486
Vehicle_17;8347630;35;10;e;1.3980000019073486
Vehicle_17;8347630;36;10;e;1.3980000019073486
Vehicle_17;8347630;37;10;e;1.3980000019073486
Vehicle_17;8347630;38;10;eded;1.3980000019073486
Vehicle_17;8347630;39;10;ede;1.3980000019073486
Vehicle_17;8347630;40;10;eded;1.3980000019073486
Vehicle_17;8347630;41;10;eded;1.3980000019073486
Vehicle_17;8347630;42;10;edede;1.2179999351501465
Vehicle_17;8347630;43;10;eded;1.2179999351501465
Vehicle_17;8347630;44;10;ede;1.2179999351501465
Vehicle_17;8347630;45;10;ede;1.2179999351501465
Vehicle_17;8347630;46;10;edede;1.1640000343322754
Vehicle_17;8347630;47;10;edede;1.1640000343322754
Vehicle_17;8347630;48;10;edede;1.1640000343322754
Vehicle_17;8347630;49;10;eded;1.1419999599456787
Vehicle_17;8347630;50;10;eded;1.1419999599456787
Vehicle_17;8347630;51;10;eded;1.2189998626708984
Vehicle_17;8347630;52;10;eded;1.2189998626708984
Vehicle_17;8347630;53;10;eded;1.2189998626708984
Vehicle_17;8347630;54;10;eded;1.2189998626708984
Vehicle_17;8347630;55;10;ede;1.4579999446868896
Vehicle_17;8347630;56;10;ede;1.4579999446868896
Vehicle_17;8347630;57;10;ede;1.4579999446868896
Vehicle_17;8347630;58;10;eded;1.4579999446868896
Vehicle_17;8347630;59;10;ede;1.4579999446868896
Vehicle_17;8347630;60;10;ede;1.4579999446868896
Vehicle_17;8347630;61;10;eded;1.4579999446868896
Vehicle_17;8347630;62;10;ede;1.4579999446868896
Vehicle_17;8347630;63;10;eded;1.4579999446868896
Vehicle_17;8347630;64;10;edede;1.2009999752044678
Vehicle_17;8347630;65;10;edede;1.2009999752044678
Vehicle_17;8347630;66;10;edede;1.1400001049041748
Vehicle_17;8347630;67;10;e;1.1400001049041748
Vehicle_17;8347630;68;10;e;1.1400001049041748
Vehicle_17;8347630;69;10;ed;1.1620001792907715
Vehicle_17;8347630;70;10;ed;1.1620001792907715
Vehicle_17;8347630;71;10;ed;1.1620001792907715
Vehicle_17;8347630;72;10;ed;1.1620001792907715
Vehicle_17;8347630;73;10;ed;1.181999921798706
Vehicle_17;8347630;74;10;e;1.181999921798706
Vehicle_17;8347630;75;10;ed;1.181999921798706
Vehicle_17;8347630;76;10;ed;1.181999921798706
Vehicle_17;8347630;77;10;e;1.181999921798706
Vehicle_17;8347630;78;10;e;1.181999921798706
Vehicle_17;8347630;79;10;ede;1.181999921798706
Vehicle_17;8347630;80;10;ede;1.181999921798706
Vehicle_17;8347630;81;10;ede;1.181999921798706
Vehicle_17;8347630;82;10;e;1.1640000343322754
Vehicle_17;8347630;83;10;ed;1.1640000343322754
Vehicle_17;8347630;84;10;ed;1.1640000343322754
Vehicle_17;8347630;85;10;ed;1.1640000343322754
Vehicle_17;8347630;86;10;ed;1.1640000343322754
Vehicle_17;8347630;87;10;e;1.1640000343322754
Vehicle_17;8347630;88;10;e;1.1640000343322754
Vehicle_17;8347630;89;10;e;1.1389999389648438
Vehicle_17;8347630;90;10;e;1.1389999389648438
Vehicle_17;8347630;91;10;eded;1.1389999389648438
Vehicle_17;8347630;92;10;ed;1.1389999389648438
Vehicle_17;8347630;93;10;e;1.1389999389648438
Vehicle_17;8347630;94;10;e;1.1040000915527344
Vehicle_17;8347630;95;10;e;1.1040000915527344
Vehicle_17;8347630;96;10;ed;1.1040000915527344
Vehicle_17;8347630;97;10;ed;1.1040000915527344
Vehicle_17;8347630;98;10;ed;1.3519999980926514
Vehicle_17;8347630;99;10;e;1.3519999980926514
Vehicle_17;8347630;100;10;ed;1.3519999980926514
Vehicle_17;8347630;101;10;ed;1.3519999980926514
Vehicle_17;8347630;102;10;ed;1.3519999980926514
Vehicle_17;8347630;103;10;ed;1.3519999980926514
Vehicle_17;8347630;104;10;e;1.3519999980926514
Vehicle_17;8347630;105;10;e;1.3519999980926514
Vehicle_17;8347630;106;10;ede;1.3519999980926514
Vehicle_17;8347630;107;10;edede;1.182999849319458
Vehicle_17;8347630;108;10;edede;1.182999849319458
Vehicle_17;8347630;109;10;e;1.182999849319458
Vehicle_17;8347630;110;10;e;1.3609998226165771
Vehicle_17;8347630;111;10;e;1.3609998226165771
Vehicle_17;8347630;112;10;e;1.3609998226165771
Vehicle_17;8347630;113;10;e;1.3609998226165771
Vehicle_17;8347630;114;10;e;1.3609998226165771
Vehicle_17;8347630;115;10;e;1.3609998226165771
Vehicle_17;8347630;116;10;ede;1.3609998226165771
Vehicle_17;8347630;117;10;eded;1.3609998226165771
Vehicle_17;8347630;118;10;eded;1.3609998226165771
Vehicle_17;8347630;119;10;ede;1.2590000629425049
Vehicle_17;8347630;120;10;edede;1.2590000629425049
Vehicle_17;8347630;121;10;ededed;1.2590000629425049
Vehicle_17;8347630;122;10;edede;1.2590000629425049
Vehicle_17;8347630;123;10;ededed;1.2590000629425049
Vehicle_17;8347630;124;10;edede;1.2590000629425049
Vehicle_17;8347630;125;10;eded;1.121999979019165
Vehicle_17;8347630;126;10;eded;1.121999979019165
Vehicle_17;8347630;127;10;edede;1.121999979019165
Vehicle_17;8347630;128;10;eded;1.2420001029968262
Vehicle_17;8347630;129;10;e;1.2420001029968262
Vehicle_17;8347630;130;10;e;1.2420001029968262
Vehicle_17;8347630;131;10;ed;1.2420001029968262
Vehicle_17;8347630;132;10;ed;1.2420001029968262
Vehicle_17;8347630;133;10;e;1.2420001029968262
Vehicle_17;8347630;134;10;e;1.2420001029968262
Vehicle_17;8347630;135;10;e;1.2420001029968262
Vehicle_17;8347630;136;10;e;1.2420001029968262
Vehicle_17;8347630;137;10;ed;1.1969997882843018
Vehicle_17;8347630;138;10;ed;1.1969997882843018
Vehicle_17;8347630;139;10;ed;1.0209999084472656
Vehicle_17;8347630;140;10;e;1.2019999027252197
Vehicle_17;8347630;141;10;e;1.2019999027252197
Vehicle_17;8347630;142;10;e;1.2019999027252197
Vehicle_17;8347630;143;10;ed;1.2019999027252197
Vehicle_17;8347630;144;10;ed;1.2019999027252197
Vehicle_17;8347630;145;10;ed;1.2019999027252197
Vehicle_17;8347630;146;10;e;1.2019999027252197
Vehicle_17;8347630;147;10;e;1.2599999904632568
Vehicle_17;8347630;148;10;e;1.2599999904632568
Vehicle_17;8347630;149;10;ede;1.2599999904632568
Vehicle_17;8347630;150;10;ede;1.2599999904632568
Vehicle_17;8347630;151;10;ede;1.2599999904632568
Vehicle_17;8347630;152;10;ede;1.2599999904632568
Vehicle_17;8347630;153;10;ede;1.2599999904632568
Vehicle_17;8347630;154;10;ede;1.2599999904632568
Vehicle_17;8347630;155;10;eded;1.2599999904632568
Vehicle_17;8347630;156;10;ede;1.1549999713897705
Vehicle_17;8347630;157;10;ede;1.1549999713897705
Vehicle_17;8347630;158;10;eded;1.2579998970031738
Vehicle_17;8347630;159;10;ede;1.2579998970031738
Vehicle_17;8347630;160;10;ede;1.2579998970031738
Vehicle_17;8347630;161;10;ede;1.2579998970031738
Vehicle_17;8347630;162;10;e;1.2579998970031738
Vehicle_17;8347630;163;10;ede;1.2579998970031738
Vehicle_17;8347630;164;10;eded;1.2579998970031738
Vehicle_17;8347630;165;10;eded;1.2579998970031738
Vehicle_17;8347630;166;10;ede;1.2579998970031738
Vehicle_17;8347630;167;10;e;1.2000000476837158
Vehicle_17;8347630;168;10;e;1.2000000476837158
Vehicle_17;8347630;169;10;e;1.2000000476837158
Vehicle_17;8347630;170;10;e;1.2000000476837158
Vehicle_17;8347630;171;10;e;1.2000000476837158
Vehicle_17;8347630;172;10;e;1.2000000476837158
Vehicle_17;8347630;173;10;e;1.2220001220703125
Vehicle_17;8347630;174;10;e;1.2220001220703125
Vehicle_17;8347630;175;10;ed;1.2220001220703125
Vehicle_17;8347630;176;10;ed;1.2220001220703125
Vehicle_17;8347630;177;10;e;1.2220001220703125
Vehicle_17;8347630;178;10;e;1.2220001220703125
Vehicle_17;8347630;179;10;e;1.2220001220703125
Vehicle_17;8347630;180;10;ed;1.2220001220703125
Vehicle_17;8347630;181;10;ed;1.2220001220703125
Vehicle_17;8347630;182;10;ed;1.181999921798706
Vehicle_17;8347630;183;10;ed;1.181999921798706
Vehicle_17;8347630;184;10;e;1.181999921798706
Vehicle_17;8347630;185;10;e;1.181999921798706
Vehicle_17;8347630;186;10;ed;1.1579999923706055
Vehicle_17;8347630;187;10;ed;1.1579999923706055
Vehicle_17;8347630;188;10;eded;1.1579999923706055
Vehicle_17;8347630;189;10;eded;1.1440000534057617
Vehicle_17;8347630;190;10;eded;1.1569998264312744
Vehicle_17;8347630;191;10;ed;1.1569998264312744
Vehicle_17;8347630;192;10;ede;1.3339998722076416
Vehicle_17;8347630;193;10;ede;1.3339998722076416
Vehicle_17;8347630;194;10;ed;1.3339998722076416
Vehicle_17;8347630;195;10;ed;1.3339998722076416
Vehicle_17;8347630;196;10;e;1.3339998722076416
Vehicle_17;8347630;197;10;e;1.3339998722076416
Vehicle_17;8347630;198;10;ede;1.3339998722076416
Vehicle_17;8347630;199;10;eded;1.3339998722076416
Vehicle_17;8347630;200;10;edede;1.3339998722076416
Vehicle_17;8347630;201;10;edede;1.2990000247955322
Vehicle_17;8347630;202;10;edede;2.260999917984009
Vehicle_17;8347630;203;10;edede;2.260999917984009
Vehicle_17;8347630;204;10;eded;2.260999917984009
Vehicle_17;8347630;205;10;e;2.260999917984009
Vehicle_17;8347630;206;10;e;2.260999917984009
Vehicle_17;8347630;207;10;e;2.260999917984009
Vehicle_17;8347630;208;10;e;2.260999917984009
Vehicle_17;8347630;209;10;ed;2.260999917984009
Vehicle_17;8347630;210;10;ed;2.260999917984009
Vehicle_17;8347630;211;10;ed;1.6429998874664307
Vehicle_17;8347630;212;10;e;1.6429998874664307
Vehicle_17;8347630;213;10;ede;1.6429998874664307
Vehicle_17;8347630;214;10;ede;1.6429998874664307
Vehicle_17;8347630;215;10;ede;1.2590000629425049
Vehicle_17;8347630;216;10;ede;1.2590000629425049
Vehicle_17;8347630;217;10;ede;1.2590000629425049
Vehicle_17;8347630;218;10;ed;1.2590000629425049
Vehicle_17;8347630;219;10;ed;1.2590000629425049
Vehicle_17;8347630;220;10;e;1.2590000629425049
Vehicle_17;8347630;221;10;e;1.180999994277954
Vehicle_17;8347630;222;10;ed;1.180999994277954
Vehicle_17;8347630;223;10;ed;1.180999994277954
Vehicle_17;8347630;224;10;ed;1.1389999389648438
Vehicle_17;8347630;225;10;e;1.1400001049041748
Vehicle_17;8347630;226;10;e;1.1400001049041748
Vehicle_17;8347630;227;10;e;1.1400001049041748
Vehicle_17;8347630;228;10;e;1.1400001049041748
Vehicle_17;8347630;229;10;ede;1.3020000457763672
Vehicle_17;8347630;230;10;eded;1.3020000457763672
Vehicle_17;8347630;231;10;ed;1.3020000457763672
Vehicle_17;8347630;232;10;ed;1.3020000457763672
Vehicle_17;8347630;233;10;ed;1.3020000457763672
Vehicle_17;8347630;234;10;e;1.3020000457763672
Vehicle_17;8347630;235;10;e;1.3020000457763672
Vehicle_17;8347630;236;10;ede;1.3020000457763672
Vehicle_17;8347630;237;10;e;1.3020000457763672
Vehicle_17;8347630;238;10;ed;1.1579999923706055
Vehicle_17;8347630;239;10;ed;1.1579999923706055
Vehicle_17;8347630;240;10;ed;1.1579999923706055
Vehicle_17;8347630;241;10;ed;1.1579999923706055
Vehicle_17;8347630;242;10;e;1.1579999923706055
Vehicle_17;8347630;243;10;ede;1.1579999923706055
Vehicle_17;8347630;244;10;ede;1.1579999923706055
Vehicle_17;8347630;245;10;edede;1.1579999923706055
Vehicle_17;8347630;246;10;ededed;1.1579999923706055
Vehicle_17;8347630;247;10;edede;1.1400001049041748
Vehicle_17;8347630;248;10;ed;1.1400001049041748
Vehicle_17;8347630;249;10;e;1.1400001049041748
Vehicle_17;8347630;250;10;e;1.1400001049041748
Vehicle_17;8347630;251;10;e;1.1400001049041748
Vehicle_17;8347630;252;10;e;1.1400001049041748
Vehicle_17;8347630;253;10;ede;1.2159998416900635
Vehicle_17;8347630;254;10;ede;1.2159998416900635
Vehicle_17;8347630;255;10;ede;1.2159998416900635
Vehicle_17;8347630;256;10;ede;1.2159998416900635
Vehicle_17;8347630;257;10;ed;1.2159998416900635
Vehicle_17;8347630;258;10;e;1.2159998416900635
Vehicle_17;8347630;259;10;e;1.2589998245239258
Vehicle_17;8347630;260;10;e;1.2589998245239258
Vehicle_17;8347630;261;10;e8;1.2589998245239258
Vehicle_17;8347630;262;10;e;1.6390001773834229
Vehicle_17;8347630;263;10;e;1.6390001773834229
Vehicle_17;8347630;264;10;e;1.6390001773834229
Vehicle_17;8347630;265;10;ed;1.6390001773834229
Vehicle_17;8347630;266;10;ed;1.6390001773834229
Vehicle_17;8347630;267;10;ed;1.6390001773834229
Vehicle_17;8347630;268;10;ed;1.6390001773834229
Vehicle_17;8347630;269;10;e;1.6390001773834229
Vehicle_17;8347630;270;10;ed;1.6390001773834229
Vehicle_17;8347630;271;10;ed;1.4170000553131104
Vehicle_17;8347630;272;10;ed;1.4170000553131104
Vehicle_17;8347630;273;10;e;1.4170000553131104
Vehicle_17;8347630;274;10;e;1.4170000553131104
Vehicle_17;8347630;275;10;e;1.4170000553131104
Vehicle_17;8347630;276;10;e;1.181999921798706
Vehicle_17;8347630;277;10;e;1.181999921798706
Vehicle_17;8347630;278;10;ed;1.181999921798706
Vehicle_17;8347630;279;10;ed;1.181999921798706
Vehicle_17;8347630;280;10;ed;1.181999921798706
Vehicle_17;8347630;281;10;ed;1.181999921798706
Vehicle_17;8347630;282;10;ed;1.181999921798706
Vehicle_17;8347630;283;10;ed;1.181999921798706
Vehicle_17;8347630;284;10;e;1.181999921798706
Vehicle_17;8347630;285;10;e;1.1770000457763672
Vehicle_17;8347630;286;10;e;1.117999792098999
Vehicle_17;8347630;287;10;ed;1.2209999561309814
Vehicle_17;8347630;288;10;ed;1.2209999561309814
Vehicle_17;8347630;289;10;ede;1.2209999561309814
Vehicle_17;8347630;290;10;ede;1.2209999561309814
Vehicle_17;8347630;291;10;ed;1.2209999561309814
Vehicle_17;8347630;292;10;e;1.2209999561309814
Vehicle_17;8347630;293;10;e;1.2209999561309814
Vehicle_17;8347630;294;10;e;1.2209999561309814
Vehicle_17;8347630;295;10;ed;1.2209999561309814
Vehicle_17;8347630;296;10;ed;1.0430002212524414
Vehicle_17;8347630;297;10;ed;1.1979999542236328
Vehicle_17;8347630;298;10;e;1.1979999542236328
Vehicle_17;8347630;299;10;e;2.378000020980835
Vehicle_17;8347630;300;10;e;2.378000020980835
Vehicle_17;8347630;301;10;e;2.378000020980835
Vehicle_17;8347630;302;10;e;2.378000020980835
Vehicle_17;8347630;303;10;e;2.378000020980835
Vehicle_17;8347630;304;10;ed;2.378000020980835
Vehicle_17;8347630;305;10;ed;2.378000020980835
Vehicle_17;8347630;306;10;ed;2.378000020980835
Vehicle_17;8347630;307;10;e;2.378000020980835
Vehicle_17;8347630;308;10;e;1.0989999771118164
Vehicle_17;8347630;309;10;e;1.2790000438690186
Vehicle_17;8347630;310;10;e;1.2790000438690186
Vehicle_17;8347630;311;10;eded;1.2790000438690186
Vehicle_17;8347630;312;10;eded;1.2790000438690186
Vehicle_17;8347630;313;10;ede;1.2999999523162842
Vehicle_17;8347630;314;10;e;1.2999999523162842
Vehicle_17;8347630;315;10;e;1.2999999523162842
Vehicle_17;8347630;316;10;e;1.2999999523162842
Vehicle_17;8347630;317;10;e;1.2999999523162842
Vehicle_17;8347630;318;10;ed;1.2999999523162842
Vehicle_17;8347630;319;10;ed;1.2999999523162842
Vehicle_17;8347630;320;10;ed;1.2999999523162842
Vehicle_17;8347630;321;10;e;1.2999999523162842
Vehicle_17;8347630;322;10;e;1.1630001068115234
Vehicle_17;8347630;323;10;e;1.1630001068115234
Vehicle_17;8347630;324;10;e;1.1979999542236328
Vehicle_17;8347630;325;10;e;1.1979999542236328
Vehicle_17;8347630;326;10;e;1.1979999542236328
Vehicle_17;8347630;327;10;e;1.2779998779296875
Vehicle_17;8347630;328;10;e;1.2779998779296875
Vehicle_17;8347630;329;10;e;1.2779998779296875
Vehicle_17;8347630;330;10;e;1.2779998779296875
Vehicle_17;8347630;331;10;e;1.2779998779296875
Vehicle_17;8347630;332;10;ed;1.2779998779296875
Vehicle_17;8347630;333;10;ede;1.2779998779296875
Vehicle_17;8347630;334;10;ede;1.2779998779296875
Vehicle_17;8347630;335;10;ede;1.2779998779296875
Vehicle_17;8347630;336;10;ed;1.2359998226165771
Vehicle_17;8347630;337;10;e;1.2359998226165771
Vehicle_17;8347630;338;10;e;1.2359998226165771
Vehicle_17;8347630;339;10;e;1.2589998245239258
Vehicle_17;8347630;340;10;e;1.2589998245239258
Vehicle_17;8347630;341;10;e;1.2589998245239258
Vehicle_17;8347630;342;10;e;1.2589998245239258
Vehicle_17;8347630;343;10;e;1.2589998245239258
Vehicle_17;8347630;344;10;e;1.2589998245239258
Vehicle_17;8347630;345;10;e;1.2589998245239258
Vehicle_17;8347630;346;10;e;1.2589998245239258
Vehicle_17;8347630;347;10;e;1.2589998245239258
Vehicle_17;8347630;348;10;ede;1.2190001010894775
Vehicle_17;8347630;349;10;ede;1.2190001010894775
Vehicle_17;8347630;350;10;eded;1.2190001010894775
Vehicle_17;8347630;351;10;ede;1.2190001010894775
Vehicle_17;8347630;352;10;ede;1.2190001010894775
Vehicle_17;8347630;353;10;ede;1.2190001010894775
Vehicle_17;8347630;354;10;ede;1.2190001010894775
Vehicle_17;8347630;355;10;eded;1.1579999923706055
Vehicle_17;8347630;356;10;e;1.1579999923706055
Vehicle_17;8347630;357;10;e;1.1589999198913574
Vehicle_17;8347630;358;10;ed;1.1589999198913574
Vehicle_17;8347630;359;10;ed;1.1589999198913574
Vehicle_17;8347630;360;10;ed;1.1589999198913574
Vehicle_17;8347630;361;10;e;1.1589999198913574
Vehicle_17;8347630;362;10;e;1.1589999198913574
Vehicle_17;8347630;363;10;e;1.1589999198913574
Vehicle_17;8347630;364;10;ed;1.1589999198913574
Vehicle_17;8347630;365;10;ed;1.1589999198913574
Vehicle_17;8347630;366;10;ed;1.1380000114440918
Vehicle_17;8347630;367;10;e;1.1380000114440918
Vehicle_17;8347630;368;10;e;1.1380000114440918
Vehicle_17;8347630;369;10;ede;1.1380000114440918
Vehicle_17;8347630;370;10;ed;1.1380000114440918
Vehicle_17;8347630;371;10;eded;1.0789999961853027
Vehicle_17;8347630;372;10;ede;1.0789999961853027
Vehicle_17;8347630;373;10;e;1.2009999752044678
Vehicle_17;8347630;374;10;eded;1.2009999752044678
Vehicle_17;8347630;375;10;ed;1.2009999752044678
Vehicle_17;8347630;376;10;e;1.2009999752044678
Vehicle_17;8347630;377;10;e;1.2009999752044678
Vehicle_17;8347630;378;10;e;1.2009999752044678
Vehicle_17;8347630;379;10;e;1.2009999752044678
Vehicle_17;8347630;380;10;e8;1.2009999752044678
Vehicle_17;8347630;381;10;e8;1.2009999752044678
Vehicle_17;8347630;382;10;e8;1.0989999771118164
Vehicle_17;8347630;383;10;e;1.0989999771118164
Vehicle_17;8347630;384;10;e;1.0810000896453857
Vehicle_17;8347630;385;10;e;1.0810000896453857
Vehicle_17;8347630;386;10;ed;1.2369999885559082
Vehicle_17;8347630;387;10;ed;1.2369999885559082
Vehicle_17;8347630;388;10;ed;1.2369999885559082
Vehicle_17;8347630;389;10;e;1.2369999885559082
Vehicle_17;8347630;390;10;e;1.2369999885559082
Vehicle_17;8347630;391;10;e;1.2369999885559082
Vehicle_17;8347630;392;10;e;1.2369999885559082
Vehicle_17;8347630;393;10;e;1.2369999885559082
Vehicle_17;8347630;394;10;ed;1.2369999885559082
Vehicle_17;8347630;395;10;ed;1.561999797821045
Vehicle_17;8347630;396;10;ed;1.561999797821045
Vehicle_17;8347630;397;10;e;1.561999797821045
Vehicle_17;8347630;398;10;e;1.561999797821045
Vehicle_17;8347630;399;10;e;1.561999797821045
Vehicle_17;8347630;400;10;e;1.561999797821045
Vehicle_17;8347630;401;10;e;1.561999797821045
Vehicle_17;8347630;402;10;e;1.561999797821045
Vehicle_17;8347630;403;10;e;1.561999797821045
Vehicle_17;8347630;404;10;ede;1.0799999237060547
Vehicle_17;8347630;405;10;ede;1.0799999237060547
Vehicle_17;8347630;406;10;edede;1.0799999237060547
Vehicle_17;8347630;407;10;edede;1.0800001621246338
Vehicle_17;8347630;408;10;ede;1.0800001621246338
Vehicle_17;8347630;409;10;ed;1.0949997901916504
Vehicle_17;8347630;410;10;e;1.0949997901916504
Vehicle_17;8347630;411;10;e;1.0949997901916504
Vehicle_17;8347630;412;10;e;1.0949997901916504
Vehicle_17;8347630;413;10;e;1.0949997901916504
Vehicle_17;8347630;414;10;ed;1.0949997901916504
Vehicle_17;8347630;415;10;ed;1.0949997901916504
Vehicle_17;8347630;416;10;ed;1.1370000839233398
Vehicle_17;8347630;417;10;ed;1.1370000839233398
Vehicle_17;8347630;418;10;e;1.1370000839233398
Vehicle_17;8347630;419;10;e;1.1370000839233398
Vehicle_17;8347630;420;10;e;1.1370000839233398
Vehicle_17;8347630;421;10;e;1.1370000839233398
Vehicle_17;8347630;422;10;e;1.1370000839233398
Vehicle_17;8347630;423;10;e;1.1370000839233398
Vehicle_17;8347630;424;10;e;1.1370000839233398
Vehicle_17;8347630;425;10;e;1.1159999370574951
Vehicle_17;8347630;426;10;ed;1.1159999370574951
Vehicle_17;8347630;427;10;e;1.1159999370574951
Vehicle_17;8347630;428;10;e;1.1159999370574951
Vehicle_17;8347630;429;10;e;1.1159999370574951
Vehicle_17;8347630;430;10;e;1.062000036239624
Vehicle_17;8347630;431;10;e;1.062000036239624
Vehicle_17;8347630;432;10;e;1.062000036239624
Vehicle_17;8347630;433;10;e;1.1579999923706055
Vehicle_17;8347630;434;10;ede;1.1579999923706055
Vehicle_17;8347630;435;10;ede;1.1579999923706055
Vehicle_17;8347630;436;10;eded;1.1579999923706055
Vehicle_17;8347630;437;10;eded;1.1579999923706055
Vehicle_17;8347630;438;10;ede;1.1579999923706055
Vehicle_17;8347630;439;10;ede;1.2179999351501465
Vehicle_17;8347630;440;10;ede;1.2179999351501465
Vehicle_17;8347630;441;10;ed;1.2179999351501465
Vehicle_17;8347630;442;10;ed;1.2179999351501465
Vehicle_17;8347630;443;10;ed;1.2179999351501465
Vehicle_17;8347630;444;10;ed;1.2179999351501465
Vehicle_17;8347630;445;10;ed;1.2179999351501465
Vehicle_17;8347630;446;10;ed;1.2179999351501465
Vehicle_17;8347630;447;10;e;1.2179999351501465
Vehicle_17;8347630;448;10;e;1.1779999732971191
Vehicle_17;8347630;449;10;e;1.1779999732971191
Vehicle_17;8347630;450;10;e;1.1779999732971191
Vehicle_17;8347630;451;10;e;1.1779999732971191
Vehicle_17;8347630;452;10;e;1.1949999332427979
Vehicle_17;8347630;453;10;e;1.1949999332427979
Vehicle_17;8347630;454;10;e;1.1949999332427979
Vehicle_17;8347630;455;10;ede;1.1949999332427979
Vehicle_17;8347630;456;10;ede;1.1949999332427979
Vehicle_17;8347630;457;10;ed;1.1949999332427979
Vehicle_17;8347630;458;10;ed;1.1949999332427979
Vehicle_17;8347630;459;10;ed;1.1949999332427979
Vehicle_17;8347630;460;10;e;1.1949999332427979
Vehicle_17;8347630;461;10;e;1.066999912261963
Vehicle_17;8347630;462;10;e;1.066999912261963
Vehicle_17;8347630;463;10;ed;1.066999912261963
Vehicle_17;8347630;464;10;ed;1.066999912261963
Vehicle_17;8347630;465;10;ed;1.066999912261963
Vehicle_17;8347630;466;10;ed;1.066999912261963
Vehicle_17;8347630;467;10;e;1.119999885559082
Vehicle_17;8347630;468;10;e;1.119999885559082
Vehicle_17;8347630;469;10;e;1.119999885559082
Vehicle_17;8347630;470;10;e;1.119999885559082
Vehicle_17;8347630;471;10;e;1.119999885559082
Vehicle_17;8347630;472;10;e;1.119999885559082
Vehicle_17;8347630;473;10;e;1.119999885559082
Vehicle_17;8347630;474;10;e;1.119999885559082
Vehicle_17;8347630;475;10;ed;1.119999885559082
Vehicle_17;8347630;476;10;ed;1.11899995803833
Vehicle_17;8347630;477;10;ede;1.11899995803833
Vehicle_17;8347630;478;10;ede;1.11899995803833
Vehicle_17;8347630;479;10;ede;1.062000036239624
Vehicle_17;8347630;480;10;ede;1.0380001068115234
Vehicle_17;8347630;481;10;ede;1.0380001068115234
Vehicle_17;8347630;482;10;ed;1.0409998893737793
Vehicle_17;8347630;483;10;ede;1.0409998893737793
Vehicle_17;8347630;484;10;ede;1.0409998893737793
Vehicle_17;8347630;485;10;ede;1.0409998893737793
Vehicle_17;8347630;486;10;e;1.2180001735687256
Vehicle_17;8347630;487;10;e;1.2180001735687256
Vehicle_17;8347630;488;10;e;1.2180001735687256
Vehicle_17;8347630;489;10;e;1.2180001735687256
Vehicle_17;8347630;490;10;e;1.2180001735687256
Vehicle_17;8347630;491;10;e;1.2180001735687256
Vehicle_17;8347630;492;10;e;1.2180001735687256
Vehicle_17;8347630;493;10;e;1.2180001735687256
Vehicle_17;8347630;494;10;e;1.2180001735687256
Vehicle_17;8347630;495;10;ede;1.2000000476837158
Vehicle_17;8347630;496;10;e;6.017999887466431
Vehicle_17;8347630;497;10;e;6.017999887466431
Vehicle_17;8347630;498;10;e;6.017999887466431
Vehicle_17;8347630;499;10;e;6.017999887466431
Vehicle_17;8347630;500;10;e;6.017999887466431
Vehicle_17;8347630;501;10;e;6.017999887466431
Vehicle_17;8347630;502;10;e;6.017999887466431
Vehicle_17;8347630;503;10;e;6.017999887466431
Vehicle_17;8347630;504;10;ed;6.017999887466431
Vehicle_17;8347630;505;10;ed;1.056999921798706
Vehicle_17;8347630;506;10;ed;1.2780001163482666
Vehicle_17;8347630;507;10;e;1.2780001163482666
Vehicle_17;8347630;508;10;e;1.2780001163482666
Vehicle_17;8347630;509;10;e;1.2780001163482666
Vehicle_17;8347630;510;10;ed;1.2780001163482666
Vehicle_17;8347630;511;10;ed;1.2780001163482666
Vehicle_17;8347630;512;10;e;1.2780001163482666
Vehicle_17;8347630;513;10;e;1.2780001163482666
Vehicle_17;8347630;514;10;e;1.2780001163482666
Vehicle_17;8347630;515;10;ede;1.1820001602172852
Vehicle_17;8347630;516;10;ede;1.1820001602172852
Vehicle_17;8347630;517;10;eded;1.1820001602172852
Vehicle_17;8347630;518;10;e;1.3610000610351562
Vehicle_17;8347630;519;10;e;1.3610000610351562
Vehicle_17;8347630;520;10;e;1.3610000610351562
Vehicle_17;8347630;521;10;e;1.3610000610351562
Vehicle_17;8347630;522;10;e;1.3610000610351562
Vehicle_17;8347630;523;10;e;1.3610000610351562
Vehicle_17;8347630;524;10;e;1.3610000610351562
Vehicle_17;8347630;525;10;e;1.3610000610351562
Vehicle_17;8347630;526;10;e;1.3610000610351562
Vehicle_17;8347630;527;10;ede;1.1380000114440918
Vehicle_17;8347630;528;10;ede;1.1380000114440918
Vehicle_17;8347630;529;10;eded;1.1560001373291016
Vehicle_17;8347630;530;10;ede;1.1560001373291016
Vehicle_17;8347630;531;10;ede;1.8490002155303955
Vehicle_17;8347630;532;10;ed;1.8490002155303955
Vehicle_17;8347630;533;10;e;1.8490002155303955
Vehicle_17;8347630;534;10;e;1.8490002155303955
Vehicle_17;8347630;535;10;e;1.8490002155303955
Vehicle_17;8347630;536;10;e;1.8490002155303955
Vehicle_17;8347630;537;10;e;1.8490002155303955
Vehicle_17;8347630;538;10;e;1.8490002155303955
Vehicle_17;8347630;539;10;e;1.8490002155303955
Vehicle_17;8347630;540;10;e;1.2230000495910645
Vehicle_17;8347630;541;10;e;1.2230000495910645
Vehicle_17;8347630;542;10;e;1.2230000495910645
Vehicle_17;8347630;543;10;e;1.2230000495910645
Vehicle_17;8347630;544;10;edede;1.2230000495910645
Vehicle_17;8347630;545;10;ededed;2.059000015258789
Vehicle_17;8347630;546;10;edede;2.059000015258789
Vehicle_17;8347630;547;10;ed;2.059000015258789
Vehicle_17;8347630;548;10;e;2.059000015258789
Vehicle_17;8347630;549;10;e;2.059000015258789
Vehicle_17;8347630;550;10;e;2.059000015258789
Vehicle_17;8347630;551;10;ed;2.059000015258789
Vehicle_17;8347630;552;10;ed;2.059000015258789
Vehicle_17;8347630;553;10;e;2.059000015258789
Vehicle_17;8347630;554;10;e;1.0799999237060547
Vehicle_17;8347630;555;10;e;1.0799999237060547
Vehicle_17;8347630;556;10;ede;1.2390000820159912
Vehicle_17;8347630;557;10;ede;1.5
Vehicle_17;8347630;558;10;ede;1.5
Vehicle_17;8347630;559;10;de;1.5
Vehicle_17;8347630;560;10;de;1.5
Vehicle_17;8347630;561;10;ede;1.5
Vehicle_17;8347630;562;10;ede;1.5
Vehicle_17;8347630;563;10;ede;1.5
Vehicle_17;8347630;564;10;e;1.5
Vehicle_17;8347630;565;10;e;1.5
Vehicle_17;8347630;566;10;ed;1.0989999771118164
Vehicle_17;8347630;567;10;ed;1.1389999389648438
Vehicle_17;8347630;568;10;ed;1.1389999389648438
Vehicle_17;8347630;569;10;ed;1.1389999389648438
Vehicle_17;8347630;570;10;e;1.1389999389648438
Vehicle_17;8347630;571;10;e;1.1389999389648438
Vehicle_17;8347630;572;10;ede;1.1389999389648438
Vehicle_17;8347630;573;10;ede;1.2590000629425049
Vehicle_17;8347630;574;10;ed;1.2590000629425049
Vehicle_17;8347630;575;10;e;1.2590000629425049
Vehicle_17;8347630;576;10;e;1.2839999198913574
Vehicle_17;8347630;577;10;e;1.2839999198913574
Vehicle_17;8347630;578;10;e;1.2839999198913574
Vehicle_17;8347630;579;10;ededed;1.2839999198913574
Vehicle_17;8347630;580;10;edede;1.2839999198913574
Vehicle_17;8347630;581;10;e;1.2839999198913574
Vehicle_17;8347630;582;10;e;1.2839999198913574
Vehicle_17;8347630;583;10;e;1.2839999198913574
Vehicle_17;8347630;584;10;ede;1.2839999198913574
Vehicle_17;8347630;585;10;ede;1.1579999923706055
Vehicle_17;8347630;586;10;ede;1.1579999923706055
Vehicle_17;8347630;587;10;edede;1.1579999923706055
Vehicle_17;8347630;588;10;deded;1.1579999923706055
Vehicle_17;8347630;589;10;ede;1.1579999923706055
Vehicle_17;8347630;590;10;ed;1.061999797821045
Vehicle_17;8347630;591;10;e;1.0380001068115234
Vehicle_17;8347630;592;10;e;1.123000144958496
Vehicle_17;8347630;593;10;ed;1.123000144958496
Vehicle_17;8347630;594;10;ed;1.123000144958496
Vehicle_17;8347630;595;10;de;1.123000144958496
Vehicle_17;8347630;596;10;e;1.123000144958496
Vehicle_17;8347630;597;10;e;1.1399998664855957
Vehicle_17;8347630;598;10;e;1.1399998664855957
Vehicle_17;8347630;599;10;e8;1.1399998664855957
Vehicle_17;8347630;600;10;e;1.1399998664855957
Vehicle_17;8347630;601;10;e;1.1399998664855957
Vehicle_17;8347630;602;10;e;1.1399998664855957
Vehicle_17;8347630;603;10;e;1.1399998664855957
Vehicle_17;8347630;604;10;e;1.1399998664855957
Vehicle_17;8347630;605;10;ede;1.1399998664855957
Vehicle_17;8347630;606;10;edede;1.121000051498413
Vehicle_17;8347630;607;10;ede;1.121000051498413
Vehicle_17;8347630;608;10;eded;1.121000051498413
Vehicle_17;8347630;609;10;eded;1.1630001068115234
Vehicle_17;8347630;610;10;ede;1.1630001068115234
Vehicle_17;8347630;611;10;eded;1.3369998931884766
Vehicle_17;8347630;612;10;eded;1.3369998931884766
Vehicle_17;8347630;613;10;ede;1.3369998931884766
Vehicle_17;8347630;614;10;eded;1.3369998931884766
Vehicle_17;8347630;615;10;edede;1.3369998931884766
Vehicle_17;8347630;616;10;eded;1.3369998931884766
Vehicle_17;8347630;617;10;ede;1.3369998931884766
Vehicle_17;8347630;618;10;eded;1.3369998931884766
Vehicle_17;8347630;619;10;ede;1.3369998931884766
Vehicle_17;8347630;620;10;ede;1.2000000476837158
Vehicle_17;8347630;621;10;ede;1.2000000476837158
Vehicle_17;8347630;622;10;eded;1.2000000476837158
Vehicle_17;8347630;623;10;ede;1.2000000476837158
Vehicle_17;8347630;624;10;ede;1.2000000476837158
Vehicle_17;8347630;625;10;eded;1.2000000476837158
Vehicle_17;8347630;626;10;ede;1.1579999923706055
Vehicle_17;8347630;627;10;e;1.1579999923706055
Vehicle_17;8347630;628;10;ed;1.1579999923706055
Vehicle_17;8347630;629;10;ed;1.1579999923706055
Vehicle_17;8347630;630;10;ed;1.1579999923706055
Vehicle_17;8347630;631;10;ed;1.1579999923706055
Vehicle_17;8347630;632;10;ede;1.2000000476837158
Vehicle_17;8347630;633;10;ede;1.2000000476837158
Vehicle_17;8347630;634;10;ed;1.2000000476837158
Vehicle_17;8347630;635;10;ede;1.2000000476837158
Vehicle_17;8347630;636;10;ede;1.2000000476837158
Vehicle_17;8347630;637;10;ed;1.2000000476837158
Vehicle_17;8347630;638;10;ede;1.2000000476837158
Vehicle_17;8347630;639;10;eded;1.2000000476837158
Vehicle_17;8347630;640;10;ed;1.2000000476837158
Vehicle_17;8347630;641;10;ede;1.1979999542236328
Vehicle_17;8347630;642;10;ede;1.1979999542236328
Vehicle_17;8347630;643;10;ed;1.11899995803833
Vehicle_17;8347630;644;10;ed;1.11899995803833
Vehicle_17;8347630;645;10;ed;1.2430000305175781
Vehicle_17;8347630;646;10;e;1.2430000305175781
Vehicle_17;8347630;647;10;e;1.2430000305175781
Vehicle_17;8347630;648;10;e;1.2430000305175781
Vehicle_17;8347630;649;10;e;1.2430000305175781
Vehicle_17;8347630;650;10;e;1.2430000305175781
Vehicle_17;8347630;651;10;e;1.2430000305175781
Vehicle_17;8347630;652;10;e;1.2430000305175781
Vehicle_17;8347630;653;10;e;1.2430000305175781
Vehicle_17;8347630;654;10;e;1.0970001220703125
Vehicle_17;8347630;655;10;e;1.1770000457763672
Vehicle_17;8347630;656;10;e;1.1770000457763672
Vehicle_17;8347630;657;10;e;1.3399999141693115
Vehicle_17;8347630;658;10;e;1.3399999141693115
Vehicle_17;8347630;659;10;e;1.3399999141693115
Vehicle_17;8347630;660;10;e;1.3399999141693115
Vehicle_17;8347630;661;10;e;13.219000101089478
Vehicle_17;8347630;662;10;e8;13.219000101089478
Vehicle_17;8347630;663;10;e8;13.219000101089478
Vehicle_17;8347630;664;10;e8;13.219000101089478
Vehicle_17;8347630;665;10;e8;13.219000101089478
Vehicle_17;8347630;666;10;e8;13.219000101089478
Vehicle_17;8347630;667;10;e8;13.219000101089478
Vehicle_17;8347630;668;10;e8;13.219000101089478
Vehicle_17;8347630;669;10;e8;13.219000101089478
Vehicle_17;8347630;670;10;e;1.1410000324249268
Vehicle_17;8347630;671;10;e;1.1410000324249268
Vehicle_17;8347630;672;10;e;1.1410000324249268
Vehicle_17;8347630;673;10;e;1.1410000324249268
Vehicle_17;8347630;674;10;e;1.1410000324249268
Vehicle_17;8347630;675;10;e;1.3010001182556152
Vehicle_17;8347630;676;10;ed;1.3010001182556152
Vehicle_17;8347630;677;10;ed;1.3010001182556152
Vehicle_17;8347630;678;10;ed;1.3010001182556152
Vehicle_17;8347630;679;10;e;1.3010001182556152
Vehicle_17;8347630;680;10;e;1.3010001182556152
Vehicle_17;8347630;681;10;ede;1.3010001182556152
Vehicle_17;8347630;682;10;ed;1.3010001182556152
Vehicle_17;8347630;683;10;e;1.3010001182556152
Vehicle_17;8347630;684;10;e;1.2009999752044678
Vehicle_17;8347630;685;10;e;1.2009999752044678
Vehicle_17;8347630;686;10;e;1.2009999752044678
Vehicle_17;8347630;687;10;ed;1.2009999752044678
Vehicle_17;8347630;688;10;ed;1.2009999752044678
Vehicle_17;8347630;689;10;ed;1.121000051498413
Vehicle_17;8347630;690;10;ed;1.24399995803833
Vehicle_17;8347630;691;10;e;1.24399995803833
Vehicle_17;8347630;692;10;ede;1.24399995803833
Vehicle_17;8347630;693;10;ede;1.24399995803833
Vehicle_17;8347630;694;10;e;2.322999954223633
Vehicle_17;8347630;695;10;e;2.322999954223633
Vehicle_17;8347630;696;10;ed;2.322999954223633
Vehicle_17;8347630;697;10;ed;2.322999954223633
Vehicle_17;8347630;698;10;ede;2.322999954223633
Vehicle_17;8347630;699;10;ede;2.322999954223633
Vehicle_17;8347630;700;10;ede;2.322999954223633
Vehicle_17;8347630;701;10;ede;2.322999954223633
Vehicle_17;8347630;702;10;ede;2.322999954223633
Vehicle_17;8347630;703;10;e;1.253000020980835
Vehicle_17;8347630;704;10;e;1.4700000286102295
Vehicle_17;8347630;705;10;e;1.4700000286102295
Vehicle_17;8347630;706;10;e;1.4700000286102295
Vehicle_17;8347630;707;10;ede;1.4700000286102295
Vehicle_17;8347630;708;10;e;1.4700000286102295
Vehicle_17;8347630;709;10;e;1.4700000286102295
Vehicle_17;8347630;710;10;e;1.4700000286102295
Vehicle_17;8347630;711;10;e;1.4700000286102295
Vehicle_17;8347630;712;10;ede;1.4700000286102295
Vehicle_17;8347630;713;10;ede;1.1410000324249268
Vehicle_17;8347630;714;10;ede;1.1999998092651367
Vehicle_17;8347630;715;10;eded;1.1999998092651367
Vehicle_17;8347630;716;10;eded;1.1999998092651367
Vehicle_17;8347630;717;10;eded;1.1999998092651367
Vehicle_17;8347630;718;10;eded;1.1999998092651367
Vehicle_17;8347630;719;10;ede;1.1999998092651367
Vehicle_17;8347630;720;10;ede;1.1999998092651367
Vehicle_17;8347630;721;10;ede;1.1999998092651367
Vehicle_17;8347630;722;10;e;1.1999998092651367
Vehicle_17;8347630;723;10;e;1.0429999828338623
Vehicle_17;8347630;724;10;ed;1.0220000743865967
Vehicle_17;8347630;725;10;ed;1.0220000743865967
Vehicle_17;8347630;726;10;ed;1.0220000743865967
Vehicle_17;8347630;727;10;ed;1.0220000743865967
Vehicle_17;8347630;728;10;e;1.0210001468658447
Vehicle_17;8347630;729;10;e;1.0210001468658447
Vehicle_17;8347630;730;10;e;1.1999998092651367
Vehicle_17;8347630;731;10;e;1.1999998092651367
Vehicle_17;8347630;732;10;e;1.1999998092651367
Vehicle_17;8347630;733;10;e;1.1999998092651367
Vehicle_17;8347630;734;10;b2;1.1999998092651367
Vehicle_17;8347630;735;10;b2;1.1999998092651367
Vehicle_17;8347630;736;10;b2;1.1999998092651367
Vehicle_17;8347630;737;10;e;1.1999998092651367
Vehicle_17;8347630;738;10;e;1.1999998092651367
Vehicle_17;8347630;739;10;ede;1.0220000743865967
Vehicle_17;8347630;740;10;ede;1.0220000743865967
Vehicle_17;8347630;741;10;e;1.0220000743865967
Vehicle_17;8347630;742;10;ed;1.0209999084472656
Vehicle_17;8347630;743;10;ed;1.056999921798706
Vehicle_17;8347630;744;10;ed;1.056999921798706
Vehicle_17;8347630;745;10;e;1.244999885559082
Vehicle_17;8347630;746;10;e;1.244999885559082
Vehicle_17;8347630;747;10;ed;1.244999885559082
Vehicle_17;8347630;748;10;ed;1.244999885559082
Vehicle_17;8347630;749;10;ed;1.244999885559082
Vehicle_17;8347630;750;10;ed;1.244999885559082
Vehicle_17;8347630;751;10;e;1.244999885559082
Vehicle_17;8347630;752;10;e;1.244999885559082
Vehicle_17;8347630;753;10;e;1.244999885559082
Vehicle_17;8347630;754;10;e;1.1180000305175781
Vehicle_17;8347630;755;10;ed;1.1180000305175781
Vehicle_17;8347630;756;10;ed;1.1180000305175781
Vehicle_17;8347630;757;10;ed;1.1180000305175781
Vehicle_17;8347630;758;10;ed;1.0769999027252197
Vehicle_17;8347630;759;10;ede;1.0769999027252197
Vehicle_17;8347630;760;10;ede;1.1029999256134033
Vehicle_17;8347630;761;10;eded;1.1029999256134033
Vehicle_17;8347630;762;10;eded;1.1029999256134033
Vehicle_17;8347630;763;10;eded;1.1029999256134033
Vehicle_17;8347630;764;10;edede;1.1029999256134033
Vehicle_17;8347630;765;10;eded;1.1029999256134033
Vehicle_17;8347630;766;10;edede;1.1029999256134033
Vehicle_17;8347630;767;10;ed;1.1029999256134033
Vehicle_17;8347630;768;10;ed;1.1029999256134033
Vehicle_17;8347630;769;10;e;1.061000108718872
Vehicle_17;8347630;770;10;e;1.2189998626708984
Vehicle_17;8347630;771;10;e;1.2189998626708984
Vehicle_17;8347630;772;10;e;1.2189998626708984
Vehicle_17;8347630;773;10;e;1.2189998626708984
Vehicle_17;8347630;774;10;e;1.2189998626708984
Vehicle_17;8347630;775;10;e;1.2189998626708984
Vehicle_17;8347630;776;10;e;1.2189998626708984
Vehicle_17;8347630;777;10;e;1.2189998626708984
Vehicle_17;8347630;778;10;e;1.2189998626708984
Vehicle_17;8347630;779;10;ed;1.0989999771118164
Vehicle_17;8347630;780;10;ed;1.2190001010894775
Vehicle_17;8347630;781;10;ed;1.2190001010894775
Vehicle_17;8347630;782;10;e;1.2190001010894775
Vehicle_17;8347630;783;10;e;1.2190001010894775
Vehicle_17;8347630;784;10;e;1.2190001010894775
Vehicle_17;8347630;785;10;e;1.2190001010894775
Vehicle_17;8347630;786;10;e;1.2190001010894775
Vehicle_17;8347630;787;10;e;1.2190001010894775
Vehicle_17;8347630;788;10;ed;1.2190001010894775
Vehicle_17;8347630;789;10;ed;1.0989999771118164
Vehicle_17;8347630;790;10;ed;1.0989999771118164
Vehicle_17;8347630;791;10;ed;1.0989999771118164
Vehicle_17;8347630;792;10;ed;1.0789999961853027
Vehicle_17;8347630;793;10;ed;1.0789999961853027
Vehicle_17;8347630;794;10;e;1.0789999961853027
Vehicle_17;8347630;795;10;e;1.062000036239624
Vehicle_17;8347630;796;10;ed;1.1979999542236328
Vehicle_17;8347630;797;10;ed;1.1979999542236328
Vehicle_17;8347630;798;10;ed;1.2230000495910645
Vehicle_17;8347630;799;10;ed;1.2230000495910645
Vehicle_17;8347630;800;10;ed;1.2230000495910645
Vehicle_17;8347630;801;10;ed;1.2230000495910645
Vehicle_17;8347630;802;10;ed;1.2230000495910645
Vehicle_17;8347630;803;10;e;1.2230000495910645
Vehicle_17;8347630;804;10;e;1.2230000495910645
Vehicle_17;8347630;805;10;e;1.2230000495910645
Vehicle_17;8347630;806;10;e;1.2230000495910645
Vehicle_17;8347630;807;10;e;1.0409998893737793
Vehicle_17;8347630;808;10;e;1.122999906539917
Vehicle_17;8347630;809;10;e;1.122999906539917
Vehicle_17;8347630;810;10;e;1.122999906539917
Vehicle_17;8347630;811;10;e;1.122999906539917
Vehicle_17;8347630;812;10;e;1.122999906539917
Vehicle_17;8347630;813;10;e;1.2240002155303955
Vehicle_17;8347630;814;10;e;1.2240002155303955
Vehicle_17;8347630;815;10;ed;1.2240002155303955
Vehicle_17;8347630;816;10;ed;1.2240002155303955
Vehicle_17;8347630;817;10;e;1.2240002155303955
Vehicle_17;8347630;818;10;e;1.2240002155303955
Vehicle_17;8347630;819;10;e;1.2240002155303955
Vehicle_17;8347630;820;10;e;1.2240002155303955
Vehicle_17;8347630;821;10;ede;1.2240002155303955
Vehicle_17;8347630;822;10;ede;1.120999813079834
Vehicle_17;8347630;823;10;ed;1.120999813079834
Vehicle_17;8347630;824;10;ed;1.121000051498413
Vehicle_17;8347630;825;10;ed;1.121000051498413
Vehicle_17;8347630;826;10;ed;1.2019999027252197
Vehicle_17;8347630;827;10;e;1.2019999027252197
Vehicle_17;8347630;828;10;eded;1.2019999027252197
Vehicle_17;8347630;829;10;edede;1.2019999027252197
Vehicle_17;8347630;830;10;edede;1.2019999027252197
Vehicle_17;8347630;831;10;ede;1.2019999027252197
Vehicle_17;8347630;832;10;ede;1.2019999027252197
Vehicle_17;8347630;833;10;ede;1.2019999027252197
Vehicle_17;8347630;834;10;ede;1.2019999027252197
Vehicle_17;8347630;835;10;eded;1.1589999198913574
Vehicle_17;8347630;836;10;ede;1.1589999198913574
Vehicle_17;8347630;837;10;edede;1.1589999198913574
Vehicle_17;8347630;838;10;ede;1.1589999198913574
Vehicle_17;8347630;839;10;e;1.062000036239624
Vehicle_17;8347630;840;10;e;1.062000036239624
Vehicle_17;8347630;841;10;e;1.062000036239624
Vehicle_17;8347630;842;10;e;1.0980000495910645
Vehicle_17;8347630;843;10;e;1.0980000495910645
Vehicle_17;8347630;844;10;e;1.0980000495910645
Vehicle_17;8347630;845;10;e;1.0980000495910645
Vehicle_17;8347630;846;10;e;1.1389999389648438
Vehicle_17;8347630;847;10;e;1.1399998664855957
Vehicle_17;8347630;848;10;e;1.1399998664855957
Vehicle_17;8347630;849;10;e;1.1399998664855957
Vehicle_17;8347630;850;10;e;1.1399998664855957
Vehicle_17;8347630;851;10;e;1.1399998664855957
Vehicle_17;8347630;852;10;e;1.1399998664855957
Vehicle_17;8347630;853;10;ede;1.1399998664855957
Vehicle_17;8347630;854;10;eded;1.238999843597412
Vehicle_17;8347630;855;10;ed;1.238999843597412
Vehicle_17;8347630;856;10;ed;1.7810001373291016
Vehicle_17;8347630;857;10;e;1.7810001373291016
Vehicle_17;8347630;858;10;e;1.7810001373291016
Vehicle_17;8347630;859;10;e;1.7810001373291016
Vehicle_17;8347630;860;10;e;1.7810001373291016
Vehicle_17;8347630;861;10;ed;1.7810001373291016
Vehicle_17;8347630;862;10;ed;1.7810001373291016
Vehicle_17;8347630;863;10;ed;1.7810001373291016
Vehicle_17;8347630;864;10;ed;1.7810001373291016
Vehicle_17;8347630;865;10;e;1.2000000476837158
Vehicle_17;8347630;866;10;e;1.2000000476837158
Vehicle_17;8347630;867;10;e;1.2000000476837158
Vehicle_17;8347630;868;10;e;1.2000000476837158
Vehicle_17;8347630;869;10;ede;2.177000045776367
Vehicle_17;8347630;870;10;ede;2.177000045776367
Vehicle_17;8347630;871;10;e;2.177000045776367
Vehicle_17;8347630;872;10;ede;2.177000045776367
Vehicle_17;8347630;873;10;eded;2.177000045776367
Vehicle_17;8347630;874;10;edede;2.177000045776367
Vehicle_17;8347630;875;10;ededed;2.177000045776367
Vehicle_17;8347630;876;10;ededed;2.177000045776367
Vehicle_17;8347630;877;10;ede;2.177000045776367
Vehicle_17;8347630;878;10;ededed;1.2999999523162842
Vehicle_17;8347630;879;10;edede;1.2999999523162842
Vehicle_17;8347630;880;10;ed;1.2999999523162842
Vehicle_17;8347630;881;10;e;1.2999999523162842
Vehicle_17;8347630;882;10;e;1.2999999523162842
Vehicle_17;8347630;883;10;e;1.2999999523162842
Vehicle_17;8347630;884;10;e;1.2999999523162842
Vehicle_17;8347630;885;10;ede;1.2999999523162842
Vehicle_17;8347630;886;10;e;1.062000036239624
Vehicle_17;8347630;887;10;ede;1.062000036239624
Vehicle_17;8347630;888;10;e;1.062000036239624
Vehicle_17;8347630;889;10;e;1.062000036239624
Vehicle_17;8347630;890;10;e;1.069000005722046
Vehicle_17;8347630;891;10;ed;1.1689999103546143
Vehicle_17;8347630;892;10;ede;1.1689999103546143
Vehicle_17;8347630;893;10;edede;1.1999998092651367
Vehicle_17;8347630;894;10;ede;1.1999998092651367
Vehicle_17;8347630;895;10;ede;1.1999998092651367
Vehicle_17;8347630;896;10;e;1.1999998092651367
Vehicle_17;8347630;897;10;e;1.1999998092651367
Vehicle_17;8347630;898;10;ede;1.1999998092651367
Vehicle_17;8347630;899;10;ed;1.1999998092651367
Vehicle_17;8347630;900;10;eded;1.1999998092651367
Vehicle_17;8347630;901;10;eded;1.1999998092651367
Vehicle_17;8347630;902;10;edede;1.1999998092651367
Vehicle_17;8347630;903;10;edede;1.1999998092651367
Vehicle_17;8347630;904;10;edede;1.195000171661377
Vehicle_17;8347630;905;10;edede;1.195000171661377
Vehicle_17;8347630;906;10;ededed;1.1399998664855957
Vehicle_17;8347630;907;10;edede;1.1399998664855957
Vehicle_17;8347630;908;10;edededed;1.1399998664855957
Vehicle_17;8347630;909;10;ededede;1.1399998664855957
Vehicle_17;8347630;910;10;ed;1.1399998664855957
Vehicle_17;8347630;911;10;e;1.1399998664855957
Vehicle_17;8347630;912;10;ed;1.121000051498413
Vehicle_17;8347630;913;10;ede;1.121000051498413
Vehicle_17;8347630;914;10;edede;1.121000051498413
Vehicle_17;8347630;915;10;eded;1.1629998683929443
Vehicle_17;8347630;916;10;ede;1.1629998683929443
Vehicle_17;8347630;917;10;e;1.1629998683929443
Vehicle_17;8347630;918;10;e;1.1629998683929443
Vehicle_17;8347630;919;10;e;1.1629998683929443
Vehicle_17;8347630;920;10;e;1.1629998683929443
Vehicle_17;8347630;921;10;e;1.1629998683929443
Vehicle_17;8347630;922;10;e;1.1629998683929443
Vehicle_17;8347630;923;10;ed;1.1629998683929443
Vehicle_17;8347630;924;10;ede;1.1380000114440918
Vehicle_17;8347630;925;10;ede;1.1380000114440918
Vehicle_17;8347630;926;10;e;1.1380000114440918
Vehicle_17;8347630;927;10;e;1.1380000114440918
Vehicle_17;8347630;928;10;e;1.2720000743865967
Vehicle_17;8347630;929;10;e;1.2720000743865967
Vehicle_17;8347630;930;10;e;1.2720000743865967
Vehicle_17;8347630;931;10;e;1.2720000743865967
Vehicle_17;8347630;932;10;e;1.2720000743865967
Vehicle_17;8347630;933;10;e;1.2720000743865967
Vehicle_17;8347630;934;10;e;1.2720000743865967
Vehicle_17;8347630;935;10;e;1.2720000743865967
Vehicle_17;8347630;936;10;e;1.2720000743865967
Vehicle_17;8347630;937;10;e;1.2189998626708984
Vehicle_17;8347630;938;10;ede;1.2189998626708984
Vehicle_17;8347630;939;10;ede;1.2189998626708984
Vehicle_17;8347630;940;10;ede;1.2189998626708984
Vehicle_17;8347630;941;10;e;1.1159999370574951
Vehicle_17;8347630;942;10;e;1.1159999370574951
Vehicle_17;8347630;943;10;ed;1.1159999370574951
Vehicle_17;8347630;944;10;ed;1.1159999370574951
Vehicle_17;8347630;945;10;ed;1.1159999370574951
Vehicle_17;8347630;946;10;ed;1.0799999237060547
Vehicle_17;8347630;947;10;ede;1.1039998531341553
Vehicle_17;8347630;948;10;ed;1.1990001201629639
Vehicle_17;8347630;949;10;ed;1.1990001201629639
Vehicle_17;8347630;950;10;ed;1.1990001201629639
Vehicle_17;8347630;951;10;e;1.1990001201629639
Vehicle_17;8347630;952;10;e;1.1990001201629639
Vehicle_17;8347630;953;10;e;1.1990001201629639
Vehicle_17;8347630;954;10;e;1.2590000629425049
Vehicle_17;8347630;955;10;ed;1.2590000629425049
Vehicle_17;8347630;956;10;edede;1.2590000629425049
Vehicle_17;8347630;957;10;eded;1.2590000629425049
Vehicle_17;8347630;958;10;eded;1.2590000629425049
Vehicle_17;8347630;959;10;ede;1.2590000629425049
Vehicle_17;8347630;960;10;ede;1.2590000629425049
Vehicle_17;8347630;961;10;e;1.2590000629425049
Vehicle_17;8347630;962;10;e;1.2590000629425049
Vehicle_17;8347630;963;10;e;1.0949997901916504
Vehicle_17;8347630;964;10;e;1.0949997901916504
Vehicle_17;8347630;965;10;e;1.2779998779296875
Vehicle_17;8347630;966;10;e;1.2779998779296875
Vehicle_17;8347630;967;10;eded;1.2779998779296875
Vehicle_17;8347630;968;10;ede;1.2779998779296875
Vehicle_17;8347630;969;10;ed;1.2779998779296875
Vehicle_17;8347630;970;10;e;1.2779998779296875
Vehicle_17;8347630;971;10;e;1.2779998779296875
Vehicle_17;8347630;972;10;e;1.2779998779296875
Vehicle_17;8347630;973;10;ede;1.2779998779296875
Vehicle_17;8347630;974;10;ede;1.2250001430511475
Vehicle_17;8347630;975;10;e;1.2250001430511475
Vehicle_17;8347630;976;10;ede;1.2250001430511475
Vehicle_17;8347630;977;10;edede;1.2250001430511475
Vehicle_17;8347630;978;10;ede;1.2250001430511475
Vehicle_17;8347630;979;10;ede;1.2250001430511475
Vehicle_17;8347630;980;10;e;1.2250001430511475
Vehicle_17;8347630;981;10;ed;1.2250001430511475
Vehicle_17;8347630;982;10;ed;1.062000036239624
Vehicle_17;8347630;983;10;ed;1.062000036239624
Vehicle_17;8347630;984;10;e;1.2599999904632568
Vehicle_17;8347630;985;10;e;1.2599999904632568
Vehicle_17;8347630;986;10;ede;1.2599999904632568
Vehicle_17;8347630;987;10;e;1.2599999904632568
Vehicle_17;8347630;988;10;e;1.2599999904632568
Vehicle_17;8347630;989;10;e;1.2599999904632568
Vehicle_17;8347630;990;10;e;1.2599999904632568
Vehicle_17;8347630;991;10;e;1.2599999904632568
Vehicle_17;8347630;992;10;ede;1.2599999904632568
Vehicle_17;8347630;993;10;ede;1.1080000400543213
Vehicle_17;8347630;994;10;ede;1.2000000476837158
Vehicle_17;8347630;995;10;ede;1.2000000476837158
Vehicle_17;8347630;996;10;ede;1.2000000476837158
Vehicle_17;8347630;997;10;e;1.2039999961853027
Vehicle_17;8347630;998;10;e;1.2039999961853027
Vehicle_17;8347630;999;10;e;1.2039999961853027
Vehicle_17;8347630;1000;10;e;1.2039999961853027
Vehicle_17;8347630;1001;10;e;1.2039999961853027
Vehicle_17;8347630;1002;10;edede;1.2039999961853027
Vehicle_17;8347630;1003;10;ede;1.2039999961853027
Vehicle_17;8347630;1004;10;ede;1.2039999961853027
Vehicle_17;8347630;1005;10;eded;1.2039999961853027
Vehicle_17;8347630;1006;10;eded;2.2210001945495605
Vehicle_17;8347630;1007;10;ede;2.2210001945495605
Vehicle_17;8347630;1008;10;ede;2.2210001945495605
Vehicle_17;8347630;1009;10;ed;2.2210001945495605
Vehicle_17;8347630;1010;10;ed;2.2210001945495605
Vehicle_17;8347630;1011;10;ed;2.2210001945495605
Vehicle_17;8347630;1012;10;e;2.2210001945495605
Vehicle_17;8347630;1013;10;e;2.2210001945495605
Vehicle_17;8347630;1014;10;e;2.2210001945495605
Vehicle_17;8347630;1015;10;e;1.121999979019165
Vehicle_17;8347630;1016;10;e;1.121999979019165
Vehicle_17;8347630;1017;10;e;1.121999979019165
Vehicle_17;8347630;1018;10;e;1.1029999256134033
Vehicle_17;8347630;1019;10;e;1.1029999256134033
Vehicle_17;8347630;1020;10;e;1.1399998664855957
Vehicle_17;8347630;1021;10;eded;1.1399998664855957
Vehicle_17;8347630;1022;10;eded;1.1399998664855957
Vehicle_17;8347630;1023;10;eded;1.1399998664855957
Vehicle_17;8347630;1024;10;eded;1.1399998664855957
Vehicle_17;8347630;1025;10;e;1.1399998664855957
Vehicle_17;8347630;1026;10;e;1.1399998664855957
Vehicle_17;8347630;1027;10;edede;1.1399998664855957
Vehicle_17;8347630;1028;10;ededed;1.1399998664855957
Vehicle_17;8347630;1029;10;ededed;1.1389999389648438
Vehicle_17;8347630;1030;10;eded;1.1389999389648438
Vehicle_17;8347630;1031;10;ede;1.1200001239776611
Vehicle_17;8347630;1032;10;eded;1.1200001239776611
Vehicle_17;8347630;1033;10;eded;1.1200001239776611
Vehicle_17;8347630;1034;10;eded;1.1200001239776611
Vehicle_17;8347630;1035;10;ede;1.1200001239776611
Vehicle_17;8347630;1036;10;ed;1.2039999961853027
Vehicle_17;8347630;1037;10;e;1.2039999961853027
Vehicle_17;8347630;1038;10;ed;1.7770001888275146
Vehicle_17;8347630;1039;10;ed;1.7770001888275146
Vehicle_17;8347630;1040;10;ed;1.7770001888275146
Vehicle_17;8347630;1041;10;ed;1.7770001888275146
Vehicle_17;8347630;1042;10;e;1.7770001888275146
Vehicle_17;8347630;1043;10;e;1.7770001888275146
Vehicle_17;8347630;1044;10;ede;1.7770001888275146
Vehicle_17;8347630;1045;10;e;1.7770001888275146
Vehicle_17;8347630;1046;10;e;1.7770001888275146
Vehicle_17;8347630;1047;10;e;1.2179999351501465
Vehicle_17;8347630;1048;10;e;1.2179999351501465
Vehicle_17;8347630;1049;10;e;1.061000108718872
Vehicle_17;8347630;1050;10;e;1.061000108718872
Vehicle_17;8347630;1051;10;ed;1.0390000343322754
Vehicle_17;8347630;1052;10;ed;1.0390000343322754
Vehicle_17;8347630;1053;10;ed;1.1399998664855957
Vehicle_17;8347630;1054;10;e;1.1399998664855957
Vehicle_17;8347630;1055;10;e;1.2000000476837158
Vehicle_17;8347630;1056;10;ede;1.2000000476837158
Vehicle_17;8347630;1057;10;e;1.2000000476837158
Vehicle_17;8347630;1058;10;e;1.2000000476837158
Vehicle_17;8347630;1059;10;e;1.2000000476837158
Vehicle_17;8347630;1060;10;e;1.2000000476837158
Vehicle_17;8347630;1061;10;e;1.2000000476837158
Vehicle_17;8347630;1062;10;ed;1.2000000476837158
Vehicle_17;8347630;1063;10;ede;1.2000000476837158
Vehicle_17;8347630;1064;10;ede;1.1759998798370361
Vehicle_17;8347630;1065;10;ede;1.1759998798370361
Vehicle_17;8347630;1066;10;ede;1.1759998798370361
Vehicle_17;8347630;1067;10;e;1.1759998798370361
Vehicle_17;8347630;1068;10;e;1.1759998798370361
Vehicle_17;8347630;1069;10;e;1.181999921798706
Vehicle_17;8347630;1070;10;ed;1.181999921798706
Vehicle_17;8347630;1071;10;ed;1.181999921798706
Vehicle_17;8347630;1072;10;ed;1.181999921798706
Vehicle_17;8347630;1073;10;ed;1.181999921798706
Vehicle_17;8347630;1074;10;e;1.181999921798706
Vehicle_17;8347630;1075;10;e;1.181999921798706
Vehicle_17;8347630;1076;10;e;1.181999921798706
Vehicle_17;8347630;1077;10;e;1.181999921798706
Vehicle_17;8347630;1078;10;e;1.1399998664855957
Vehicle_17;8347630;1079;10;edede;1.1399998664855957
Vehicle_17;8347630;1080;10;e;1.1399998664855957
Vehicle_17;8347630;1081;10;e;1.1399998664855957
Vehicle_17;8347630;1082;10;e;1.1399998664855957
Vehicle_17;8347630;1083;10;ed;1.1399998664855957
Vehicle_17;8347630;1084;10;ed;1.1399998664855957
Vehicle_17;8347630;1085;10;ed;1.1399998664855957
Vehicle_17;8347630;1086;10;e;1.1030001640319824
Vehicle_17;8347630;1087;10;e;1.0789999961853027
Vehicle_17;8347630;1088;10;e;1.1400001049041748
Vehicle_17;8347630;1089;10;e;1.1400001049041748
Vehicle_17;8347630;1090;10;e;1.1400001049041748
Vehicle_17;8347630;1091;10;e;1.2409999370574951
Vehicle_17;8347630;1092;10;e;1.2409999370574951
Vehicle_17;8347630;1093;10;e;1.2409999370574951
Vehicle_17;8347630;1094;10;ede;1.3179998397827148
Vehicle_17;8347630;1095;10;eded;1.3179998397827148
Vehicle_17;8347630;1096;10;eded;1.3179998397827148
Vehicle_17;8347630;1097;10;ede;1.3179998397827148
Vehicle_17;8347630;1098;10;ede;1.3179998397827148
Vehicle_17;8347630;1099;10;e;1.3179998397827148
Vehicle_17;8347630;1100;10;ede;1.3179998397827148
Vehicle_17;8347630;1101;10;e;1.3179998397827148
Vehicle_17;8347630;1102;10;e8;1.3179998397827148
Vehicle_17;8347630;1103;10;e8;1.0810000896453857
Vehicle_17;8347630;1104;10;e8;1.3020000457763672
Vehicle_17;8347630;1105;10;e84;1.3020000457763672
Vehicle_17;8347630;1106;10;b2;1.3020000457763672
Vehicle_17;8347630;1107;10;b2;1.3020000457763672
Vehicle_17;8347630;1108;10;b2;1.3020000457763672
Vehicle_17;8347630;1109;10;e;1.3020000457763672
Vehicle_17;8347630;1110;10;edede;1.3020000457763672
Vehicle_17;8347630;1111;10;edede;1.3020000457763672
Vehicle_17;8347630;1112;10;eded;1.3020000457763672
Vehicle_17;8347630;1113;10;eded;1.1630001068115234
Vehicle_17;8347630;1114;10;eded;1.1630001068115234
Vehicle_17;8347630;1115;10;ede;1.1630001068115234
Vehicle_17;8347630;1116;10;ede;1.1630001068115234
Vehicle_17;8347630;1117;10;ed;1.1630001068115234
Vehicle_17;8347630;1118;10;ede;1.1630001068115234
Vehicle_17;8347630;1119;10;ede;1.1630001068115234
Vehicle_17;8347630;1120;10;ede;1.1630001068115234
Vehicle_17;8347630;1121;10;ede;1.1559998989105225
Vehicle_17;8347630;1122;10;ed;1.1559998989105225
Vehicle_17;8347630;1123;10;e;1.1559998989105225
Vehicle_17;8347630;1124;10;e;1.1559998989105225
Vehicle_17;8347630;1125;10;ede;1.2000000476837158
Vehicle_17;8347630;1126;10;e;1.2000000476837158
Vehicle_17;8347630;1127;10;e;1.2000000476837158
Vehicle_17;8347630;1128;10;e;1.2000000476837158
Vehicle_17;8347630;1129;10;ede;1.2000000476837158
Vehicle_17;8347630;1130;10;e;1.2000000476837158
Vehicle_17;8347630;1131;10;ede;1.2000000476837158
Vehicle_17;8347630;1132;10;ede;1.2000000476837158
Vehicle_17;8347630;1133;10;ede;1.2000000476837158
Vehicle_17;8347630;1134;10;eded;1.1400001049041748
Vehicle_17;8347630;1135;10;eded;1.1390001773834229
Vehicle_17;8347630;1136;10;ed;1.1390001773834229
Vehicle_17;8347630;1137;10;ede;1.1390001773834229
Vehicle_17;8347630;1138;10;ede;1.2430000305175781
Vehicle_17;8347630;1139;10;ed;1.2430000305175781
Vehicle_17;8347630;1140;10;ed;1.2430000305175781
Vehicle_17;8347630;1141;10;ede;1.2430000305175781
Vehicle_17;8347630;1142;10;eded;1.2430000305175781
Vehicle_17;8347630;1143;10;ede;1.2769999504089355
Vehicle_17;8347630;1144;10;ede;1.2769999504089355
Vehicle_17;8347630;1145;10;e;1.2769999504089355
Vehicle_17;8347630;1146;10;e;1.2769999504089355
Vehicle_17;8347630;1147;10;ed;1.2769999504089355
Vehicle_17;8347630;1148;10;ede;1.2769999504089355
Vehicle_17;8347630;1149;10;eded;1.2769999504089355
Vehicle_17;8347630;1150;10;edede;1.2769999504089355
Vehicle_17;8347630;1151;10;edede;1.2769999504089355
Vehicle_17;8347630;1152;10;ededed;1.2320001125335693
Vehicle_17;8347630;1153;10;ededede;1.2320001125335693
Vehicle_17;8347630;1154;10;ededede;1.2320001125335693
Vehicle_17;8347630;1155;10;ededede;1.319000005722046
Vehicle_17;8347630;1156;10;ededede;1.319000005722046
Vehicle_17;8347630;1157;10;ededede;1.319000005722046
Vehicle_17;8347630;1158;10;ed;1.319000005722046
Vehicle_17;8347630;1159;10;eded;1.319000005722046
Vehicle_17;8347630;1160;10;ede;1.319000005722046
Vehicle_17;8347630;1161;10;ede;1.319000005722046
Vehicle_17;8347630;1162;10;ede;1.319000005722046
Vehicle_17;8347630;1163;10;ede;1.319000005722046
Vehicle_17;8347630;1164;10;eded;1.0820000171661377
Vehicle_17;8347630;1165;10;ede;1.1410000324249268
Vehicle_17;8347630;1166;10;ede;1.1410000324249268
Vehicle_17;8347630;1167;10;ed;1.1410000324249268
Vehicle_17;8347630;1168;10;e;1.1410000324249268
Vehicle_17;8347630;1169;10;e;1.1590001583099365
Vehicle_17;8347630;1170;10;ed;1.1590001583099365
Vehicle_17;8347630;1171;10;ed;1.1590001583099365
Vehicle_17;8347630;1172;10;e;1.1590001583099365
Vehicle_17;8347630;1173;10;e;1.1590001583099365
Vehicle_17;8347630;1174;10;e;1.1590001583099365
Vehicle_17;8347630;1175;10;e;1.1590001583099365
Vehicle_17;8347630;1176;10;e;1.1590001583099365
Vehicle_17;8347630;1177;10;ed;1.1590001583099365
Vehicle_17;8347630;1178;10;ed;1.116999864578247
Vehicle_17;8347630;1179;10;ed;1.116999864578247
Vehicle_17;8347630;1180;10;ede;1.6640000343322754
Vehicle_17;8347630;1181;10;ed;1.6640000343322754
Vehicle_17;8347630;1182;10;ed;1.6640000343322754
Vehicle_17;8347630;1183;10;ed;1.6640000343322754
Vehicle_17;8347630;1184;10;e;1.6640000343322754
Vehicle_17;8347630;1185;10;e;1.6640000343322754
Vehicle_17;8347630;1186;10;e;1.6640000343322754
Vehicle_17;8347630;1187;10;e;1.6640000343322754
Vehicle_17;8347630;1188;10;e;1.6640000343322754
Vehicle_17;8347630;1189;10;ede;1.3010001182556152
Vehicle_17;8347630;1190;10;ede;1.3010001182556152
Vehicle_17;8347630;1191;10;ede;1.3010001182556152
Vehicle_17;8347630;1192;10;ed;1.3010001182556152
Vehicle_17;8347630;1193;10;e;1.3010001182556152
Vehicle_17;8347630;1194;10;edede;1.3010001182556152
Vehicle_17;8347630;1195;10;ede;1.3010001182556152
Vehicle_17;8347630;1196;10;e;1.3010001182556152
Vehicle_17;8347630;1197;10;e;1.3010001182556152
Vehicle_17;8347630;1198;10;e;1.6990001201629639
Vehicle_17;8347630;1199;10;e;1.6990001201629639
Vehicle_17;8347630;1200;10;e;1.6990001201629639
Vehicle_17;8347630;1201;10;ede;1.6990001201629639
Vehicle_17;8347630;1202;10;ed;1.6990001201629639
Vehicle_17;8347630;1203;10;ed;1.6990001201629639
Vehicle_17;8347630;1204;10;ed;1.6990001201629639
Vehicle_17;8347630;1205;10;edede;1.6990001201629639
Vehicle_17;8347630;1206;10;edede;1.6990001201629639
Vehicle_17;8347630;1207;10;eded;1.2420001029968262
Vehicle_17;8347630;1208;10;ede;1.2420001029968262
Vehicle_17;8347630;1209;10;ede;1.2420001029968262
Vehicle_17;8347630;1210;10;e;1.2420001029968262
Vehicle_17;8347630;1211;10;e;1.2420001029968262
Vehicle_17;8347630;1212;10;e;1.2420001029968262
Vehicle_17;8347630;1213;10;e;1.2420001029968262
Vehicle_17;8347630;1214;10;e;1.0990002155303955
Vehicle_17;8347630;1215;10;ed;1.180999994277954
Vehicle_17;8347630;1216;10;ed;1.180999994277954
Vehicle_17;8347630;1217;10;ede;1.180999994277954
Vehicle_17;8347630;1218;10;ed;1.180999994277954
Vehicle_17;8347630;1219;10;ed;1.180999994277954
Vehicle_17;8347630;1220;10;e;1.180999994277954
